5	6.5	70	70	0.0285756	0.000406768	0	0	0	0	0	0	0	0	
5	7	70	70	0.313574	0.00340163	0	0	0	0	0	0	0	0	
5	7.5	70	70	0.814165	0.00373076	0	0	0	0	0	0	0	0	
5	8	70	70	1.07332	0.00635166	0	0	0	0	0	0	0	0	
5	8.5	70	70	1.02785	0.00201385	0.0923463	0.0169756	0.0925135	0.0169847	0.369058	0.0678944	0.00066149	9.35185e-05	
5	9	70	70	0.405523	0.000944019	0.175223	0.00984632	0.175114	0.00980584	0.685597	0.0390584	0.0150772	0.000365568	
5	9.5	70	70	0.0162048	0.000119452	0.234972	0.00460957	0.234189	0.00456188	0.797267	0.0173057	0.141055	0.00147376	
5	10	70	70	0.000163953	1.18546e-05	0.360437	0.00222195	0.359196	0.00221711	0.967974	0.00696644	0.471293	0.00238716	
5	11	70	70	0	0	0.525942	0.00160165	0.523703	0.00170905	1.1224	0.00382394	0.976888	0.00286026	
5	12	70	70	0	0	0.573702	0	0.584226	0	1.1778	0	1.13806	0	

