5       10      30      30      0.0475168       0.000101674     0.450003        0.000504443     0.450071        0.000503308     1.02049 0.00120926      0.779657        0.000791726     
5       10      50      50      0.00293861      4.44862e-05     0.399365        0.00142362      0.399459        0.001386        0.9859  0.00396369      0.611749        0.00179847      
5       10      70      70      0.000163953     1.18546e-05     0.360437        0.00222195      0.359196        0.00221711      0.967974        0.00696644      0.471293        0.00238716      
#5       10      90      90      3.54007e-06     1.86802e-06     0.323979        0.00531015      0.324524        0.00540288      0.948761        0.0180147       0.348245        0.00418356      
5       10      90      90      3.11952e-06     1.40467e-06     0.322896        0.00439165      0.322959        0.00445883      0.942611        0.0148873       0.349098        0.00337026      
#5       10      110     110     0       0       0.281827        0.00932035      0.281284        0.00904947      0.870766        0.0319571       0.255457        0.00562526      
5       10      110     110     0       0       0.288879        0.00791465      0.288648        0.00779799      0.897935        0.0275498       0.257119        0.00462783      
#5       10      130     130     0       0       0.269407        0.0104054       0.269141        0.0101617       0.89321 0.0377952       0.183886        0.00442766      
5       10      130     130     0       0       0.2734  0.00986728      0.273237        0.00967671      0.907655        0.0360268       0.185618        0.00411254      
#5       10      150     150     0       0       0.230278        0.0173059       0.227341        0.017204        0.787601        0.0650408       0.127638        0.00619073      
#5       10      150     150     0       0       0.230278        0.0173059       0.227341        0.017204        0.787601        0.0650408       0.127638        0.00619073      


#5       10      30      30      0.0475168       0.000101674     0.450003        0.000504443     0.450071        0.000503308     1.02049 0.00120926      0.779657        0.000791726     
#5       10      50      50      0.00293861      4.44862e-05     0.399365        0.00142362      0.399459        0.001386        0.9859  0.00396369      0.611749        0.00179847      
#5       10      70      70      0.000163953     1.18546e-05     0.360437        0.00222195      0.359196        0.00221711      0.967974        0.00696644      0.471293        0.00238716      
#5       10      90      90      4.36469e-06     2.85274e-06     0.322071        0.00697017      0.323875        0.00713958      0.942952        0.0235883       0.34894 0.00550584      
#5       10      110     110     0       0       0.287895        0.0115389       0.2877  0.0113576       0.894332        0.0400185       0.256858        0.00703906      
#5       10      130     130     0       0       0.275853        0.0104841       0.27505 0.0104217       0.915147        0.0383731       0.186658        0.00445185      
#5       10      150     150     0       0       0.245803        0.0199696       0.242138        0.0198372       0.842179        0.0749328       0.133703        0.00705228      


#5       10      30      30      0.0475168       0.000101674     0.450003        0.000504443     0.450071        0.000503308     1.02049 0.00120926      0.779657        0.000791726     
#5       10      50      50      0.00293861      4.44862e-05     0.399365        0.00142362      0.399459        0.001386        0.9859  0.00396369      0.611749        0.00179847      
#5       10      70      70      0.000163953     1.18546e-05     0.360437        0.00222195      0.359196        0.00221711      0.967974        0.00696644      0.471293        0.00238716      
#5       10      90      90      3.88601e-06     3.26706e-06     0.322387        0.00791258      0.324696        0.00794264      0.944365        0.02662 0.349801        0.00623025      
#5       10      110     110     0       0       0.298806        0.0138773       0.298084        0.0135775       0.932424        0.048224        0.261356        0.00826758      
#5       10      130     130     0       0       0.27704 0.0107281       0.276202        0.0106878       0.918497        0.0392253       0.187987        0.00464973      
#5       10      150     150     0       0       0.249423        0.0235428       0.246842        0.0235281       0.865704        0.0891379       0.126825        0.00769361      

#5	10	30	30	0.0475168	0.000101674	0.450003	0.000504443	0.450071	0.000503308	1.02049	0.00120926	0.779657	0.000791726	
#5	10	50	50	0.00293861	4.44862e-05	0.399365	0.00142362	0.399459	0.001386	0.9859	0.00396369	0.611749	0.00179847	
#5	10	70	70	0.000163953	1.18546e-05	0.360437	0.00222195	0.359196	0.00221711	0.967974	0.00696644	0.471293	0.00238716	
#5	10	90	90	5.83942e-06	4.9234e-06	0.322078	0.0103388	0.324482	0.0102308	0.945833	0.034869	0.347289	0.00762018	
#5	10	110	110	0	0	0.303379	0.0149117	0.304319	0.0146789	0.957494	0.0533527	0.257902	0.00865809	
#5	10	130	130	0	0	0.279732	0.0112446	0.279437	0.0111802	0.930278	0.0410872	0.188062	0.00479163	
#5	10	150	150	0	0	0.247992	0.0252571	0.246175	0.0250391	0.871858	0.0964756	0.116477	0.00810532	

