5	6.5	30	30	0.304332	0.00858727	0.005089	0.00388904	0.00509349	0.00388946	0.0203474	0.015554	1.75362e-05	4.88907e-06	
5	7	30	30	0.703038	0.00420826	6.13108e-05	2.77992e-05	0.000163848	7.23679e-05	0.000225159	7.86622e-05	0.000225159	7.86622e-05	
5	7.5	30	30	1.00665	0.0031304	0.0318887	0.00700608	0.0318409	0.00699382	0.125068	0.0278634	0.00239172	0.000226038	
5	8	30	30	1.14093	0.000639413	0.100535	0.00294672	0.100527	0.00294344	0.384218	0.0116178	0.0179054	0.000243692	
5	8.5	30	30	1.0884	0.000578266	0.151518	0.00176831	0.15152	0.00176756	0.532612	0.00675671	0.0734634	0.000463498	
5	9	30	30	0.763741	0.00278988	0.246456	0.00643453	0.245666	0.00612523	0.752222	0.0220731	0.232022	0.0036855	
5	9.5	30	30	0.267012	0.000299841	0.354731	0.000703022	0.355235	0.000665789	0.908438	0.00212778	0.511496	0.000755328	
5	10	30	30	0.0475168	0.000101674	0.450003	0.000504443	0.450071	0.000503308	1.02049	0.00120926	0.779657	0.000791726	
5	11	30	30	0.000910335	1.63911e-05	0.550696	0.000376698	0.550937	0.000368942	1.13991	0.000742904	1.06335	0.000765954	
5	12	30	30	2.35274e-05	2.91962e-06	0.592156	0.00030109	0.591563	0.000323286	1.19691	0.000621464	1.17053	0.000652454	

