5	6.5	50	50	0.084626	0.00179115	0	0	0	0	0	0	0	0	
5	7	50	50	0.477069	0.00245356	0	0	2.56437e-07	2.5699e-07	2.56437e-07	2.5699e-07	2.56437e-07	2.5699e-07	
5	7.5	50	50	0.911341	0.00679971	0.0319054	0.0143249	0.0319067	0.0143249	0.127603	0.0572998	2.13865e-05	8.7476e-06	
5	8	50	50	1.10275	0.00434576	0.00596943	0.0046752	0.00584862	0.00473539	0.0229185	0.0187437	0.000341463	0.000215928	
5	8.5	50	50	1.05416	0.000980048	0.134347	0.00948775	0.134736	0.00948048	0.530419	0.0377713	0.00774727	0.000254968	
5	9	50	50	0.565642	0.00139469	0.178315	0.00683072	0.179132	0.00688938	0.654216	0.0267403	0.0606785	0.00117134	
5	9.5	50	50	0.0693159	0.000228859	0.282347	0.00215836	0.283759	0.00204733	0.853162	0.00738154	0.27905	0.00135608	
5	10	50	50	0.00293861	4.44862e-05	0.399365	0.00142362	0.399459	0.001386	0.9859	0.00396369	0.611749	0.00179847	
5	11	50	50	6.64943e-07	4.9581e-07	0.534905	0.000832629	0.534943	0.000830939	1.12828	0.00183481	1.01141	0.00145916	
5	12	50	50	0	0	0.586348	0.000726078	0.587058	0.000752362	1.19374	0.00143852	1.15308	0.00131757	

