0.0 0.0 0.0 0.0 0.0 0.0 0.0 0.0 0.0 0.0 0.0 0.0 0.0
1.0 0.2929162 0.00756493349389 0.0 0.0 0.0 0.0 0.0526713 0.00147385610678 0.0 0.0 0.2934084 0.00756514018841
2.0 0.2220085 0.00572537280961 0.008759758 0.000229045516621 0.0 0.0 0.04858084 0.00131668251683 0.008765668 0.000229225388166 0.22230065 0.00572797592339
3.0 0.128412325 0.00330920708595 0.0175323275 0.000453102168461 0.00215852025 6.00075471861e-05 0.0383685125 0.0010123129735 0.017560695 0.000453016594576 0.128304225 0.00330228336048
4.0 0.0764815825 0.00196881410683 0.0223654025 0.000576321287948 0.0061495565 0.000163431084267 0.032427265 0.000844980898172 0.02233959 0.000574697980189 0.07662903 0.00197387135008
5.0 0.04956448 0.00127566597761 0.0245779225 0.000632463438251 0.0102150795 0.000267376423955 0.0293258675 0.000757579046162 0.024597465 0.000633599307351 0.049446335 0.00127346098417
6.0 0.0342914 0.000882892430398 0.0253932725 0.000653016917625 0.0135547275 0.000353718433818 0.027368635 0.000705374097186 0.0254165225 0.000653588593474 0.0342387925 0.000881193521801
7.0 0.0250650425 0.00064565146348 0.0257828075 0.000663242186626 0.015996665 0.00041604449672 0.026217095 0.000674916100436 0.02577311 0.00066344310735 0.024981375 0.000643418826398
8.0 0.01908871 0.000494166885062 0.02567087 0.00066063708701 0.0178811 0.000465933127685 0.025232695 0.000649961211258 0.0257242775 0.000662260739016 0.019034795 0.000491364117272
9.0 0.014969895 0.000389726664372 0.025555515 0.000658025522969 0.0191978 0.000501605638221 0.024445465 0.000629170802587 0.025491665 0.000655767846835 0.0149172225 0.000385802086094
10.0 0.0120452425 0.000314664286427 0.025199285 0.000648749675802 0.0201153125 0.000523928842744 0.023730865 0.000610324312344 0.0251914575 0.000648128133738 0.01199492 0.000311015504523
11.0 0.0099433755 0.000262949589097 0.0248187275 0.000638205186471 0.02075905 0.000539546558719 0.023167955 0.000597011706226 0.0248586075 0.000639941817982 0.009886765 0.000259303524564
12.0 0.008385905 0.000226900543545 0.0243159625 0.00062621411874 0.02116925 0.000548149483917 0.0226432025 0.000583080120231 0.02441022 0.000628568076451 0.008367202 0.000223259971913
13.0 0.007175784 0.00019731513854 0.0241066625 0.00062002688375 0.02140213 0.00055771710386 0.02222894 0.000571889543417 0.024115245 0.000621153547586 0.0070742915 0.000194873764585
14.0 0.0061721655 0.000174720479779 0.0236729375 0.000609590166788 0.0216039875 0.000561972388616 0.02164371 0.0005580470382 0.023679 0.000608949331594 0.006184762 0.000170922893498
15.0 0.005450984 0.00015615140489 0.0231587175 0.000596344856938 0.0217123325 0.000564052774154 0.0211694275 0.000546820570674 0.023287785 0.000599368834655 0.0053713955 0.000152017796695
16.0 0.00481464525 0.000142297103347 0.0229067875 0.00059031959356 0.02170066 0.000562347059742 0.020713165 0.000533588410171 0.022908285 0.000589725705791 0.0047810455 0.000141130276669
17.0 0.00434679575 0.000132270403769 0.0224314525 0.000577334574475 0.021637025 0.0005610444583 0.020308885 0.000522801499585 0.0225357975 0.000580438952051 0.00430372825 0.00012900688924
18.0 0.00389242275 0.000120005201626 0.0221412375 0.000569916024872 0.021504885 0.000555941788291 0.0197797625 0.000509474677445 0.02213622 0.000569443039352 0.00390799675 0.000119282605683
19.0 0.00354628825 0.000114403665395 0.02161341 0.000555476355053 0.02150677 0.00055663723235 0.01930195 0.000497069189749 0.021621545 0.000557193828218 0.003578637 0.000114294106967
20.0 0.00329077125 0.000107184435725 0.0212456825 0.00054627303852 0.0213016225 0.000549586993948 0.0189185375 0.0004885323392 0.02115692 0.000544731108276 0.003290549 0.000109814943689
21.0 0.00303209075 0.000100697512434 0.020758265 0.000533971977916 0.021165395 0.00054701393204 0.018404365 0.000474354759533 0.020846905 0.000537128443658 0.00304043025 0.000100670592227
22.0 0.00281959675 9.57852076238e-05 0.0203660975 0.000524478555164 0.0208657325 0.000537656294621 0.018037895 0.000465357898619 0.0203208975 0.000524009730293 0.00282786625 9.79406965763e-05
23.0 0.00261592425 9.29342472237e-05 0.0199864725 0.000515369409371 0.020648 0.000532488059551 0.0175939475 0.000455691644013 0.0199243375 0.000514018429901 0.0026368195 9.14268889296e-05
24.0 0.002466921 8.72363785016e-05 0.0195600325 0.000504059564581 0.0203823075 0.000527517315688 0.01716665 0.000443443011125 0.019682055 0.000507126241932 0.00246060625 8.67289471806e-05
25.0 0.00233062675 8.31057291103e-05 0.0191560075 0.000493619845531 0.02016189 0.000519674797088 0.0167448875 0.000433257015141 0.0191701 0.000493922704648 0.00231133575 8.9135406643e-05
26.0 0.00219501975 8.1209022018e-05 0.01875898 0.000484284775742 0.01998001 0.000516447594417 0.0162911675 0.000420504538382 0.0187437425 0.000482143251719 0.00216219075 7.95212985737e-05
27.0 0.00204553 7.96212427113e-05 0.0183993425 0.000473566793679 0.019700975 0.000508118762046 0.0158363275 0.000409505604263 0.0183832875 0.000473936495005 0.00203252875 7.77613456403e-05
28.0 0.001912353 7.78340542652e-05 0.01796392 0.000462378607551 0.0194498675 0.000502710834764 0.0154739625 0.00040071479596 0.017951775 0.000462328599782 0.00190575825 7.68056536847e-05
29.0 0.001829211 7.38715802053e-05 0.0175839675 0.000453828446964 0.01915735 0.000494102788071 0.0149054675 0.000386135209403 0.0175043975 0.000450285029283 0.0018030315 7.76422101138e-05
30.0 0.00170711625 7.05928356871e-05 0.017110135 0.000440886410026 0.01889387 0.000486598635931 0.0146085275 0.000379412204803 0.017125345 0.000441069647343 0.0017115815 7.1740394811e-05
31.0 0.0016294565 6.78936495686e-05 0.016740205 0.000431954854255 0.0186682175 0.000481629741499 0.0142229875 0.000369765345015 0.016672025 0.000429502671117 0.00163856575 7.05063983411e-05
32.0 0.00152952975 6.69191933397e-05 0.0163543525 0.000421262829295 0.01834673 0.000473374037143 0.013746675 0.000358065369099 0.016256265 0.000418777678634 0.0015173326 6.42566539954e-05
33.0 0.00144940025 6.5013761523e-05 0.015956955 0.000411988178757 0.0180348475 0.000465388089552 0.013307535 0.000346338231109 0.015869155 0.000408826387341 0.00141514555 6.08557566814e-05
34.0 0.0013779228 6.18621542074e-05 0.01544515 0.000398336361457 0.0177091 0.000457419367618 0.0129522325 0.000335968377011 0.0154698175 0.000398345639294 0.0013381144 6.02923053776e-05
35.0 0.001255869925 5.54465408451e-05 0.0150774925 0.000388150772506 0.01741845 0.000450128039833 0.01254744 0.000325380926954 0.01509629 0.000388790050617 0.001266561625 6.02779069557e-05
36.0 0.001192887925 5.60307285959e-05 0.01468503 0.000379270518117 0.01705395 0.000439824288065 0.0121167675 0.000314717832889 0.0146534625 0.000378153024932 0.00116306995 5.25675617467e-05
37.0 0.00111913825 5.46637219981e-05 0.0142865375 0.000368087136783 0.0167567425 0.000432220269667 0.0117145325 0.00030539935386 0.01424013 0.000367847794823 0.001114790175 5.24230855351e-05
38.0 0.001038785075 4.87184122207e-05 0.0138616675 0.000357131135909 0.01648031 0.000425442511646 0.0112800425 0.00029297161742 0.013868975 0.000357648945909 0.0010255018 4.8462325523e-05
39.0 0.00094230465 4.78095148224e-05 0.0134761725 0.000347256264864 0.01608814 0.000416924042209 0.0108326125 0.00028301151472 0.013475495 0.000347784531142 0.00097672535 4.61000494891e-05
40.0 0.00091570035 4.50333635335e-05 0.0129271825 0.000332990891515 0.01575009 0.000408348970085 0.0105154775 0.000274408847144 0.013008115 0.000335764431817 0.000888094725 4.3673783739e-05
41.0 0.000825375375 4.13297557155e-05 0.0125771525 0.000325310348172 0.015391815 0.000399289814057 0.01016623 0.000267200814977 0.0125667075 0.000325383687565 0.0008281662 4.12294760454e-05
42.0 0.0007749516 4.10774217707e-05 0.012199095 0.000315860578764 0.014977975 0.00038964521793 0.009727625 0.000253810451774 0.012189225 0.000315021375908 0.000759899875 3.74153065864e-05
43.0 0.000695906875 3.64346731745e-05 0.011782175 0.000304653318728 0.01459941 0.000378433087179 0.00937241075 0.00024515312588 0.011750345 0.000304801138238 0.0006977706 3.51542391548e-05
44.0 0.00063346965 3.44133001747e-05 0.0114140575 0.000295129057947 0.014215365 0.000369943168375 0.00897308675 0.000234781688938 0.0113884725 0.000294014382824 0.0006494765 3.4456259128e-05
45.0 0.00059721785 3.3291473777e-05 0.011024385 0.00028465560047 0.0138597125 0.000360533651888 0.008577239 0.00022543522821 0.0110035 0.000283636723713 0.000583261575 3.18751463973e-05
46.0 0.0005450702 3.07313808725e-05 0.0105700825 0.000273237726702 0.01344217 0.000350324755784 0.0081450855 0.000212857613363 0.01059163 0.000273186482875 0.000537809575 2.79709189265e-05
47.0 0.000494025225 2.78131213183e-05 0.0101458365 0.000263005516431 0.01309468 0.000344205840718 0.007820121 0.000204488378258 0.0101451925 0.000261456807714 0.000482530475 2.43968101288e-05
48.0 0.000440921325 2.51824914862e-05 0.0097466055 0.000252828349977 0.01271573 0.000333379362839 0.00749396975 0.000195951301292 0.00972194625 0.000251670893738 0.000448423275 2.34894465127e-05
49.0 0.00039602185 2.20916945904e-05 0.009340773 0.000242444908846 0.01220464 0.000318716859792 0.007066387 0.000184849165452 0.0093451805 0.000242313665326 0.000398764625 2.17560246235e-05
50.0 0.0003559504 2.07924670255e-05 0.008968406 0.000233715243946 0.0118502175 0.000311283282 0.0067280705 0.000177024658645 0.00898725275 0.000232947831013 0.00035961895 2.00894815542e-05
51.0 0.00030617445 1.80335261585e-05 0.0085727885 0.000224532027741 0.0114085425 0.000301236549352 0.00635681625 0.000166594659233 0.00855379175 0.000222172814889 0.000312537775 1.67796023953e-05
52.0 0.000272588025 1.71495018287e-05 0.00812899675 0.000210954696062 0.0110090875 0.000290260794189 0.00596358475 0.000156011602423 0.0081372185 0.000212049570775 0.00027879685 1.50883696337e-05
53.0 0.000235722975 1.31470099819e-05 0.00772323875 0.000200867607098 0.01050554675 0.000278626387272 0.0055889905 0.000146301492814 0.0077263205 0.000200228828148 0.00023550529 1.3223757598e-05
54.0 0.0002089657375 1.16731710796e-05 0.00727828225 0.000189538066742 0.010104934 0.000267473719298 0.0052758585 0.000139817256012 0.007243699 0.000188560862411 0.00020908436 1.31341056303e-05
55.0 0.0001783722075 1.26082417761e-05 0.0069000425 0.000179271536112 0.00964802075 0.000255587221215 0.00490608 0.000130087040931 0.00692607175 0.000180537087446 0.00018130893 1.11172007206e-05
56.0 0.0001526679875 9.70440885004e-06 0.0064904445 0.000168925108688 0.0091329575 0.000242987028158 0.004540554 0.000121538724188 0.00649435575 0.000169706718081 0.00015298961 9.68766381633e-06
57.0 0.0001239613 7.61190391055e-06 0.00610969 0.000160757421057 0.0087007515 0.000230517749257 0.0042379535 0.000112987965212 0.00605926 0.000159065816551 0.0001303693975 9.34247437856e-06
58.0 0.000108592815 7.62208596817e-06 0.00566814425 0.000149050738295 0.0081866705 0.000215909393552 0.0039019145 0.000103300886294 0.0056858035 0.000150161321839 0.00011593848 7.982043978e-06
59.0 9.3653415e-05 7.2491805958e-06 0.00533828625 0.000139605260516 0.00770600175 0.000203498073882 0.00355877025 9.42564787887e-05 0.005293518 0.000138270786346 8.787564e-05 6.74147317708e-06
60.0 7.183454e-05 6.1444478306e-06 0.00489010325 0.000128543559709 0.0072492845 0.000192086228582 0.00322837775 8.57108228487e-05 0.004882906 0.000128177098047 7.89627975e-05 6.0448674746e-06
61.0 5.834583e-05 4.57265841344e-06 0.00449903475 0.000119108871269 0.00678206625 0.000180738298812 0.0028696105 7.8214295407e-05 0.00451588575 0.000118477238566 5.966586875e-05 4.60750755495e-06
62.0 4.6162185e-05 3.59564373283e-06 0.0040697405 0.000107101251912 0.00628408525 0.000167724975457 0.0025934575 7.15160580217e-05 0.00408884225 0.000107578327121 5.054338275e-05 4.28296844275e-06
63.0 3.65853165e-05 3.12998075035e-06 0.00372660875 9.85957388923e-05 0.00578937875 0.00015470065695 0.0022748575 6.14845910014e-05 0.00373685625 9.90797206738e-05 4.0750346e-05 3.40160622112e-06
64.0 2.66863535e-05 3.04338744709e-06 0.0033490585 9.00191766817e-05 0.0053423495 0.000142557205686 0.00199592225 5.32965434169e-05 0.00336427625 8.97726919094e-05 2.9161567e-05 2.85716357006e-06
65.0 1.86700005e-05 1.94791279329e-06 0.00295213925 7.8278609068e-05 0.00483023025 0.000129067764681 0.00170341825 4.64035873156e-05 0.00297299075 7.81253051164e-05 1.8730925e-05 1.82566486752e-06
66.0 1.4107919e-05 1.81346443653e-06 0.002617084 6.97037971428e-05 0.0043724645 0.000116682037765 0.00142779775 3.96531310716e-05 0.00260954175 7.01676846478e-05 1.401434825e-05 1.94286751216e-06
67.0 9.2740065e-06 1.22964306425e-06 0.00222854725 5.96477597157e-05 0.003922038 0.000105376919765 0.00118551475 3.22340195231e-05 0.0022199665 5.93388854125e-05 7.7532605e-06 1.01885327376e-06
68.0 5.1830625e-06 9.91779952436e-07 0.001890913 4.99014265047e-05 0.003421144 9.19446652897e-05 0.000915227625 2.59727827116e-05 0.00188459775 5.11030890801e-05 5.0480325e-06 9.98112693392e-07
69.0 3.24865125e-06 6.27930634084e-07 0.00154740075 4.17386120894e-05 0.0029373435 7.95973935894e-05 0.000702242575 2.02296852314e-05 0.0015590045 4.21751501326e-05 3.9577885e-06 6.48509831063e-07
70.0 1.2046015e-06 3.78084971868e-07 0.00122139375 3.30509425943e-05 0.00249314525 6.66594650819e-05 0.00049961145 1.4501171922e-05 0.0012158155 3.3659651917e-05 2.15385725e-06 5.62395870323e-07
71.0 8.3377075e-07 3.06326401428e-07 0.00091913275 2.5896461069e-05 0.00204999675 5.58319196067e-05 0.000336759025 1.00672977728e-05 0.0009098547 2.52326596291e-05 7.4042175e-07 2.57916318867e-07
72.0 4.2450625e-07 2.03977116827e-07 0.000660204225 1.95935986686e-05 0.00161964525 4.3425601314e-05 0.000198032075 7.1155221818e-06 0.000651221875 1.81305012719e-05 1.7971425e-07 1.25451720513e-07
73.0 1.0673275e-07 1.0673275e-07 0.00042481525 1.22357853982e-05 0.00120994225 3.36056929138e-05 9.48295825e-05 4.04900367422e-06 0.000418117425 1.28501195654e-05 1.014735e-07 1.014735e-07
74.0 0.0 0.0 0.000225819575 7.3988199065e-06 0.00085492675 2.42195106213e-05 2.7048586e-05 1.9915585358e-06 0.00023158495 7.8732291137e-06 0.0 0.0
75.0 0.0 0.0 8.26630175e-05 3.72361963344e-06 0.000518404025 1.56049540094e-05 2.9754715e-06 5.59447134642e-07 7.971918e-05 3.70870939073e-06 0.0 0.0
76.0 0.0 0.0 1.326571475e-05 1.28303703538e-06 0.0002311708 7.91599431006e-06 0.0 0.0 1.580128575e-05 1.30444967102e-06 0.0 0.0
77.0 0.0 0.0 7.024305e-07 2.76805874938e-07 5.5029715e-05 2.95419078229e-06 0.0 0.0 8.449835e-07 2.71554614925e-07 0.0 0.0
78.0 0.0 0.0 2.080905e-07 2.080905e-07 3.81602725e-06 6.44610579418e-07 0.0 0.0 0.0 0.0 0.0 0.0
79.0 0.0 0.0 0.0 0.0 8.63083e-07 3.14986516947e-07 0.0 0.0 0.0 0.0 0.0 0.0

# tau : 0.760530394621 0.00248165976574
