0.4 0.0018354974073281143 4.930969544199644e-06 0.00045469806031162827 4.153996895844192e-06 -412.308968125 1.3993145387265518 0.52571395 0.6758969781360467 0.0019885625 0.0006073987305023755
0.44 0.002808358756797352 9.81403817031679e-06 0.0013505521704258172 1.3318846289504814e-05 -484.9329768183919 1.1604982730066646 0.6702926 0.5636840366991792 0.0037904545454517063 0.0007015585783205955
0.47 0.004261051114272655 1.700724971696544e-05 0.003792134477745796 4.3071335523655044e-05 -545.7076854243618 1.0909525413702663 0.1454621 0.49747651458060715 0.01099138297868525 0.0008997523119261875
0.48 0.005054743596631332 2.0633750164043196e-05 0.005699292144481922 6.18333702560768e-05 -567.6147656256468 1.0637813635120055 1.0904168 0.5075673268547726 0.016786770833349604 0.001092405565524202
0.49 0.006183703477990217 2.510351779678079e-05 0.009178864437735862 0.00010266489294645943 -595.856225613969 0.9387505582881072 0.6236885 0.4311228316470265 0.02549811224472147 0.0010707867838505713
0.5 0.007677592617743796 3.626428159210915e-05 0.014991866665038853 0.00018222681766079764 -623.0126025 0.9268107723267742 0.72811395 0.42043012438671046 0.043275 0.0015717481879907967
0.51 0.010086376186802101 4.232302218998437e-05 0.02697607744799442 0.0002737503328427395 -654.7197213720746 0.8925824970728359 -0.1605736 0.36584609609283564 0.07730127451013791 0.0020266643397442684
0.515 0.011875759692201796 1.3130754236894713e-05 0.03787345320057674 0.00010269737682584328 -674.364054970927 0.18554771562376018 0.5214469502231692 0.08547391904659049 0.10149288378205168 0.000510847430761709
0.516 0.0122701292653837 1.4461154955184176e-05 0.04061672462020238 0.00010975049123632492 -678.0042593152893 0.2147716010822852 0.543261800987811 0.079743495275094 0.10725498398233153 0.000473881935542007
0.517 0.012678523945765408 1.6083060411860795e-05 0.04323625370450075 0.00012471180372573102 -681.6938271189604 0.20694752760904986 0.4881073832963193 0.07590098382797456 0.11349401465778053 0.0005694859363617618
0.518 0.013133789144193338 1.7054665167055977e-05 0.04639032285993075 0.00013140820592535992 -685.7688674391301 0.21350507403503963 0.440321199986358 0.07460914885949928 0.12059597525407201 0.0005893663386842483
0.519 0.013618049534123119 1.705581608173946e-05 0.049768756963245155 0.00013729691693782522 -690.5403489249865 0.2030666038591243 0.6490682512232724 0.08605787605964957 0.13008817305126216 0.0006167406350461555
0.52 0.014093755618840225 1.9086841858395552e-05 0.053269616219498786 0.0001530421294864695 -694.403473874925 0.21196644255274447 0.47165812445292 0.07583273986811268 0.13713929595218705 0.0006378595910658955
0.521 0.014578930825088874 2.62979158788508e-05 0.05681970346676571 0.00022103649746152721 -698.5123275359956 0.32317330002752376 0.4840174256864846 0.11817743175190953 0.14523923362883734 0.0009749143394119843
0.522 0.015175552577493584 2.7418919255495205e-05 0.06119756453403282 0.00022023845090168257 -702.9898186022174 0.31533696317381166 0.449385600057664 0.1190821288841394 0.15563257714709836 0.0010687808267502877
0.53 0.02084396405631282 0.00010691817735470698 0.11020954105271967 0.0011073179250046484 -742.083412643477 0.8901617418625543 1.1694177 0.2864373400347588 0.2612896226555629 0.0037474636378411713
0.54 0.033134132735562385 0.00015485882305484006 0.23639686367458748 0.0019112058163055408 -807.0660852773979 0.85027527011828 0.4947008 0.2213446701556513 0.5024713888965179 0.004534093223795802
0.55 0.05404828736833084 0.0002057041153936528 0.4997889953451164 0.003061038762209076 -897.0503998166721 0.8495438989562611 0.48212615 0.18082238558909974 0.9543432726562442 0.005790165148088783
0.56 0.08163173916926877 0.00027030684241470505 0.8925886983543982 0.004737282280974403 -1007.047320447917 0.8238578792893221 0.4772149 0.13974714372449318 1.564685044587151 0.0077758912182884065
0.57 0.10853410099704597 0.0002747756844848898 1.312531602179019 0.005538502609225122 -1116.1473969284766 0.67842808291584 0.5933528 0.12575670626959798 2.1907799117106705 0.008166001716019852
0.58 0.13482928786467283 0.00030119260211969307 1.7559441722732276 0.0066983835321997864 -1217.1706793960473 0.5780131501439774 0.4449088 0.11215546659018986 2.7573437503272404 0.008754633627076187
0.59 0.15679278078292327 0.0003078490770164006 2.1286989315826172 0.007276904610757516 -1309.3980052536256 0.5031281085068301 0.34511255 0.09586435504210847 3.257710720151778 0.008812164538235431
0.6 0.177602976283828 0.00035775968836784626 2.497928894576235 0.008548302625001055 -1394.625624084622 0.4652467976872658 0.4522954 0.08927488822379288 3.7080326250048987 0.00884362280832694
0.7 0.31000793462501897 0.0006555790775786438 4.813248278408265 0.019259461297951454 -1966.8254605090133 0.3631567464795062 0.49399686409764354 0.10021485086705656 6.596285055010593 0.01914621945382946
0.8 0.3765173484347748 0.0009261159293257489 5.802783637178354 0.025827635778241317 -2264.3774241430883 0.35327190567171585 0.5971198035544161 0.1040645313860666 8.011533735787426 0.025479775802334816
1.0 0.435684498223786 0.0016245866367128646 6.479986591806297 0.041668417702303694 -2529.2531699890856 0.394996410960251 0.47826267418157037 0.15978481656712124 9.35216149728297 0.04111721003621645


