0.1 0.009103008024713578 1.1163988959942015e-05 0.002591795884824224 1.543696377729842e-05 -2.5352375 0.05769382541750422 0.50145385 0.03376568549656653 5.825e-05 5.847529361122533e-05
0.2 0.013543420370132024 2.1028796103923943e-05 0.008976060859765198 5.2367945922890115e-05 -5.547499 0.051893369942480505 0.50503335 0.02963205781310409 0.001085375 0.00028723578915713016
0.3 0.02085480432026283 3.9974969809264864e-05 0.02799955506437234 0.00017061593973765178 -9.1064926665032 0.053035646748766783 0.48407105 0.029764416157733432 0.007341750000002846 0.0005409562072915047
0.4 0.03439003919731309 7.0134661374065e-05 0.09233866331006725 0.0005493712321453995 -13.945227 0.056980773810355115 0.5202464 0.023714737856392026 0.0261388125 0.0008092078314393273
0.44 0.04334311327182728 9.64289804520512e-05 0.1533773285147918 0.0008639711362398292 -16.344291704024577 0.049817021786251955 0.50604705 0.022877589440410556 0.043146988636049884 0.0008212431609946592
0.48 0.05555480740813033 0.00013796265796148588 0.25816745569618493 0.0015492586829028876 -19.154458958349753 0.055059898841012096 0.46857835 0.01957083936406815 0.0712575520837278 0.001119474239883179
0.5 0.06383217747029832 0.00017365179336584961 0.34192570168865577 0.0021292596759207717 -20.8071279 0.05795799994605821 0.50746035 0.021691108617730482 0.094307 0.0012632293893154042
0.512 0.06915798736494576 7.400523156242893e-05 0.3988570447335366 0.0009339660214841433 -21.84260634765625 0.02432956590239188 0.50227411 0.009589439546359508 0.10899361328125 0.0004965111421622164
0.513 0.0697221420564051 7.309149469525496e-05 0.4048493049171689 0.0009196940473228445 -21.923433025281543 0.023348215920511377 0.49898286 0.009990127396909713 0.10924816762706913 0.0005570412981902731
0.514 0.07010490057500145 7.254765441436442e-05 0.4098936341299442 0.0009224687774574498 -21.99503220038643 0.02503756374666884 0.50242385 0.008980846929701332 0.11053674125290848 0.0005612901955774611
0.515 0.07074473903187478 8.162991672913358e-05 0.416982447407676 0.0010699978633452155 -22.140010544795736 0.025493180909184062 0.52080314 0.008909885872413524 0.11250491260988131 0.0005119853916295422
0.516 0.07119676020479128 7.263411252987773e-05 0.4223106945700535 0.0009776348020030102 -22.252669561495672 0.022531806309775297 0.48864299 0.009604947894800204 0.11459214148449015 0.0005137129207772764
0.517 0.07172745094563106 7.308754002980762e-05 0.4271284733575611 0.0009904153977720249 -22.3105221637801 0.025719362387319457 0.50388685 0.009967137853672826 0.11590764022114101 0.0005181802499148146
0.518 0.0721883313160993 7.648191294905394e-05 0.4337552300527382 0.0010258925199767297 -22.38263042870597 0.022907125671960092 0.50918822 0.009151344908858298 0.11722385134648255 0.0004937246836801474
0.519 0.07268327378531364 7.359727854827244e-05 0.43748731876333913 0.001004832342349315 -22.516237441082634 0.02050143826632783 0.50019148 0.00902858907696194 0.11812654140083755 0.0005596421987368472
0.52 0.07318021304465822 7.878737518654531e-05 0.44495911378788816 0.001087362543219886 -22.60275230684244 0.02411645383965091 0.52411464 0.010380047970280108 0.12002903848803344 0.0005951186190450464
0.56 0.09757462716263293 0.00023647878060401514 0.7480487616011016 0.0035700195704104543 -26.83141750005272 0.057756435672878303 0.47538005 0.020137151300539537 0.1949485267822716 0.0014498394366110612
0.6 0.13169782593142432 0.00030648504695965026 1.2329151754848047 0.005367413577385679 -32.14395174999083 0.059950574516691384 0.48112355 0.018105740911698774 0.31633274998956856 0.0019539695612569314
0.7 0.2420446839632418 0.0004779881939329347 3.027132205214053 0.00976916796821256 -47.72603271428805 0.05314800384120523 0.49208805 0.012129758434507865 0.7476529286387857 0.0022707972051931027
0.8 0.3357295706960534 0.0004689742464480624 4.59107358488257 0.011076318023716593 -60.4075301875 0.03788867567915871 0.51321755 0.010488324448173363 1.127810875 0.0023858278796552216
0.9 0.3917109145246124 0.0004992298092063276 5.445949022123079 0.01171984523612778 -68.14071233329504 0.02822147022447866 0.50271895 0.01057481430826025 1.3505481946705193 0.0023617366912413815
1.0 0.42465893921644154 0.000511896318040519 5.842234445487876 0.012130051154322719 -72.70680825 0.022021817782419705 0.5023009 0.010504741217022044 1.486983825 0.002585084510263654
1.2 0.4580223370566435 0.0005364205891698129 6.145401372413184 0.012777830869239287 -77.42271170837616 0.018385930043603636 0.50615405 0.00955178668395841 1.617587916676241 0.0024363629388501782
1.4 0.4743716203901207 0.0005923175579880444 6.225031679482724 0.013762123694739148 -79.47649392854234 0.015718816672830968 0.4976759 0.009055756757023964 1.676388857214006 0.0025621811341218765
1.6 0.48159462841481426 0.0005683198762451197 6.203205686842752 0.013691244970397158 -80.3957964375 0.016418397316132104 0.4830788 0.009885230518021768 1.6986340625 0.0026328306638195376
1.8 0.48468282224192133 0.0005319360913438384 6.14822682016565 0.012313927288465075 -80.86717502775343 0.013644817977351401 0.4846666 0.010368092439651018 1.7102112776737497 0.0026095675831437726
2.0 0.4857580500196887 0.0005731054390590949 6.090526277579316 0.013865614957471723 -81.092751575 0.01186582754614633 0.51184405 0.009695527324326806 1.715609225 0.0024178562235974295



