0.3 0.006662364360021736 1.3973219337632443e-05 0.003426518666269706 2.3928104711944504e-05 -32.79374999997502 0.1689796906861117 0.40581715 0.10293373834291292 0.0018741666666667013 0.0004703798497252108
0.4 0.012337325259335152 3.167310689411842e-05 0.015969561402926286 0.00011436604130581552 -49.817425375 0.19505771941821756 0.3623093 0.08649526567605981 0.0102765625 0.0006689206919284627
0.47 0.022253536590727572 6.983772201276735e-05 0.06264208132813155 0.0004941651875125448 -65.8616419135542 0.16077366052594996 0.4445007 0.07028259885349035 0.042612074467676966 0.0011261002360644136
0.49 0.027645341608226858 8.729811839295323e-05 0.10015931322148472 0.0007560419506744009 -71.69648785832416 0.17255775583469785 0.50248845 0.0736241611271327 0.06648566326660343 0.0011491454702831094
0.5 0.030994730622764026 9.142969905991723e-05 0.1272137156162379 0.0009366983058964044 -74.8915928 0.16028092802772723 0.5497991 0.07483368306774171 0.08293665 0.0013014571593103006
0.512 0.035856090614519436 3.810785023058957e-05 0.16940748619539167 0.0003983610806531297 -79.31534881016046 0.057100492578835316 0.505769287154284 0.020078244590992826 0.10868631355282209 0.0005574511249200686
0.513 0.03630438228947626 3.532252750336076e-05 0.1737975496091517 0.0003836430785680341 -79.66821365478965 0.05330039065487183 0.5185464176108444 0.019203343881069423 0.10949050097012027 0.0005017124267379055
0.514 0.036730404917581734 3.810197392206813e-05 0.17753629462632203 0.0003990344792793462 -80.14368727146699 0.050513427539094304 0.48734542931142605 0.018100659618499132 0.11281181417194269 0.000494996829470905
0.515 0.03723571325647638 3.818783721493917e-05 0.18254582642213438 0.0004025764877271495 -80.4473374695976 0.05227235891761251 0.49834138864733507 0.018214887376865076 0.11426784747313863 0.0005046679636044783
0.516 0.03770679996254731 3.722211862465355e-05 0.1876236868979672 0.0004061962368154132 -80.85081831749291 0.04620627940185542 0.47120293261610774 0.018709655070210825 0.11826998164974573 0.00049695319926907
0.517 0.03820054929387606 3.983856830136828e-05 0.1919004651831051 0.00041880495787101563 -81.28078362738658 0.048292479256897745 0.530769404743885 0.019070055267231906 0.12025597015668592 0.0005386160846305643
0.518 0.038744324374678736 4.086782294899412e-05 0.19694610059037748 0.0004487130497702762 -81.73123305559247 0.05068496020493852 0.512516588967625 0.01830129453520399 0.12453478258427281 0.0005108985066727197
0.519 0.03926456616592253 4.079507769722753e-05 0.20260862033623836 0.0004358935061112258 -82.09171516206779 0.05123293061617657 0.520406048362123 0.01875647611502728 0.1269471165803313 0.0004786282822569867
0.52 0.0397107709798552 4.0014060848275955e-05 0.20673282966561243 0.0004685435776788978 -82.52294833539943 0.050345533205356036 0.4859043702253714 0.020342402594186113 0.13040551646652845 0.0005501802519134745
0.521 0.040196996235221646 5.492295940244917e-05 0.21129558766515835 0.0005853834732784135 -82.8717703464599 0.06693182160783807 0.49265994 0.02807157130619877 0.13228590213602665 0.0006981953725237077
0.522 0.04069744853630178 6.289905735543745e-05 0.21623779535515764 0.0007082458266495959 -83.2137159693386 0.06447932017334095 0.51887599 0.025969107386640673 0.1342109961867192 0.0007729906195859144
0.523 0.041305558553708384 5.9098042444655106e-05 0.2227614385031095 0.0006603618169990113 -83.68775377892746 0.07066457625000902 0.50817614 0.02712469276747866 0.13810970361830893 0.0007259062243811534
0.56 0.07040076315096251 0.0001952943349939238 0.5689898272866822 0.0031470717749630854 -102.84236142856766 0.15876636528966737 0.51070065 0.0475910264220407 0.3274137499837571 0.0024431963297588577
0.6 0.12679254879267166 0.0003215234038385544 1.4110123378267818 0.00616043840372658 -133.01691808341243 0.16548500926291915 0.4375099 0.03909835140815961 0.7421943333759342 0.0032557074740638572
0.7 0.2785161581392733 0.0004690048513116891 4.013212764569779 0.012431427901875342 -207.60105028550478 0.09484732472092146 0.5539834 0.02341070562952149 1.916433214187976 0.004461840031320014
0.8 0.35971411038900053 0.0005783451802026312 5.326236850661854 0.015823263521889678 -248.781633375 0.06446220512680184 0.5222814 0.023535311083173527 2.52950784375 0.005376590241497492


