0.47 0.0012760428340040898 5.3441867645737524e-06 0.0004078756455220447 5.0998964769709755e-06 -2133.8350122374127 4.348563607789524 0.79653645 1.7913778268440157 0.004236808510642645 0.0007812020244058251
0.48 0.0015690590923804456 7.369041684338299e-06 0.0006847359889898434 1.0053306410553927e-05 -2230.2037160430646 3.9994318493093104 -0.38557405 1.7112172901089016 0.005139583333338149 0.0008316144601802026
0.49 0.002004896250949366 9.254493627154565e-06 0.0012513718318359528 1.689269626689758e-05 -2326.3782389775656 3.6783928355340563 1.13399615 1.5606540163824232 0.011178418367310462 0.0011033236417107696
0.5 0.0027274794358486147 1.502173392517997e-05 0.0026217547405581274 4.070891907935063e-05 -2447.173852351389 3.5501465394824585 -0.19060873994155814 1.498788436067596 0.02070729670218151 0.0013092784841207594
0.51 0.004071412293325498 2.3745099334054698e-05 0.006556011436884717 9.854405586123608e-05 -2572.3536249208523 3.013092383762841 2.352814567266676 1.17205698557147 0.050697008116338156 0.0020547905580078417
0.515 0.005284473513948265 1.710191002513084e-05 0.011595900329793244 8.96748878024569e-05 -2644.331529467192 1.498183199275958 -0.025020677659091755 0.5781541713173107 0.08049220871212422 0.0011867915184421592
0.516 0.005573787879004416 1.7027545760674722e-05 0.012974860050480545 8.951684689734006e-05 -2659.4290998506167 1.309899924774769 0.528729596070817 0.48600374608112223 0.0886117025944681 0.0011969678066502335
0.517 0.005908365385872028 1.705430858021799e-05 0.014528220951011415 9.709210952120104e-05 -2675.757878872592 1.2075488128205705 0.6077904578256524 0.40416739503381877 0.10045024180872872 0.0012477376168818272
0.518 0.006298498074038108 1.5088026304407676e-05 0.016556654182359718 8.740504155757617e-05 -2693.341484514884 1.081065397431959 0.22174973559024252 0.357387128043021 0.11183842827961768 0.0009856759011070764
0.519 0.0067504562560115125 1.8144501019182157e-05 0.01908211051738822 0.0001100865344315103 -2711.2918146011107 0.8935017419953083 0.9682114292486981 0.34997337202197754 0.12599455939352264 0.0011840508748605103
0.52 0.007171437624608793 1.5039071115653095e-05 0.021352716163786947 9.50283610157129e-05 -2727.2998948420327 0.8808920934341945 0.6846248480781705 0.29903723444089053 0.14022278886700393 0.0011130285830256586
0.521 0.007718458114739045 2.0171959528317787e-05 0.024737632231595013 0.00013325585371537745 -2747.435521614311 0.9218759444441377 1.3421024874390217 0.3113405323614173 0.15638868297780115 0.0011939352705686045
0.522 0.00831896478980771 2.1789911002026113e-05 0.028437086266005794 0.00015154940503543066 -2767.0098450099104 0.9772517076574304 0.22810693155065206 0.3300621979131892 0.179051068954915 0.0013176157229367682
0.523 0.008930593622147378 1.718280770858962e-05 0.03250844674698865 0.00013004606454035324 -2786.7170071259634 0.736251420983047 0.4499622958304009 0.24037117367641064 0.19998391919793598 0.001130714411202986
0.524 0.009669854051966095 1.903856343029451e-05 0.037560205042472115 0.00014699792525521834 -2808.6969108873145 0.7017915509019677 0.6473361839232 0.22669745710033118 0.22628515734136476 0.0011728056513029526
0.53 0.016598045687308556 8.862940583592241e-05 0.09373564543120419 0.0008702220814367364 -2965.7168125591306 1.9092962807366785 0.9393241689108761 0.5059893758193496 0.5036161275506418 0.005057594728617706
0.54 0.04289617577449366 0.00028116138267346685 0.3847768800911198 0.0038729615037213535 -3394.0137049020386 3.8561542954585866 -0.18549794608584258 0.6321546826080064 1.6684027221241013 0.01613669576290924
0.55 0.076472063342677 0.0004270684145927582 0.8413143153452833 0.008326734103794814 -3892.3586793991262 3.515267065611368 0.02383437512996089 0.6286925156625581 3.089734778669646 0.022933944213607473
0.56 0.10514971601715865 0.0008069603861509167 1.2954670801082553 0.016821229528820595 -4355.378482333958 3.889264663647243 0.815667299009182 0.6970047541488121 4.438968319684619 0.04321495398904347
0.57 0.13119211593760524 0.0007736477188404464 1.7276558802991409 0.01764438921185353 -4765.755883250654 3.4059556819929533 0.21172758859686613 0.5708741394905041 5.577600354690642 0.04540035273486919
0.58 0.1551874607029017 0.0012014508589952286 2.1257824401106147 0.028399184329174765 -5135.000238525362 4.51639944793703 -0.4421224893886613 0.8217129306894368 6.709103370033423 0.07874798348547285








