0.518 0.00200615435745069 6.876269077056699e-06 0.0030626511352168117 2.4355827591348343e-05 -18903.819196764227 5.203244577335082 -0.9668626888467656 1.6225036065832577 0.08280635350439018 0.0011706378661713735
0.5185 0.0021519071715010605 8.734233748820653e-06 0.0035407226044671543 3.123024780562908e-05 -18965.416453625916 4.967606344855699 0.20533305460830825 1.8883890276489848 0.09390118453845529 0.0014764342839658584
0.519 0.0023400336939424686 9.378989796310018e-06 0.004222870153776039 3.679859177250444e-05 -19037.43869660892 4.999781819927909 -1.6377390672738819 1.5107344084860457 0.10834303900044112 0.0015020530587486916
0.5195 0.0025176307845436044 1.0497052038638672e-05 0.004879118192476638 4.285456200236561e-05 -19103.8536971445 5.026699736209195 -1.8677619473351201 1.701554416209623 0.12077926365595204 0.0015354132201132087
0.52 0.0027499400146468204 1.1005386168884029e-05 0.005812824601745722 5.003981528153647e-05 -19172.110734224676 4.997670822302209 0.3935042795557106 1.4446383842220796 0.14543471612498127 0.0019241061455217677
0.5205 0.0029927445211217593 1.3409055382111398e-05 0.006841639548738408 6.499484231044087e-05 -19243.25456017459 4.705396826046825 -0.05055937118195174 1.4919316893039962 0.16201244696901382 0.0019274463849581413
0.521 0.003288511237553301 1.4289572117110478e-05 0.008179067449192291 7.006722975455093e-05 -19327.682422427864 4.577073417065259 2.0967300861245306 1.447663471090047 0.19271187167932677 0.0020027557968235765
0.5215 0.0036347147785623117 1.532159346148506e-05 0.009862828147351413 8.058071271571069e-05 -19412.881977777695 4.697363254466983 -1.2527121714383966 1.3740447742710893 0.22730340391039183 0.00216765973293489
0.522 0.004052589435106995 1.6859699113296482e-05 0.01194916119445105 9.76167392545954e-05 -19498.348091627053 4.254865208718774 0.8025928585200793 1.3435925739453822 0.26837578589339256 0.0024398777734906158
0.5225 0.004495402989157563 1.9591853827766515e-05 0.01431648743098238 0.00011559016468566675 -19587.909363853607 4.902149190714828 0.2594253603524787 1.3947037087987093 0.31155880424366733 0.0030539274465121017
0.523 0.005077218236592443 2.1935631627506282e-05 0.017613159161118677 0.00013570807215351963 -19691.556918677587 4.3230763125673946 -0.853155711119698 1.3448500036656215 0.37050060297886084 0.003338219155137635
0.5235 0.005762868885352271 2.4867435841748523e-05 0.021757211755876436 0.00016197707221726136 -19792.26975185291 4.673687154638681 0.1319619063530813 1.18612341669058 0.4407541500134002 0.003499051088032928
0.524 0.006517523150080416 2.834128963825673e-05 0.026671010591528006 0.00019396636959631203 -19908.78903532926 4.651962708180647 1.0014276221315443 1.1125595904287147 0.5280325310743824 0.004250899711910992
0.5245 0.007504965442187576 3.113743332192468e-05 0.033161664963384276 0.00022171727608071603 -20037.010247246602 4.693005719855467 1.6578460445322878 1.1353966547625716 0.6367098732509178 0.004599857284057276
0.5255 0.009881481449796677 3.9768629840211625e-05 0.0502130753798344 0.00032016578606123175 -20328.68600060064 4.8327639762903685 0.2268894069308553 0.8495660733452023 0.8978358535132906 0.0053335847083484595


