0.518 0.004652097229319448 7.656702307305398e-06 0.010694281592687243 3.949438238425166e-05 -4616.076508077935 0.9688495446641374 0.79527939 0.3429043021088804 0.10523769069010772 0.0006669105915707559
0.5185 0.0048353968604495775 7.190724015460473e-06 0.01156024544171644 3.8468827056000384e-05 -4631.7509825495445 0.8803052214585313 0.74134935 0.31371642983441017 0.112264715463255 0.0006799401461500196
0.519 0.00505407386051586 8.693058789566644e-06 0.012665231332989163 4.438240393254125e-05 -4648.18006086556 0.8786852937397369 0.45332853 0.3204366383603804 0.12219553473891655 0.0007284973479420174
0.5195 0.00526611280485605 9.257901388570675e-06 0.013730561949921031 5.192837747601734e-05 -4662.794395614295 0.9058461900440725 0.44436609375296404 0.32275638477723484 0.1295470095715157 0.0007457564794434268
0.5196 0.005304085597747852 9.287673686487476e-06 0.013901317297065986 5.2051145223216306e-05 -4664.267202278822 0.9883915695390851 0.9673465891449418 0.341541176561093 0.13178335122087528 0.0008065857359155373
0.5198 0.005376310565738387 1.0072222334836093e-05 0.014338365912365692 5.822208381556569e-05 -4670.146625337333 0.9816502911516177 0.4621006815788746 0.34976353535324634 0.13503117561029487 0.0007771179601439622
0.52 0.005506959527060543 9.725787913413615e-06 0.014992722334492021 6.066736921511182e-05 -4679.750446079302 0.9997390145881747 0.15802746037980647 0.3389783705355853 0.14068368648959556 0.0008381020941370398
0.5202 0.005578212534299034 1.1518776160186007e-05 0.01537007405350826 7.028042070707763e-05 -4682.670259441225 1.1384799377891648 0.6799415165140376 0.36332371734429736 0.143256898919714 0.0009972414099012768
0.5204 0.005680671923047945 1.0659637587865795e-05 0.015908174008596735 6.0915272025548444e-05 -4690.944856491757 1.1030177100888257 0.5342011467181547 0.33431223228489065 0.1482481303983154 0.0008683408293649958
0.5205 0.005754525987749289 1.0499000071683335e-05 0.016345500088164152 5.824615816398808e-05 -4694.797261667935 0.9316115210956708 0.4032895721599416 0.3394140514788344 0.1513143621277951 0.0009222800148467107
0.521 0.005991197497451585 1.0418987926076962e-05 0.017612569868585618 5.943711383157359e-05 -4709.526641993171 1.0054229539778425 0.4643832103938553 0.33305326343074526 0.16228144231489192 0.0009700713459195056
0.5215 0.006319885748420031 1.0962834127222146e-05 0.019479314870851677 6.766766627369082e-05 -4729.095757266237 0.9214556880677153 0.568208715 0.2643629763650842 0.17658707813229543 0.0009237867229530511
0.522 0.006626569813945777 1.2471499152636346e-05 0.021352779148196648 8.194248961851324e-05 -4747.54831881768 0.9512314733207362 0.6902720875 0.28758085270837747 0.19107461434789066 0.0009480461726520629
0.5225 0.006953025833673233 1.220894813548675e-05 0.023340619927668373 8.021202643251126e-05 -4765.83454030246 0.8873596794518501 0.5786136675 0.2872056092329768 0.2076103253227518 0.0009018054752440367
0.523 0.007324894664793775 1.3867672327504245e-05 0.025595208890109664 9.366112242556599e-05 -4784.532396093749 0.9717105437415802 0.24960749750000003 0.2686042118148195 0.2240395008148452 0.0010107335432760932
0.5235 0.007716077895025524 1.3237679707517644e-05 0.0281225429010584 9.976097208943761e-05 -4803.970924102497 0.8400994804932278 0.3241277903117121 0.28875596749963706 0.24246510176674615 0.0011665356775244146
0.524 0.008178323558323774 1.9062507663478436e-05 0.03130560867094996 0.00013550206413409077 -4825.1784859296085 1.1028000006097338 0.5246027659848983 0.3049516604656819 0.2647213557682746 0.001325625579906672
0.5245 0.00861701058606266 1.9276000401471008e-05 0.03409903044643907 0.00014407770177200723 -4844.549829685809 0.9845873388564852 0.7141116707001046 0.29779425009334937 0.2862992094327993 0.001340654637115936
0.525 0.009105315018865684 1.652309837590731e-05 0.037632631652093365 0.0001249762766938392 -4865.029762717147 0.8984938046098216 0.9396533241324152 0.31275343649472764 0.3103721786862714 0.001249452695016442




