0.4 0.0038149073001666526 1.020421918562615e-05 0.0018401538713902475 1.577473295150654e-05 -187.50516825 0.6477856006707049 0.3159084 0.32659442721244625 0.003491625 0.0009502949007035991
0.44 0.005657270959389278 1.7892146578879118e-05 0.004948445403715227 5.479759378822235e-05 -218.5754334090013 0.5949582507735137 0.678031 0.27192190951897854 0.009302784090893652 0.0008115050610328158
0.47 0.00811835431554421 2.9126663326974164e-05 0.01175920170858729 0.00011420082774440957 -247.8364832981805 0.5304896809670209 0.17036965 0.2345327619157733 0.021426063829830273 0.001150942928077996
0.48 0.009518853305376836 3.737481080639685e-05 0.017110905578268706 0.00018077887260760633 -259.1197457295594 0.553162070416081 0.31336115 0.2262653950705998 0.030707239583362186 0.0011019961102599568
0.49 0.011187878374185146 4.189376328040307e-05 0.024151935529261984 0.0002223383790368964 -270.19584398221076 0.5240842517543081 0.2572762 0.21249712244032024 0.04216265306158644 0.0014323248948229614
0.5 0.013273526331014545 5.32466550997337e-05 0.03562694332676116 0.0003548431124924906 -282.2528627 0.502840834830982 0.52908295 0.20453346638096628 0.0605314 0.0014547487852727848
0.51 0.016418653512419258 6.979902977300309e-05 0.05579631370734196 0.0005654928255398436 -297.3825214717113 0.4859565693991231 0.46056215 0.18956852094664117 0.09050897058862796 0.001841014310414814
0.515 0.01842837927035257 1.784171429817178e-05 0.07021559654956248 0.00014936444502322875 -305.20952004164883 0.10707411492126173 0.4632102198020224 0.04524725552041542 0.10941602039089585 0.00046412907394006075
0.516 0.01884457318751897 1.9425175511249835e-05 0.073460134557227 0.0001760535717772753 -306.8476857229857 0.11799855853325789 0.46815650025442074 0.04264587005902939 0.11385950777618534 0.0004959853972191831
0.517 0.019298796723945206 1.742236237338352e-05 0.07685713865553623 0.0001573596085506639 -308.4582199331606 0.10632207571100699 0.5401548255128281 0.039627151836412876 0.1185586384239514 0.0004967453488806068
0.518 0.01979354817139679 2.0243170878762375e-05 0.0810053328908957 0.00018370486589451248 -310.3571905151797 0.1108781278529864 0.46158890639627626 0.0432433985170337 0.12408154089572822 0.0004713319850734679
0.519 0.020297149521882236 1.942878342022104e-05 0.08494056005649633 0.00017724961520459743 -312.221674640725 0.1027704934617482 0.44146254384831063 0.041723990207725575 0.1298919910261884 0.0005469478473180999
0.52 0.020779102587732218 4.083555660476706e-05 0.08909726647245242 0.0003560567925381645 -314.055800634724 0.19929699196385448 0.67717107 0.07702126996600563 0.1350182019547035 0.0010143386534596634
0.521 0.02128164497266227 2.3941068612617764e-05 0.09319269915172894 0.00021740287270217396 -315.7914116372899 0.12915909421294014 0.44485596821294926 0.047379932199615823 0.140526453365588 0.0006574531044019171
0.522 0.021835287406929974 2.704682247076447e-05 0.09775230025335209 0.00026549137853792607 -317.3809039431829 0.1443332959071013 0.4783080865623788 0.0452864199378444 0.14643393062162316 0.0006191300903206293
0.53 0.026941104385553864 0.00010493456109635615 0.14487893983227232 0.0011394377826684163 -333.19910207506166 0.44126244687615745 0.17818415 0.15335009216439419 0.20748957548107932 0.0027172998880163677
0.54 0.036277984229290676 0.00016620972129064246 0.24156960361374194 0.001974661201451345 -357.6316763885091 0.4602693669020072 0.4471931 0.12446455880378879 0.32961175927152525 0.0036795622976616427
0.55 0.04955515126313083 0.00020901932699997263 0.40145387757313267 0.0029351828558369054 -387.6800423638801 0.4333971843873343 0.54581865 0.12045965038533037 0.516891045441417 0.0042709456016772705
0.56 0.06768883611262776 0.00023514208296473738 0.6489271339465155 0.003910003730000307 -423.6677139288676 0.4932886680212684 0.4443706 0.10260033957559428 0.7709281250826481 0.00484807708633197
0.57 0.0901865615726224 0.0002603925043556175 0.9791385127464782 0.004759172783827816 -465.9348618414876 0.45779474359301164 0.67905045 0.0851600372353989 1.1171401751382586 0.005273075811402259
0.58 0.11534812206447706 0.0003121742440265219 1.3733472308633023 0.006401900604164543 -510.33967060236614 0.412563760319985 0.46651495 0.07696584039618651 1.4814132328642777 0.005889434997368647
0.59 0.13880263964976572 0.0003274944411504986 1.7655706642507092 0.0070868155088524626 -553.5083883905298 0.3599918702850939 0.5108094 0.06588371520472265 1.8360730509686467 0.005858044377462655
0.6 0.16046740941580773 0.00033516717931789244 2.1329707073918516 0.008040142659739536 -593.6729444163525 0.3413683446628492 0.3802766 0.06874905841004776 2.164050583353155 0.006130886949169297
0.7 0.30173768820539926 0.0004598506031040212 4.5975688321923265 0.01231330049051061 -864.3965852724266 0.16137029729368263 0.409219650987628 0.048408335530695054 4.253638453918007 0.009015495907939517
0.8 0.3715121781490988 0.0005509245171947862 5.680058053742708 0.015720065852757384 -1003.9928424249072 0.14005358022310738 0.5074289257013493 0.04420762899431676 5.2759822041079305 0.01025651116892606
1.0 0.43412816896062273 0.0007032039044093228 6.405862090834518 0.01804788432554827 -1128.7433365259708 0.12266188745343305 0.4959823866842088 0.054078815496927064 6.172767185651485 0.013886158108830829

