0.4 0.0010768608521069538 3.2357342739274082e-06 0.0001628829194876278 1.6334991170117822e-06 -722.455918 2.436915871696166 3.27116 1.154571803279989 0.0008939375 0.000447743297078814
0.44 0.0016690229882115406 5.8939961697789575e-06 0.0005014953874807077 5.526712092465104e-06 -849.6815902256212 2.229083357061025 -1.2598572 0.954742329343417 0.001976193181817609 0.0007566751647384058
0.47 0.0026315832782292906 1.097867787438244e-05 0.001575961190841752 1.858974762290832e-05 -960.2367434022201 1.9315660661269223 1.21717755 0.9174418384109396 0.007130053191494444 0.000793175718428326
0.48 0.0031463046983696086 1.2741598367896319e-05 0.0024546328265183416 2.6547821396060562e-05 -999.9139920848093 1.684489867117497 0.70759925 0.6489826637686431 0.011939322916633905 0.0011690690896876456
0.49 0.003923896579913632 1.673252659076066e-05 0.004194461977781528 5.26309890246243e-05 -1046.9047826530693 1.6089168010880621 -0.6034956 0.7687185785870462 0.017359438775411594 0.0011151610773097926
0.5 0.005092147857881591 2.5023308554535425e-05 0.007633489763912724 9.270925111572181e-05 -1095.9533697 1.7628066911757176 1.1505262 0.6665824619027335 0.03109285 0.001476447939048478
0.51 0.007048835638796825 3.694984272906659e-05 0.015689915982777622 0.00019794315019845956 -1153.0760347075807 1.495670815339479 -0.1877905 0.5774304625617416 0.06419553921595429 0.0020679710754707816
0.515 0.008534246530313346 2.1309765363526766e-05 0.023476109987126438 0.00013177038677497386 -1187.1285178886678 0.6764928387188787 0.22828809 0.2616596260258098 0.09369133009012924 0.0009896714795564147
0.516 0.008881339382382059 2.270787962231325e-05 0.0256359458772459 0.0001438704875486145 -1193.5025956096063 0.685246122241491 0.5282563 0.2683046265592355 0.10186456396353687 0.0010836750697486924
0.517 0.009313818704273412 2.1798340776843722e-05 0.02801034999414292 0.0001503224425406312 -1201.5996187517921 0.6695871079383497 0.60238979 0.2325460836404798 0.10874623790437614 0.0011235694306512627
0.518 0.009694883277061358 2.3440423361969403e-05 0.03032725915306147 0.00016377764707050302 -1208.0754462831005 0.6520739147630926 0.15273818 0.2209797868241901 0.11761844594106378 0.001058259048940374
0.519 0.01017891073741189 2.5048178399778502e-05 0.03346134485997097 0.00018020779440480527 -1216.1464120271112 0.6508125243051803 0.43528837 0.23408206827049965 0.1266679286813719 0.0011610158857640763
0.52 0.010644111891146479 2.5107403742633075e-05 0.036503511419757655 0.00018925537829604278 -1222.7708254025163 0.6035842319658252 0.41942467 0.23833047733880866 0.13653860580107904 0.001255391645502541
0.521 0.011206692659995214 2.865745230812454e-05 0.040152987019341724 0.0002129152163646172 -1231.214678136412 0.572397387076061 0.59182793 0.22468379972693622 0.15092625723202077 0.0012538879493045317
0.522 0.011703611774505084 3.0763838763371485e-05 0.04374715329373401 0.0002376704335234219 -1238.57754155741 0.6199160609970514 0.43044827 0.211476273452856 0.16209238508800689 0.0013373532699115045
0.53 0.018228824104648527 4.2398009798779724e-05 0.0969087735237781 0.00041927273174633577 -1315.6760682279933 0.5673814545364975 0.36082286 0.19796407340306357 0.32565786778119415 0.001803776145034218
0.54 0.034663686301906846 0.00019522595982907843 0.27008677221959443 0.002460629677339117 -1455.3627399061288 1.5082695305782348 0.1129876 0.3182483966345151 0.7849573147743935 0.006796681532371354
0.55 0.06273943749001662 0.0002488797440431861 0.6335090267493658 0.004178030346300549 -1652.1986877282413 1.2597670744194185 0.48872655 0.20619209018700957 1.603614681856918 0.008338906094808784
0.56 0.0931148585708977 0.00024388951501193206 1.089063309196761 0.005068522423168745 -1860.4532199086555 1.0934970911435713 0.53737065 0.16755603311410716 2.4956616516249697 0.010533649283883279
0.57 0.11980758841023927 0.0002948566300719776 1.5146401945610406 0.00669610889575324 -2050.6698176453165 0.9116754933829807 0.21879283550287756 0.1344878376806212 3.3075754892496714 0.011485357734446587
0.58 0.14456047649521997 0.0003629277968511447 1.9332611585550858 0.0083158684071525 -2225.756957842503 0.8008988231033161 0.579172529787429 0.17379934143298953 4.032968193144885 0.013988248100800604
0.59 0.16644713753949938 0.0004230883109221543 2.3165162927356167 0.010880433727175254 -2382.6548612820816 0.8598336587202408 0.515591933420048 0.17814317294765336 4.655760046508405 0.017280853439325734
0.6 0.18500102169672747 0.0005382386829820716 2.6354313672214893 0.01369177662948062 -2529.0699524736265 0.909202765102775 0.5182366929816753 0.1998462194391197 5.238556326289884 0.02018979187504701


