0 0.822888674473 0.001359443994 0.000389350951193 0.000700730334584
1 0.806280525747 0.00124395200282 -0.000928341492692 0.00150932495794
2 0.80040540709 0.00155710376623 0.00133105269097 0.00149440608733
3 0.798198290601 0.00139439365377 -0.00109938592596 0.00128705552295
4 0.798482766209 0.00126700374781 0.000620923839703 0.00108282210012
5 0.799033451673 0.00118201930252 -0.00049066171574 0.000846259908324
6 0.798920584901 0.00125595366918 -0.000200991658228 0.000724607151128
7 0.798781432166 0.00106106607784 0.000446864358067 0.000772922421973
8 0.797976612377 0.00100526681835 0.000219681442059 0.000889185880462
9 0.797653800766 0.000742366058669 -0.000709833664485 0.000693852760047
10 0.797831606479 0.00075037598001 0.000714837882445 0.000468271940989
11 0.797937282822 0.000592898373966 -0.000697358719996 0.000438960497625
12 0.798267929576 0.000680543707904 0.00120212720846 0.000646832930444
13 0.798263302916 0.000510172325257 -0.00144789656493 0.000842636142986
14 0.797849712369 0.000417657501567 0.000818116322067 0.000835116273848
15 0.797442057429 0.00033031384533 -5.96848523042e-05 0.000732497643701
16 0.797636413205 0.000440517429346 6.61444177449e-05 0.0004815264492
17 0.797860122316 0.000587959322048 -0.000740366339972 0.000597181048013
18 0.797274111919 0.000842502557895 0.00105380783915 0.00103199632404
19 0.797217871184 0.000968844051752 -0.000578864785293 0.00100726838322
20 0.796618289385 0.00091016117242 -1.76187305135e-05 0.000946011432329
21 0.796652027079 0.000923811322372 -8.6572795722e-05 0.000994918871752
22 0.796388901189 0.00112305958033 -2.07184456816e-05 0.000945707223345
23 0.796289025293 0.00120848435116 0.00100044239447 0.0009888072645
24 0.797063524043 0.00136370706379 -0.00187527187077 0.00111555938865
25 0.797275605608 0.00127679880374 0.00196737594458 0.00107852716377
26 0.797210931611 0.00124149716904 -0.00114763253574 0.00117765881334
27 0.799500618845 0.00151958727804 0.0003056861132 0.00144309086971
28 0.805453355873 0.00172361848602 6.63725570873e-05 0.00137268461705
29 0.821345764855 0.00198240090122 -0.00010158386317 0.000626680247561
