0 0 0.809005272399 0.00668366289406 0.4045026362 0.00334183144703
1 0 0.80129058705 0.00804340720213 -0.242552368696 0.00902577885286
2 0 0.796232733443 0.00709894962573 0.133792108467 0.0125389862267
3 0 0.794375751395 0.00545878413589 -0.0673573717285 0.01456482407
4 0 0.796171520714 0.00577855579924 0.0308525683693 0.0142236048122
5 0 0.797771502289 0.00632494816684 -0.012005557424 0.0110387184703
6 0 0.799914694295 0.00476690601212 -0.000366682496419 0.00744790041615
7 0 0.797722299796 0.00451785403631 0.00775144892233 0.00666747012274
8 0 0.796667511567 0.00297897578357 -0.00802574831933 0.00649397069458
9 0 0.792646259148 0.00313369777306 0.0043188441338 0.00614396003783
10 0 0.793193311466 0.00323358302996 -0.00216176934577 0.00773720608236
11 0 0.794863336623 0.0038312934242 0.00319182491987 0.00930012528444
12 0 0.794439680516 0.00386976976316 -0.00414698700314 0.00783628596163
13 0 0.799932043879 0.00425683256146 0.00361097121052 0.00525463697101
14 0 0.803162166319 0.0038683067301 0.000608135205649 0.00499652002148
15 0 0.800447596981 0.00419090544241 -0.00532432061119 0.00697999149572
16 0 0.800469747108 0.00416487980029 0.0085867281073 0.00700334315483
17 0 0.800675952729 0.00501011052037 -0.0107220843072 0.00597747665754
18 0 0.802818840328 0.00443417153978 0.00959643643378 0.00533392899945
19 0 0.801776138863 0.00437235266306 -0.00381482012238 0.00600821356679
20 0 0.800206960835 0.00344098954029 -0.00186646312412 0.00801205076344
21 0 0.801103142916 0.00202697459491 0.00575346828664 0.00889768649017
22 0 0.800162796978 0.00350941313862 -0.00890753699967 0.00827326344546
23 0 0.798715278572 0.00407434668506 0.0065763652352 0.00705588470931
24 0 0.798944112243 0.00564246944992 0.00270546470702 0.00721673365745
25 0 0.796187356283 0.00451257734855 -0.0246668490331 0.00821282157186
26 0 0.800527581137 0.00493348894047 0.0675829533761 0.00819439283678
27 0 0.803578995643 0.00573985399167 -0.139656217227 0.00783988165
28 0 0.805886179345 0.00592028371993 0.252700147433 0.00678730115341
29 0 0.821110649138 0.0058728634466 -0.410555324569 0.0029364317233
0 1 0.818328865151 0.00601138516858 -0.409164432575 0.00300569258429
1 1 0.80371984941 0.00565273178506 0.253197999455 0.00719242676854
2 1 0.796008863425 0.00776424586215 -0.143636536954 0.00887237067501
3 1 0.79209972828 0.00777309381923 0.0733147515849 0.00910978029077
4 1 0.795616535681 0.00757106008619 -0.032798193143 0.00841799150497
5 1 0.795840729341 0.00642158476362 0.00900653184779 0.00734512614039
6 1 0.796903309852 0.00480809989115 0.00594585696285 0.00509645403295
7 1 0.79587498943 0.00531820125714 -0.0116419904915 0.00264085401493
8 1 0.800234334182 0.00567751119383 0.0109643432038 0.00301778300323
9 1 0.804498846409 0.00536395522006 -0.00644640736835 0.00572579471224
10 1 0.807003878196 0.00496955193949 -0.00198326180165 0.00711382305771
11 1 0.801599318143 0.00321942943642 0.00690951621989 0.00733070575856
12 1 0.803589075363 0.00311872389979 -0.00762736801813 0.0076376793576
13 1 0.800741572785 0.00303477779408 0.0075488965885 0.00879654383579
14 1 0.799674859643 0.00225186356337 -0.00602145869351 0.008928263787
15 1 0.800287715059 0.00248353612179 0.00405249020137 0.00804783739642
16 1 0.802279352806 0.00317165554774 -0.0024014705567 0.00786602867183
17 1 0.80067917359 0.00415902409563 0.00182164498911 0.00805800416765
18 1 0.798499677125 0.00447964732606 -0.0010845014565 0.00951233390683
19 1 0.798019024781 0.00583902889041 -0.00122549536545 0.0113712623078
20 1 0.798642669372 0.00580159251305 0.00511171757419 0.0113296106681
21 1 0.795995811838 0.00495939990666 -0.0102256578287 0.00937432806783
22 1 0.793570416052 0.00502145638726 0.0119990783826 0.00679608173355
23 1 0.794417618517 0.00491568352638 -0.00551467502013 0.00579395321078
24 1 0.796311774384 0.00442923331471 -0.0088438618143 0.00662821412839
25 1 0.794598866343 0.00458883256226 0.0324167215936 0.00725126055051
26 1 0.794176007346 0.00520569288353 -0.0746481336476 0.00710595453424
27 1 0.79541914042 0.00642067323106 0.144710819016 0.00718073681723
28 1 0.804027695651 0.00688687227797 -0.254407073597 0.00683832695443
29 1 0.821340301424 0.00624032084721 0.410670150712 0.0031201604236
0 2 0.821596004655 0.00361766874549 0.410798002327 0.00180883437274
1 2 0.803258912609 0.00500485483673 -0.254617570043 0.00454260953392
2 2 0.795344733196 0.00517752438339 0.142499262054 0.0062847097025
3 2 0.79399599559 0.00547338304449 -0.0696034219656 0.00645036288244
4 2 0.796816267714 0.00575993943787 0.0274853997907 0.00658892292896
5 2 0.794692610709 0.00530219619012 -0.00689926162084 0.00733399012577
6 2 0.794727461349 0.00527403255782 -0.00294571767647 0.00859994943771
7 2 0.798388227211 0.00374054565141 0.00765052753569 0.00887998526161
8 2 0.799318294455 0.00264764091614 -0.00759354729086 0.00827379333502
9 2 0.797726747104 0.00301607674806 0.00289259341855 0.007170945137
10 2 0.798739685993 0.00292614090566 0.00243581703912 0.00669543390798
11 2 0.80056870219 0.00283621708954 -0.00347935696589 0.00662038351922
12 2 0.800244135216 0.00312996270453 0.00106864579366 0.00587114299618
13 2 0.800520725733 0.00309582811482 -0.000321866415495 0.00475015323597
14 2 0.803888332377 0.00595529715158 0.00191166316518 0.00475893768984
15 2 0.80449104352 0.00500365972288 -0.00211738201692 0.00534184902948
16 2 0.802457883362 0.00518136792016 -0.00121441937226 0.00544580378434
17 2 0.803667039121 0.00352499633012 0.00474594495947 0.00628646459194
18 2 0.802935571785 0.00330918001962 -0.00281755569598 0.00736888366838
19 2 0.800613493468 0.0026868173177 0.000233847145372 0.00833298285992
20 2 0.797751482422 0.00374404639968 -0.00166349691698 0.00895831785289
21 2 0.794041867961 0.00392589907284 0.00392858443159 0.00810940159735
22 2 0.792958096078 0.00463691647952 -0.00396259172093 0.00656595153729
23 2 0.791789777415 0.00491968026115 -0.00141169404105 0.00462352984811
24 2 0.794229603589 0.00522276032323 0.0142585412955 0.00464803997828
25 2 0.793947970012 0.00445323457082 -0.0374718656033 0.00642675259795
26 2 0.794730618238 0.00430152298605 0.0792399458934 0.0090704047353
27 2 0.79910270226 0.00611178602512 -0.148529373227 0.00954778848177
28 2 0.8054849452 0.00676289697326 0.256485880457 0.00706782105513
29 2 0.821971069468 0.00553107142057 -0.410985534734 0.00276553571028
0 3 0.81575136761 0.00577751890276 -0.407875683805 0.00288875945138
1 3 0.798506583458 0.00628285719268 0.246498000405 0.00685306048929
2 3 0.794718952221 0.00579317493807 -0.129153003405 0.0090800503405
3 3 0.793601662706 0.00369086050344 0.0529775942764 0.00968850792116
4 3 0.793921898827 0.00390301130608 -0.00951559247494 0.00864567202407
5 3 0.795045981156 0.00455312927561 -0.0125682913029 0.00716266862569
6 3 0.795754576405 0.00469360084912 0.0190663263598 0.00715281206719
7 3 0.79287968698 0.00441541145342 -0.0170057938717 0.00750585618022
8 3 0.791450108584 0.00519902683143 0.0118839112538 0.00733173670827
9 3 0.788525909408 0.00427178166729 -0.00559083954495 0.00673883134772
10 3 0.792020914216 0.00342809799796 -0.000590279153711 0.00642134982786
11 3 0.79297534071 0.00300900467095 0.00405905377458 0.00606311037464
12 3 0.790720870502 0.00315297465805 -0.0014509458666 0.00440887646182
13 3 0.789794611358 0.00464832982023 -0.0029081766557 0.00326822292909
14 3 0.792522533412 0.0045529009004 0.00371853200184 0.0035336611959
15 3 0.793215314131 0.00377097254601 -0.0017727631324 0.00329297271302
16 3 0.791056597676 0.00427100977423 0.00239403372276 0.00428640579194
17 3 0.789511036094 0.00388974647204 -0.00585213287932 0.00538279215736
18 3 0.792767603705 0.00351272910914 0.00517742561178 0.00570120551801
19 3 0.794591557215 0.0033744996138 -0.00386109843861 0.00607033320625
20 3 0.796891856267 0.00378012507362 0.00585831286961 0.00647170041189
21 3 0.79953405249 0.00303034334286 -0.00686458309388 0.00689879333856
22 3 0.801984562463 0.00324505358161 0.00621290318601 0.0070199205429
23 3 0.806684546497 0.00444496028982 0.000968316253354 0.00763472601748
24 3 0.808717485412 0.00392493949904 -0.0177413019314 0.00818747989696
25 3 0.809411103402 0.00552362995911 0.0450125730625 0.00770104813808
26 3 0.813784250158 0.00560808137501 -0.092160785458 0.00766153265522
27 3 0.817501110172 0.00604733656645 0.167838466833 0.00848386405905
28 3 0.824713208388 0.00746341229573 -0.277476537785 0.00786925335226
29 3 0.841444718377 0.00679274222273 0.420722359188 0.00339637111136
0 4 0.819974858393 0.00505566810391 0.409987429196 0.00252783405196
1 4 0.804418092257 0.00512251618178 -0.251964438914 0.00645596170003
2 4 0.800479043804 0.00632530914989 0.139675261677 0.00908711336775
3 4 0.798480325576 0.00540277871315 -0.0669818814425 0.00988716379713
4 4 0.798760367081 0.00456566927632 0.0221324344083 0.00870755384364
5 4 0.799497097382 0.00414326380492 0.000884757373131 0.00720275566478
6 4 0.801263422328 0.00508058938625 -0.00789315824613 0.00625560592865
7 4 0.802497284822 0.00558908212717 0.00652900004191 0.0068462637952
8 4 0.801979125849 0.00479488783235 -0.00251622793163 0.0067726643078
9 4 0.800284558161 0.00465787008201 0.00135424044947 0.00601721437626
10 4 0.798598501795 0.00418907140675 -0.00229533696403 0.00553410023091
11 4 0.795244706769 0.00459212486569 0.00227659871429 0.00499865266135
12 4 0.794085010643 0.00495116116066 -0.00280370834426 0.00440819942585
13 4 0.794051187111 0.0037936284583 0.00553995421304 0.00478367762604
14 4 0.792001137808 0.00301947023034 -0.00771057946466 0.0054424014376
15 4 0.796680626208 0.00285324673096 0.00547990426501 0.00564962425102
16 4 0.799217354797 0.00284453461643 -5.10667745416e-06 0.00577645386951
17 4 0.799862642401 0.00304878670111 -0.0055844600151 0.00641022716251
18 4 0.800763968244 0.00388048669367 0.00786001969638 0.00642887121811
19 4 0.799330658602 0.00475331899696 -0.00676100723713 0.00645740477145
20 4 0.801080475205 0.00458650958365 0.00483314883475 0.00740503432053
21 4 0.800334443593 0.00427355312042 -0.00294220559781 0.00876631304798
22 4 0.797133001291 0.0039118376362 0.000150627298494 0.00851895950905
23 4 0.797250377761 0.00313993678194 0.000699325222505 0.00680482251811
24 4 0.79779246194 0.00382596747214 0.00527855316947 0.00643895931552
25 4 0.794668040467 0.00447255968197 -0.023332276036 0.00911563193258
26 4 0.796365128444 0.00594200198071 0.0620612890689 0.0119509655335
27 4 0.796755250795 0.0076883290463 -0.132891454415 0.0122838099027
28 4 0.80010306779 0.00780229112414 0.249463188998 0.00990598756182
29 4 0.821047782682 0.00807986625496 -0.410523891341 0.00403993312748
0 5 0.811915517655 0.00769615773469 -0.405957758828 0.00384807886734
1 5 0.791653712813 0.00878060276398 0.241595394506 0.00866606179777
2 5 0.789506828247 0.00756040089071 -0.127970770598 0.00879920272963
3 5 0.786402260143 0.00644888976916 0.0605791834275 0.007750241507
4 5 0.789193198864 0.00587299172012 -0.0239345441146 0.00598325578324
5 5 0.79113096917 0.00597672461058 0.00578747788191 0.00406494180828
6 5 0.792631523883 0.00529059638061 0.00259859677575 0.00460355814474
7 5 0.793546907504 0.00575349957662 -0.0079005303846 0.00501724045007
8 5 0.792022585358 0.00578134054121 0.013174094618 0.00535693412008
9 5 0.795313383071 0.00667953484308 -0.0161732448073 0.00589911324154
10 5 0.796133149632 0.00595640380145 0.0135366457131 0.00685829159656
11 5 0.797262321794 0.0036912383411 -0.00911766713296 0.00783597203286
12 5 0.801656076772 0.00433713113369 0.00576669742347 0.00845879705452
13 5 0.801558401049 0.00431334842687 -0.00243836013622 0.00839927048687
14 5 0.798157268112 0.00423263240061 0.000885745402607 0.00687818062504
15 5 0.797549499375 0.0044585841223 -0.0024117190057 0.00590704008131
16 5 0.801891065705 0.00477514373359 0.00598529691733 0.00561666140848
17 5 0.8032107955 0.0043496602788 -0.00942127238755 0.00618857770426
18 5 0.802333098225 0.00401602783862 0.0127923604015 0.00536335082524
19 5 0.802831545101 0.00538749147431 -0.0157296971919 0.00372075297957
20 5 0.800126587225 0.00522471197847 0.0143508702892 0.00584799094251
21 5 0.798954232241 0.00589476804999 -0.00950127864383 0.00792263571819
22 5 0.797656890324 0.00616794975551 0.00341948420873 0.00812518033224
23 5 0.803702861799 0.0067790139472 0.00620725941535 0.00855776874446
24 5 0.807865386914 0.00690414124998 -0.0243993727721 0.00903322048906
25 5 0.807600436094 0.00704103526955 0.0517373679193 0.00825359533571
26 5 0.804375332417 0.00694877742592 -0.0913202641022 0.00777278965749
27 5 0.806863240451 0.00661757223976 0.155540961319 0.00843373722573
28 5 0.810731751959 0.0067732409105 -0.260792542415 0.00776992742903
29 5 0.826223172603 0.00678050159369 0.413111586301 0.00339025079685
0 6 0.834908600191 0.00448403286176 0.417454300096 0.00224201643088
1 6 0.815208139533 0.00515839431088 -0.268220275653 0.00558698652771
2 6 0.806668731913 0.00428948823847 0.155996186006 0.00662086013417
3 6 0.805259785001 0.00508092779961 -0.0807872658526 0.00600838196001
4 6 0.804002353644 0.00540995602515 0.0338580905826 0.00524497740909
5 6 0.803533436631 0.00359239242608 -0.00891195259918 0.0059673872299
6 6 0.803583244991 0.00328957129732 -0.000354083864068 0.00755046939447
7 6 0.8034121847 0.00296269146594 0.00164848758957 0.00819415129469
8 6 0.80057400585 0.00324748917987 -0.000141634441448 0.00822456399032
9 6 0.798949529686 0.00339038826081 -0.00262115192259 0.00826804385994
10 6 0.794840612412 0.00366529455841 0.00479691901322 0.00853065285772
11 6 0.792670887116 0.0033219843907 -0.00359911749166 0.00824526405566
12 6 0.798137662956 0.00256798408163 -0.00191828646556 0.00810551043439
13 6 0.79457541687 0.00300829143243 0.00736240567613 0.0082715932115
14 6 0.791900603719 0.00305391264802 -0.00874516217829 0.00794959892858
15 6 0.791699135173 0.00427982081854 0.00835373147796 0.00771094576822
16 6 0.791152367844 0.00394146301391 -0.00501245316643 0.00790197809141
17 6 0.792571233623 0.00225717068065 0.00033130103902 0.00832484428746
18 6 0.795656952072 0.00292870353097 0.000269938333729 0.00755825458184
19 6 0.798152437012 0.00368876086643 0.00294156071569 0.00650285990755
20 6 0.79565090398 0.00366202418872 -0.00597097173466 0.00635589250697
21 6 0.79684378877 0.0026741145726 0.00627356122305 0.00592806259485
22 6 0.798179999763 0.00213825257295 -0.00614840753782 0.00485405057285
23 6 0.796961642181 0.00287360694432 0.00587608993588 0.00448566323054
24 6 0.798536978904 0.00429247066128 -0.000927099296732 0.00515322857949
25 6 0.797633828633 0.0059658965243 -0.0178942495024 0.00665278379394
26 6 0.792316621829 0.00510831455422 0.0613245208183 0.00783856978259
27 6 0.792867665051 0.00691927706048 -0.135216314143 0.0105291011323
28 6 0.799450486976 0.00919035706272 0.247031714832 0.0108834330756
29 6 0.814100762977 0.00954472290024 -0.407050381488 0.00477236145012
0 7 0.829234613956 0.00230000788626 -0.414617306978 0.00115000394313
1 7 0.810264545353 0.0038212454494 0.261301615186 0.0033630007264
2 7 0.80367676835 0.00552147393767 -0.146991408538 0.00508639210294
3 7 0.803498946136 0.00508578415472 0.0733040206694 0.00480940223009
4 7 0.804601832878 0.00614824338844 -0.0306679060614 0.00483681873836
5 7 0.803909313673 0.00605803966383 0.00770923851914 0.00663521022611
6 7 0.800334831344 0.00533471071373 -0.000165440068898 0.00868642412883
7 7 0.796696151812 0.00397072366571 0.00326318274377 0.0102081584934
8 7 0.800615685544 0.00254492263929 -0.0104439106739 0.010088259544
9 7 0.79994439468 0.00453581506157 0.0156111650564 0.00864588947867
10 7 0.799911288487 0.00418827330034 -0.0147683630027 0.00847154839421
11 7 0.800854078725 0.00430921693328 0.00948910898606 0.00913877630094
12 7 0.799540571541 0.00399036265545 -0.00407746333448 0.00966659672051
13 7 0.797762403711 0.0051647743369 0.00115864825837 0.00941926895064
14 7 0.795925410602 0.00354783785187 0.000286062235169 0.00847544492195
15 7 0.801206618902 0.00296168596884 -0.00343236025016 0.00763706400489
16 7 0.800108165233 0.00334898910813 0.00476646525349 0.00741641238183
17 7 0.798348869003 0.00400559510702 -0.00257891313207 0.00676264434316
18 7 0.795749876987 0.00425437370576 0.000847135671222 0.00549685696174
19 7 0.79722536418 0.0034310092548 0.00230702488075 0.00487918342372
20 7 0.795060048062 0.00206225001829 -0.00617629819977 0.00508981459296
21 7 0.793680625288 0.00248895159122 0.00941360643484 0.00698342584411
22 7 0.795281983809 0.003363070094 -0.0131392382992 0.00923677503834
23 7 0.794253653337 0.00470723864887 0.0179162203736 0.00923480102279
24 7 0.79350331452 0.00451371919268 -0.024320739526 0.00788137667559
25 7 0.790971671294 0.00520554640909 0.0385689409995 0.00663048031153
26 7 0.789272389439 0.00569830786383 -0.0719696273736 0.00588559677454
27 7 0.790320262864 0.00478510448198 0.138107766319 0.00576951889254
28 7 0.800543584785 0.00494206769728 -0.249552593901 0.0056446935195
29 7 0.817702735506 0.00545020185737 0.408851367753 0.00272510092868
0 8 0.819635213523 0.00535652774194 0.409817606761 0.00267826387097
1 8 0.80260495753 0.00469982927307 -0.252387675325 0.00649109009347
2 8 0.795606988472 0.00472074816046 0.142425282549 0.00702134829986
3 8 0.795003175724 0.00389497698826 -0.0745866237958 0.00562520564698
4 8 0.799818007364 0.00334744722391 0.0349972603042 0.00442717068278
5 8 0.799953440354 0.0033555611863 -0.0117592325622 0.00482233597941
6 8 0.802735001925 0.00374353363267 0.00114788539444 0.00700837023886
7 8 0.803707311639 0.00315294861141 -0.0011082426536 0.0097204762715
8 8 0.799108523305 0.00466275714835 0.00439859982467 0.0117885504375
9 8 0.796351132883 0.00275444208802 -0.00690204445299 0.0117838212646
10 8 0.798903993172 0.00259385363967 0.00800866895016 0.00994576480665
11 8 0.80000110535 0.0011673551639 -0.0103617612248 0.00814003790909
12 8 0.797928842334 0.00251606455074 0.0133227362969 0.00788150813258
13 8 0.795310263222 0.00315087318139 -0.0130459914538 0.00775592833215
14 8 0.793481815669 0.00223974639378 0.00952301655392 0.00717357384814
15 8 0.793945262997 0.00253099134161 -0.00475619754527 0.0066039810095
16 8 0.79616245223 0.00249187934818 0.00212821911405 0.00518201336758
17 8 0.794579660534 0.00170097352796 -0.0042531740813 0.00428384338799
18 8 0.798700192196 0.00265857775978 0.0094561040111 0.00592174994862
19 8 0.79865939771 0.00290926176362 -0.0110729216107 0.00611598623556
20 8 0.798687413592 0.0026919566138 0.00684485204 0.00312602656295
21 8 0.797971236582 0.00187084396573 -0.00139770989825 0.00279129365785
22 8 0.800457247525 0.00334978398316 -0.00131287928258 0.00344528019125
23 8 0.796274548603 0.00506754842352 -0.000761774000465 0.0052123961524
24 8 0.796792137771 0.00505131351935 0.0111525226613 0.00828693115349
25 8 0.796971528352 0.00572442220074 -0.0344157180351 0.0102780626776
26 8 0.798805830221 0.00570980936454 0.0770054905721 0.00954146570733
27 8 0.802036183076 0.00432880474329 -0.146983561859 0.00801139340743
28 8 0.806157942349 0.00504473127698 0.256701859646 0.00716054691143
29 8 0.823649193798 0.00622988461978 -0.411824596899 0.00311494230989
0 9 0.8181597141 0.00449092951819 -0.40907985705 0.00224546475909
1 9 0.800906044364 0.0041156185335 0.248804411952 0.00539318852424
2 9 0.792811112946 0.00386023090737 -0.133180859409 0.007003820078
3 9 0.790625431611 0.00434106742084 0.0588564244512 0.00817802425174
4 9 0.791597259124 0.00569653180752 -0.0175296483381 0.00864478913283
5 9 0.794561578428 0.00588653926598 0.00180920360903 0.00911924568719
6 9 0.796507413022 0.00402278122205 -0.00237384555237 0.00839921831519
7 9 0.796105655552 0.0050441363202 0.00581905537964 0.00748134330562
8 9 0.795819659491 0.00426640087899 -0.00424187987859 0.00779191116824
9 9 0.795068809271 0.00487917814343 0.00108732886725 0.00809516026551
10 9 0.795250163406 0.00476617494376 0.000763887723941 0.00823246545281
11 9 0.797890166321 0.00606341675915 -0.00134003875551 0.00706814004385
12 9 0.797817841863 0.00523996903412 0.00392129504424 0.00634734006777
13 9 0.798467677842 0.00367740911523 -0.00559590646569 0.00606230546809
14 9 0.795649114522 0.00254180326008 0.00199619265255 0.00668611289419
15 9 0.796018921611 0.00270033779067 0.002857346432 0.00701471414694
16 9 0.794876379599 0.00307161640787 -0.00550786886546 0.0078297538284
17 9 0.796691709072 0.00322446634524 0.00459130281952 0.00909333696875
18 9 0.798777552937 0.0036259249979 -0.00354204362069 0.0105421930211
19 9 0.799832170571 0.00426856393791 0.00463014312367 0.0114941053179
20 9 0.80047486236 0.00449425846849 -0.00664676040733 0.0109831494026
21 9 0.801337293409 0.00394154128975 0.00681891603944 0.00941602743329
22 9 0.805766277684 0.00405306724018 -0.00709719315566 0.00931203030158
23 9 0.804269051873 0.00502006978253 0.0106045865119 0.0102156388989
24 9 0.801415569375 0.00702234926899 -0.0168239490385 0.00972957800708
25 9 0.801252367681 0.00592555219944 0.0355342298242 0.00836889014149
26 9 0.801524080618 0.00458676920537 -0.0770967385077 0.00762063742006
27 9 0.805480505628 0.00501821525504 0.148606009954 0.00715376808476
28 9 0.809476432199 0.00559364174767 -0.259428337099 0.00607589114161
29 9 0.825569183521 0.00534652879104 0.41278459176 0.00267326439552
0 10 0.832829868717 0.00698424783304 0.416414934359 0.00349212391652
1 10 0.817517118529 0.0062401633034 -0.267590213708 0.00775090653232
2 10 0.812119432183 0.00547743461856 0.157278452941 0.00842586525068
3 10 0.806868170005 0.00602511032511 -0.0842067427237 0.00802281781156
4 10 0.80472170976 0.00575812379588 0.0407602637357 0.00763736086789
5 10 0.804819147999 0.00485037894901 -0.0158651365594 0.00762907026924
6 10 0.803930316027 0.0044762273389 0.00106559904231 0.00830641910222
7 10 0.806272536281 0.00479183325482 0.00646368287061 0.0073917936114
8 10 0.803904801647 0.00376193748133 -0.00719418262618 0.00529632255558
9 10 0.799119131004 0.00196604047443 0.00474644750265 0.00369795156681
10 10 0.796588753489 0.00135567513403 -0.000994167827885 0.00549514145955
11 10 0.794053046836 0.00176223400005 -0.0039187711109 0.00765435215249
12 10 0.793814540197 0.00283305396015 0.00672748490794 0.00791737140487
13 10 0.793683667476 0.00218491331237 -0.0083284137619 0.0076189354161
14 10 0.79111248535 0.00210588842807 0.0088050855124 0.00793542233145
15 10 0.79116126339 0.00262406113485 -0.00852050296271 0.00765478125924
16 10 0.789838021794 0.00261911213098 0.00620910034995 0.00642189263661
17 10 0.790250126287 0.00376701261335 -0.00231457761474 0.0074300866602
18 10 0.791831406563 0.00261747579596 -0.00168736357072 0.0102421463959
19 10 0.789458228375 0.00391356639348 0.00438167664877 0.0105442816325
20 10 0.788422897401 0.00426627254308 -0.00492249778516 0.00875444142747
21 10 0.789212254734 0.00466353918704 0.00839371609241 0.0074350026471
22 10 0.791126177725 0.00497995511871 -0.0132853843829 0.00714758048602
23 10 0.789281373035 0.00412975370905 0.00992332510887 0.00702227642755
24 10 0.795787814599 0.00533762318354 0.00311715497489 0.00650235208327
25 10 0.794793590069 0.00530359942684 -0.0263121529015 0.00682195495822
26 10 0.796890369937 0.00547494057797 0.0698514827846 0.0073169484142
27 10 0.801884304433 0.00474409927208 -0.14506978441 0.00696752796743
28 10 0.812415474022 0.00345687509452 0.259217471182 0.00555771434356
29 10 0.826291972134 0.00449148217021 -0.413145986067 0.00224574108511
0 11 0.825077924184 0.00672901720373 -0.412538962092 0.00336450860186
1 11 0.806088354278 0.00474400923863 0.257959925372 0.00678797435675
2 11 0.801319344416 0.00411343453135 -0.145654959564 0.00727895265192
3 11 0.799500930705 0.00450781938214 0.0750051751895 0.00679851635427
4 11 0.797998891491 0.00462426334606 -0.0353221347682 0.00603058824739
5 11 0.800275654496 0.00489837104485 0.0142299467639 0.00611716790686
6 11 0.797252503021 0.0042963838807 -0.00337779596207 0.00481696047966
7 11 0.796721056007 0.0038877234033 -0.00267569109445 0.00435758856767
8 11 0.800021347902 0.0027080259239 0.00471347085767 0.00524798743963
9 11 0.799490684445 0.00182814117519 -0.00360432924551 0.00453433783154
10 11 0.79781292085 0.00258025935763 0.00290374033651 0.00368753660924
11 11 0.795883406686 0.00247479926474 -0.00231160671654 0.00380212309859
12 11 0.799945830368 0.0023205139372 0.00132367088952 0.00452857437421
13 11 0.798359078143 0.00277802729671 -0.00126973273027 0.00536633254304
14 11 0.79824424847 0.00376083379671 0.000253290034101 0.00590820811163
15 11 0.7984869752 0.00297784458573 0.000774968618813 0.00603640581824
16 11 0.800396134281 0.00332240700465 -0.000977960733773 0.00635535242741
17 11 0.799347771312 0.00388445291788 0.00195550192496 0.00692058977773
18 11 0.799698226645 0.00432073567527 -0.0026228273974 0.00804564528131
19 11 0.79748135716 0.00360367261564 0.00386850687827 0.00847786729945
20 11 0.79565488048 0.00324858489625 -0.00566264224903 0.00799863608685
21 11 0.797809565584 0.00331500869202 0.00601332328937 0.0084262889207
22 11 0.798639299312 0.00177702248041 -0.00675351678893 0.00783869877385
23 11 0.797194186688 0.00278574572908 0.00703401889245 0.00779166081243
24 11 0.797099195759 0.00423436107175 -0.00911226627647 0.00772745262107
25 11 0.796476795071 0.0041809598215 0.0243094700212 0.007296259731
26 11 0.794203291621 0.00340028127442 -0.0616437978441 0.0076449169247
27 11 0.796681828351 0.00403975789352 0.132493612565 0.00626191284524
28 11 0.799689787071 0.00370556415108 -0.247884663172 0.00436525168365
29 11 0.817148530002 0.00426517547302 0.408574265001 0.00213258773651
0 12 0.823757013081 0.00458311288918 0.41187850654 0.00229155644459
1 12 0.80466285612 0.00459828861149 -0.256527692405 0.00638231112071
2 12 0.796871988819 0.00444201036866 0.144666914423 0.00949309460663
3 12 0.792155812158 0.00456602875806 -0.0709341461207 0.0102218976169
4 12 0.796059016808 0.00382719788062 0.0273549788051 0.00994779406667
5 12 0.797800228046 0.00377550167583 -0.00868341477862 0.00938929280334
6 12 0.794427395504 0.00471278650576 0.00252277194224 0.00838304490848
7 12 0.798057438506 0.00434908288707 0.00055554143603 0.00676858053963
8 12 0.797894480748 0.00458004505419 7.90906901016e-05 0.00611601833379
9 12 0.801234085535 0.0036952802263 -0.00401447053826 0.00630804921601
10 12 0.803208378002 0.0052872101378 0.00758493442335 0.00646052318083
11 12 0.804764862496 0.00417352314498 -0.00895444941101 0.00590646248264
12 12 0.806478742116 0.00413230783139 0.00689938471744 0.00614836839697
13 12 0.804512299741 0.00336593154538 -0.00445522423316 0.00725421524088
14 12 0.80312520031 0.00307429734223 0.0016750232266 0.0072998586539
15 12 0.801179568416 0.0040813915214 0.00257310834977 0.00663655911385
16 12 0.799159892916 0.00413054484083 -0.00387723800936 0.00700626536747
17 12 0.799920104502 0.00517094140202 0.00252990860397 0.00921203859554
18 12 0.795128222696 0.00377910886837 0.000113621053967 0.0105901660194
19 12 0.795517520613 0.00409632310337 -0.00367055765368 0.0102724941494
20 12 0.796762146112 0.00528818908509 0.00697785259136 0.00865041680324
21 12 0.798921534137 0.0052218626825 -0.00833980171291 0.00650901706521
22 12 0.797680144026 0.00491400497311 0.00902939699527 0.0042531597796
23 12 0.797728007897 0.00439225900825 -0.011164653773 0.00351422336313
24 12 0.796041438296 0.00527338404084 0.0161930914419 0.00401860252216
25 12 0.796088361847 0.005807742524 -0.0318564284619 0.00657480216582
26 12 0.793203420854 0.00635621833484 0.0681795582472 0.00869055220842
27 12 0.79117262615 0.00740580239071 -0.136940384561 0.00913248425609
28 12 0.799563093553 0.00680319308805 0.249066838167 0.00763825123426
29 12 0.816924119994 0.00653591623268 -0.408462059997 0.00326795811634
0 13 0.829038710759 0.00487747880401 -0.41451935538 0.002438739402
1 13 0.808653518074 0.00541191483332 0.261002056932 0.00628278009489
2 13 0.804515455062 0.00635137547417 -0.147270111643 0.00867159839175
3 13 0.797497668082 0.00687509565201 0.0730992330304 0.00902480042042
4 13 0.800359817098 0.00707552287366 -0.0302756826711 0.00788271218359
5 13 0.79944544197 0.00627069207471 0.011200154824 0.0074805398662
6 13 0.796326969278 0.00623918879968 -0.00485139972016 0.00833509604741
7 13 0.795410010722 0.00549543672186 0.000964927511121 0.00763010165332
8 13 0.795870097657 0.00412852874235 0.0023188700661 0.00539057254091
9 13 0.794354537445 0.00418455457986 -0.0024348032726 0.00294725914986
10 13 0.793578297941 0.00427967388043 0.000195250898283 0.00409372992367
11 13 0.79668238295 0.00294868215418 0.00208535545413 0.00549669958856
12 13 0.796403935551 0.00380394706668 -0.0023922146315 0.0057103670824
13 13 0.79794317562 0.00342058807178 0.00101796574542 0.00474518799169
14 13 0.795310329406 0.00176283451114 -0.000223737827373 0.0037092869061
15 13 0.794302417936 0.00207914953277 -0.00158261258187 0.00458048862254
16 13 0.797348108406 0.00214771555977 0.0077069363182 0.00666892691573
17 13 0.796461181338 0.00220222368265 -0.0134695387979 0.00888374749565
18 13 0.797936826248 0.00249254494254 0.014556347799 0.00961635490458
19 13 0.799813678453 0.0018550618096 -0.0139185724353 0.00959369430338
20 13 0.799733237289 0.00328030231183 0.0108673221862 0.0101390943963
21 13 0.799801240523 0.00462755167566 -0.00797970462551 0.00967220228911
22 13 0.799987865716 0.00564671453853 0.00684099249823 0.00818794926668
23 13 0.80028892699 0.00614056252449 -0.002964734913 0.00665247241395
24 13 0.797996838904 0.00727102669201 -0.00669414376581 0.00459804114594
25 13 0.799202384851 0.00774324937835 0.0284644638436 0.00485786265838
26 13 0.79687277735 0.00744444733992 -0.0692759086693 0.00785810046675
27 13 0.796724858588 0.00806845552793 0.138953536735 0.00974808618105
28 13 0.803144840288 0.00779831494126 -0.250918127659 0.00860597569826
29 13 0.818994469505 0.00717383282884 0.409497234753 0.00358691641442
0 14 0.829815941548 0.00777034045271 0.414907970774 0.00388517022635
1 14 0.81173906291 0.00801322632219 -0.262309652 0.00963483951764
2 14 0.806168579894 0.00733566620159 0.146637509224 0.0125322641202
3 14 0.805418257297 0.00720458616352 -0.068809811804 0.0123832364113
4 14 0.802999899891 0.00653395529833 0.0230980058013 0.0103693010128
5 14 0.801232462835 0.00691608881519 -0.00230057204539 0.00789534909315
6 14 0.801630269371 0.00644369659535 -0.00354991575559 0.00583825258403
7 14 0.803390329848 0.00452526352822 0.00523136273445 0.00583340256486
8 14 0.801278745635 0.00254332245905 -0.00762575031824 0.0059723115561
9 14 0.801404207174 0.00288256480441 0.0081649182713 0.00616982189678
10 14 0.80241004901 0.00262539049311 -0.00541058929654 0.00569004066439
11 14 0.800618317741 0.00280619531836 0.00171997691707 0.00371684633202
12 14 0.802245592234 0.00237902996393 0.00200115145717 0.0025598412015
13 14 0.802128482462 0.00245493835055 -0.00234653888811 0.00313775085682
14 14 0.802463993522 0.00232220995595 -0.00164549509029 0.00269735309217
15 14 0.804361501516 0.00268831963388 0.00698831903149 0.00229889466215
16 14 0.805285802994 0.00298065880768 -0.0114591213393 0.00454657038303
17 14 0.806146746615 0.00264858908374 0.0125804510033 0.00667853207985
18 14 0.803099006699 0.00295334727557 -0.0112362562938 0.00780229079724
19 14 0.801534561862 0.0030270718764 0.00938734156922 0.00769374039069
20 14 0.800086168581 0.00456970045679 -0.007000420282 0.00655838269966
21 14 0.79594381841 0.00534031545778 0.00669063482578 0.00514174944798
22 14 0.791087335761 0.00549134964639 -0.00894362759253 0.00341499631238
23 14 0.788380194422 0.00657952124821 0.00905629123107 0.00352235636862
24 14 0.78665392973 0.00698432304555 -0.000844312226296 0.0053205130969
25 14 0.7841749525 0.00653584543843 -0.0174771133923 0.0061448550856
26 14 0.784735271766 0.00704886992616 0.0511509812176 0.0069917736574
27 14 0.782108582006 0.00645920040069 -0.117056189074 0.00907469347918
28 14 0.787130888548 0.00757350892523 0.23256397495 0.00840739680371
29 14 0.804327047217 0.00717831835908 -0.402163523609 0.00358915917954
0 15 0.829720954349 0.00744575849983 -0.414860477174 0.00372287924991
1 15 0.814851200268 0.0086909733161 0.265614876131 0.00920176396566
2 15 0.808473610986 0.0072931968256 -0.157481154375 0.0114083568742
3 15 0.806442368376 0.00677786744194 0.0852454869635 0.01134716751
4 15 0.800224919995 0.00595320506734 -0.0382434204599 0.011201730709
5 15 0.799428901717 0.00587221285231 0.010789034251 0.0117035211716
6 15 0.798650542819 0.00479529825481 -0.000493566189875 0.010625422272
7 15 0.799542912092 0.00534448090118 -0.00368657068473 0.008528907564
8 15 0.799390649076 0.00538590711717 0.00546279390872 0.00650090888887
9 15 0.79479491252 0.00495095708359 -0.00682101753549 0.0051824047689
10 15 0.794019685987 0.00446064423534 0.00943356564056 0.00621851910845
11 15 0.797646585429 0.00378116791451 -0.0104033129793 0.00687134226221
12 15 0.796479123015 0.00409790566462 0.0116666844836 0.00720377627946
13 15 0.79543784444 0.00349757760028 -0.0133279308088 0.00614236580834
14 15 0.796739172992 0.00335034109527 0.0145637268525 0.0055218734053
15 15 0.797810175898 0.00278396369303 -0.0144233540699 0.00609385032499
16 15 0.797590007111 0.00318568435129 0.0144500421865 0.0068188239606
17 15 0.798936504447 0.00525085513027 -0.0145081046493 0.00732442223211
18 15 0.79795141362 0.00443104781573 0.0126799720451 0.00722573393885
19 15 0.796938023287 0.00447520347189 -0.00715038897764 0.00585426368311
20 15 0.798206021073 0.00498150618452 0.00126800234431 0.00381276678266
21 15 0.798544522298 0.00412105876271 -0.00254809952915 0.00232625537746
22 15 0.798883231636 0.00437993724323 0.00706411959876 0.00424716414892
23 15 0.797130769191 0.0035869195805 -0.00673089660779 0.00786298935062
24 15 0.795192883044 0.00331992827712 -0.00369623772388 0.0105425951734
25 15 0.796632985671 0.00303542817443 0.0283755512138 0.0110151274888
26 15 0.794365066709 0.00295450034435 -0.068092115493 0.00999523880373
27 15 0.792559458603 0.00513968927398 0.134068238649 0.00906694708603
28 15 0.796306488198 0.00618351600601 -0.243769979588 0.0073457177207
29 15 0.811109065156 0.00669402691752 0.405554532578 0.00334701345876
0 16 0.812511254499 0.0044261037175 0.40625562725 0.00221305185875
1 16 0.799460198573 0.00387447669494 -0.246927612466 0.00446761515657
2 16 0.792828292635 0.00531537935656 0.139727272965 0.00573156164033
3 16 0.790777974687 0.00586761238337 -0.0716996237015 0.00792152586712
4 16 0.791121579219 0.0058666152716 0.0309225457317 0.00923327820495
5 16 0.793509578685 0.00706404285396 -0.00709210575357 0.00849135689937
6 16 0.791772333711 0.00545830149995 -0.00846481724248 0.00823406268889
7 16 0.790323093831 0.00388371059946 0.0165991561272 0.00935878338816
8 16 0.795621513167 0.00375472225534 -0.0148853177049 0.0100523127015
9 16 0.799107367652 0.00222648980219 0.0100556014624 0.00985505867918
10 16 0.796578392165 0.00247043774633 -0.00705951933648 0.00909087596479
11 16 0.795888839394 0.00327401208251 0.003489592266 0.00887486026534
12 16 0.794961533682 0.00317163990762 -0.000753566726568 0.00866932040206
13 16 0.795719686875 0.00247147043577 0.000586269373058 0.00844544834694
14 16 0.7998728373 0.00208218069626 -5.62106712306e-05 0.00801664967649
15 16 0.798182183647 0.00315959236316 -0.0013993547006 0.00677311049742
16 16 0.802264443474 0.00220666244215 0.00124260710021 0.00559436838949
17 16 0.803348043032 0.00329579610806 -0.00108777741317 0.00459622416936
18 16 0.799306499122 0.00309532710209 8.85147527933e-05 0.00410926856773
19 16 0.797862554686 0.00340557711101 0.00412323305923 0.00390309102361
20 16 0.798538994019 0.00323443796914 -0.0101303382986 0.00611644158612
21 16 0.798822552788 0.00360098306319 0.0113476363232 0.00647292525099
22 16 0.799025559419 0.00367519635383 -0.00681951122133 0.00510862245793
23 16 0.79905437553 0.00514306859536 0.00073312792597 0.00464517106853
24 16 0.800551082973 0.00561975527432 0.00993679983798 0.00433117365831
25 16 0.802526632985 0.00545100727467 -0.0343613236536 0.00410463560224
26 16 0.803997125292 0.00507602890482 0.0806770811955 0.00611905138216
27 16 0.808914611163 0.00490898363921 -0.155728893816 0.00742302823879
28 16 0.815244128789 0.0052708983003 0.26683427584 0.0064184635196
29 16 0.832306737007 0.00546682847242 -0.416153368504 0.00273341423621
0 17 0.827167595676 0.00991654892744 -0.413583797838 0.00495827446372
1 17 0.809441363943 0.0100002645338 0.261012243605 0.0121659944889
2 17 0.801258836316 0.00892414012664 -0.150055918465 0.0134440825482
3 17 0.805483666976 0.00729804068085 0.0793717940715 0.0117964097082
4 17 0.80456161172 0.00630249822839 -0.036321335205 0.00986003150376
5 17 0.808998987409 0.00687324355787 0.0107854098963 0.00828790677798
6 17 0.811151534112 0.00711692153524 -0.000957400247636 0.00661925694866
7 17 0.807751190828 0.00589644094383 8.6891306723e-05 0.00591686191676
8 17 0.810154712455 0.00677553289806 -0.00182248761178 0.006751205157
9 17 0.809629083028 0.00578309312973 0.00466748630531 0.00688050039693
10 17 0.805690286982 0.00552423211673 -0.00797722926009 0.00664128564639
11 17 0.802322801256 0.00514635708794 0.0100817688601 0.00601850933001
12 17 0.798805454128 0.0037908677143 -0.0116055382458 0.00586517462894
13 17 0.798719716389 0.00280422424999 0.0116859049888 0.00659945647098
14 17 0.797760394337 0.00277801902873 -0.00696442141334 0.00717588980628
15 17 0.796617106017 0.00362695675548 0.00196041988452 0.0069002582786
16 17 0.791490528987 0.00306295727665 3.92958802953e-05 0.00613162912462
17 17 0.793236444503 0.00314513277942 0.00029931406272 0.00653309880288
18 17 0.792790634042 0.00314815245307 -0.000525797390024 0.00714448397322
19 17 0.790734789413 0.00251835944265 -0.00120666084788 0.00739272348824
20 17 0.790127074272 0.0037667600926 0.0036510096416 0.00675054631094
21 17 0.795011389816 0.0042438927632 -0.00826534171947 0.00495779257095
22 17 0.788878026456 0.00661613945729 0.0111441141177 0.00407591000575
23 17 0.786347240296 0.00766358307208 -0.0077878131752 0.00714153910955
24 17 0.787635608019 0.00912567046669 -0.0029070457316 0.00890584918375
25 17 0.789410146518 0.0104956763794 0.0230675214274 0.0101772970935
26 17 0.787401900035 0.0111501368911 -0.06215291948 0.012227462483
27 17 0.793165123434 0.0108374998611 0.134074264037 0.0134158150966
28 17 0.800359639216 0.0107347867081 -0.248742288167 0.0118473365248
29 17 0.817897113426 0.0101181980929 0.408948556713 0.00505909904643
0 18 0.812025112211 0.00716318444922 0.406012556105 0.00358159222461
1 18 0.792698475718 0.00582643822629 -0.241802628638 0.00701110786318
2 18 0.788617408582 0.00665288390529 0.128239086918 0.0064169250271
3 18 0.788629665858 0.00640006357839 -0.0587495900294 0.00498458006784
4 18 0.790641791282 0.00539168247276 0.0204448702203 0.00440314442623
5 18 0.792066318267 0.00515958215191 -0.00439293877947 0.00503172893149
6 18 0.794802075471 0.00599647746215 0.00130525921554 0.00576732348179
7 18 0.792333456241 0.00704765380556 -0.00495313621249 0.00514619830649
8 18 0.793517687017 0.00702722004893 0.00664030789629 0.00362111718327
9 18 0.796592067827 0.00472421106089 -0.0068789215745 0.00478452803519
10 18 0.797974382884 0.00533320096265 0.00771501622299 0.00676186175429
11 18 0.798816650794 0.00466791080215 -0.00692122739586 0.0071957391728
12 18 0.798727446297 0.00491881597468 0.00778804899502 0.0064918471414
13 18 0.79908542072 0.00384722579613 -0.0087997873532 0.00565414641235
14 18 0.800011931023 0.00485605937195 0.005684180234 0.00499488068062
15 18 0.799621858387 0.00425399360837 -0.000123472422037 0.00441313967126
16 18 0.797431775558 0.00407778199754 -0.00396968208141 0.0053376828252
17 18 0.795693653522 0.00428571631719 0.00678175517631 0.0063963610752
18 18 0.797660200275 0.00510479886885 -0.008998709361 0.00585769236859
19 18 0.799152662532 0.00571071070819 0.00882264824181 0.00525744839342
20 18 0.797636363897 0.00513324666752 -0.00735320414201 0.00562746445171
21 18 0.798960384703 0.0036163228806 0.0059404097279 0.00632841786897
22 18 0.800250018573 0.00557855585776 -0.000918248431123 0.00641402026528
23 18 0.802344368918 0.00562013424996 -0.00705907292625 0.00647821828192
24 18 0.802572748085 0.00406426736542 0.0177307554056 0.00701335781832
25 18 0.807205595187 0.00477967078812 -0.0394523153788 0.00616759594594
26 18 0.806318302325 0.00550381598174 0.0825070474868 0.00634321543013
27 18 0.810629247307 0.00506997842442 -0.155130191803 0.00749526210657
28 18 0.815863757902 0.00545067601685 0.265950771 0.0065433444718
29 18 0.832119172635 0.0056247586811 -0.416059586318 0.00281237934055
0 19 0.816000424817 0.0083247100612 -0.408000212409 0.0041623550306
1 19 0.803059408496 0.00661241010598 0.248723078255 0.00921724543128
2 19 0.799156981996 0.00738392155243 -0.137047109084 0.00991545604889
3 19 0.799929361208 0.0062202723466 0.0667390943402 0.00738921482868
4 19 0.79903196489 0.00601200389698 -0.0255538744866 0.00525405788931
5 19 0.80072150235 0.0056327023307 0.00263522878761 0.00653974805084
6 19 0.800657703198 0.00434787648631 0.0054530800392 0.00777125707889
7 19 0.799650817387 0.00470702430718 -0.00459075964536 0.0077222286789
8 19 0.79783044762 0.00476917053661 0.00263826009779 0.00649763781868
9 19 0.796207071612 0.00261570619944 -0.00379390555007 0.00696368382085
10 19 0.795153802138 0.00274203589916 0.008611937777 0.008274699822
11 19 0.802030332236 0.0029212851132 -0.0113343792961 0.00869999058816
12 19 0.800819859457 0.00346704813749 0.0111970179458 0.00821712993831
13 19 0.801957468907 0.0034160037291 -0.00974649413546 0.00669842554467
14 19 0.799646587723 0.00490078639901 0.00555499877755 0.00559440799242
15 19 0.798717749163 0.00582711386878 -0.00201044651029 0.00484522290223
16 19 0.800639386253 0.0045396980793 -0.00108571125196 0.00450953234356
17 19 0.801142583863 0.00479107900491 0.00574489704803 0.00573741938877
18 19 0.797260301977 0.0050062009216 -0.00905152315861 0.00637133994689
19 19 0.796877629956 0.00432010255469 0.010927188269 0.0064056362149
20 19 0.791877539232 0.00451970938628 -0.0117039407048 0.00534827801225
21 19 0.794790577256 0.00521637569432 0.00896033355071 0.00550677750894
22 19 0.792754992506 0.00508438999262 -0.00577595832704 0.00682580672866
23 19 0.793547220492 0.00551478710449 0.00767037461521 0.00703975043951
24 19 0.79455878346 0.00486155524315 -0.0177436972533 0.00626423328632
25 19 0.794691188177 0.00419081184576 0.0379706715695 0.00518675987902
26 19 0.796105800175 0.00490834407655 -0.0766332969833 0.00542988340257
27 19 0.800761672183 0.00493260527891 0.146107179076 0.00630146782974
28 19 0.808596018785 0.00416928633216 -0.257774442596 0.00580449346478
29 19 0.825824822487 0.00519211112256 0.412912411244 0.00259605556128
0 20 0.824313458318 0.00698482909881 0.412156729159 0.00349241454941
1 20 0.80383655724 0.00878923522706 -0.258286302831 0.00826664555764
2 20 0.799693510375 0.00797330520863 0.147858196413 0.00979537195393
3 20 0.797942037588 0.00568814199568 -0.0740003940977 0.0090197195506
4 20 0.797103495258 0.0048240135667 0.0276149072119 0.00853710010132
5 20 0.798219836242 0.0049686959765 -0.00384876313397 0.0089081556999
6 20 0.799065011179 0.00558817210575 -0.00586034619408 0.00905780367461
7 20 0.797773275487 0.00519699176301 0.00757525744571 0.00859648005104
8 20 0.792189423421 0.0050733956537 -0.00586438513403 0.00865630726877
9 20 0.791880518031 0.0058100303733 0.00469764733303 0.00882530325441
10 20 0.790824492272 0.00460636270262 -0.00509071368892 0.00858608645587
11 20 0.790669736466 0.00355595894365 0.00637284384925 0.00929707976602
12 20 0.791008182596 0.00340584388491 -0.00436279448699 0.010295788555
13 20 0.796158403683 0.00283691000343 0.00180474595111 0.010695837006
14 20 0.796968302249 0.00303414486038 -0.00217926054226 0.0105320818468
15 20 0.794568879321 0.00373622087181 0.00342936021446 0.00905724398648
16 20 0.796287415428 0.00462569532429 -0.00294748600146 0.00662534426855
17 20 0.797321155442 0.00453976825168 0.00242898659886 0.00542292976049
18 20 0.798422671538 0.00520159658948 -0.00577227999017 0.0054594920508
19 20 0.798856219443 0.00481311446622 0.00887355311676 0.00486050958761
20 20 0.802195441633 0.005372344304 -0.00928357205187 0.00425990295938
21 20 0.803467945267 0.00506762478961 0.00733594064103 0.00532634172319
22 20 0.802766420538 0.00381240552223 -0.00516239101866 0.00769144670641
23 20 0.803560756534 0.00392294814792 0.00366401233456 0.00924620465127
24 20 0.802455531379 0.00507533262833 0.0066343387737 0.00941843196539
25 20 0.799741193019 0.00585948010419 -0.0317853903608 0.0100943443545
26 20 0.800766755685 0.00546855358661 0.0745276564433 0.0114418084269
27 20 0.802957868244 0.00685210948531 -0.145336907074 0.0107089079475
28 20 0.807075042895 0.00602647610578 0.255762042734 0.00817736129115
29 20 0.82191046323 0.00686751659785 -0.410955231615 0.00343375829892
0 21 0.825268656203 0.00476777660142 -0.412634328101 0.00238388830071
1 21 0.81026156474 0.00426779041695 0.25851219461 0.0057669619667
2 21 0.80133024603 0.00416675378415 -0.14590185989 0.00714419878493
3 21 0.799747817576 0.00526509276871 0.0706527445542 0.00705978545535
4 21 0.80101074319 0.0042119144448 -0.0234131578907 0.00641458789508
5 21 0.802670327939 0.00347790274941 -0.00352967952829 0.00612016203022
6 21 0.80548823019 0.00480400132371 0.0146500411653 0.00584634877709
7 21 0.803869361765 0.00498035234998 -0.0142551128139 0.00614083192614
8 21 0.801894607442 0.00440891757921 0.00698199918637 0.00680072124362
9 21 0.803297124739 0.00593963152096 0.00233203556547 0.00664552679422
10 21 0.802781415492 0.00503166953761 -0.00864965800768 0.00682097733323
11 21 0.802134880502 0.00499075944947 0.0124340914803 0.00749948593665
12 21 0.800373372143 0.00466764633656 -0.0123140914333 0.00845206415132
13 21 0.802896921451 0.00460232169671 0.00753569644133 0.00892776523411
14 21 0.800667081868 0.00446117835295 -0.00525220617264 0.00794428967175
15 21 0.799634700708 0.00315206669711 0.00566668824983 0.00703922451952
16 21 0.800083918493 0.00194416054782 -0.00329168295089 0.00727855838008
17 21 0.799637250938 0.00337125252299 -0.00195738167987 0.00729895874178
18 21 0.798297553632 0.00302126414209 0.00669444647258 0.00696645931156
19 21 0.796490840718 0.00395782950237 -0.007893307148 0.00688088539617
20 21 0.796902415278 0.00346936366018 0.00720261651894 0.00723528628436
21 21 0.794677215335 0.00442157643523 -0.00809185877505 0.00884251308579
22 21 0.792404007648 0.00579036295308 0.00835289312507 0.0116344265784
23 21 0.792449631481 0.0069448457242 -0.005654098255 0.0129520629273
24 21 0.789532489227 0.00588124418563 -0.00315213632777 0.0119177187563
25 21 0.789013783173 0.00553334906696 0.0230408007878 0.0099096636172
26 21 0.788143384463 0.00604276953498 -0.0599701417688 0.00702882899214
27 21 0.788762308626 0.00672369995121 0.128786196242 0.00482904557735
28 21 0.79751542546 0.00517438371824 -0.243263105432 0.00502330228844
29 21 0.812762723552 0.00493350076504 0.406381361776 0.00246675038252
0 22 0.823969755765 0.00520451759257 0.411984877882 0.00260225879628
1 22 0.806345231544 0.00602880330896 -0.254656220187 0.00691802594621
2 22 0.799016068259 0.00408751006341 0.139598071112 0.00877563242497
3 22 0.795834824377 0.00522392014336 -0.0664346527212 0.00888034924167
4 22 0.799718048846 0.00446319046802 0.0256235613806 0.00811175396484
5 22 0.80150109605 0.00315938368544 -0.00552172682139 0.0064487526321
6 22 0.802762129809 0.00312530242906 -0.0051632942146 0.00541513549624
7 22 0.80586253829 0.0027972392096 0.00691128666921 0.00439687817679
8 22 0.800118991242 0.00375255773177 -0.00277542830871 0.00479750032201
9 22 0.800194414817 0.00361890414431 0.0003611391342 0.00568113700264
10 22 0.801401390839 0.00331190574837 0.000794336945872 0.00571772825782
11 22 0.802600800757 0.00279940122129 -0.00311025527832 0.00486083191747
12 22 0.80274905565 0.00503667152142 0.00723275782454 0.00593864751862
13 22 0.797949850869 0.00377278136321 -0.00997564970813 0.00730229066692
14 22 0.796745326631 0.00338478011432 0.00911396585656 0.00807654829794
15 22 0.795316112958 0.00398063999953 -0.00559371857615 0.00867834703411
16 22 0.799579075705 0.0030092124833 0.00117280251597 0.00841609675103
17 22 0.801932688171 0.00320568804871 0.00145991297104 0.00775641722622
18 22 0.797874925482 0.00287619248636 -0.00224649290131 0.00825634984118
19 22 0.795082824005 0.00439303298823 0.00425570276837 0.00764599054723
20 22 0.795127537923 0.00526131066456 -0.00655364944635 0.00638475969276
21 22 0.793134141168 0.00429580794176 0.00702121213802 0.00491655546905
22 22 0.793704451676 0.00340471530029 -0.00613310672928 0.00424289306076
23 22 0.792278048169 0.00476190079377 0.00216959657805 0.00594746576556
24 22 0.792779305182 0.00587185553981 0.00675372880872 0.00796044030856
25 22 0.793796547338 0.00572952266174 -0.0261511630936 0.00744853304224
26 22 0.793240660319 0.00641672496666 0.065920020061 0.00638526175701
27 22 0.797092488324 0.006585709414 -0.137601057286 0.00686627842471
28 22 0.803512501717 0.00626125353039 0.250933026685 0.00586155330294
29 22 0.818779168119 0.00433581160078 -0.409389584059 0.00216790580039
0 23 0.829688589234 0.00678543607929 -0.414844294617 0.00339271803965
1 23 0.815438683601 0.00722478533111 0.266046589121 0.00852075002415
2 23 0.809176528906 0.00692549925509 -0.157149030969 0.0105125985542
3 23 0.80726270725 0.00571475308173 0.0828981331117 0.00983592292288
4 23 0.806618651608 0.00658074766837 -0.0376413363746 0.00819362350029
5 23 0.807296100253 0.00654393960087 0.0153093965169 0.00673436899098
6 23 0.805151698114 0.00697877558716 -0.00625030650415 0.00617773095603
7 23 0.803315976086 0.00654752535815 0.00242866814485 0.00659995652932
8 23 0.799210650931 0.00631539384817 -0.00160748870116 0.00520546019175
9 23 0.801535125603 0.00507341953498 0.00181113775065 0.00325209303269
10 23 0.802401355673 0.00498221715122 -0.00144892469026 0.00344274205899
11 23 0.801579563828 0.00443992750723 -0.00223524921717 0.00386282174642
12 23 0.802954770167 0.00360391134158 0.00585790763336 0.00488869754559
13 23 0.802983842073 0.00280117007822 -0.0071950749889 0.00651841228175
14 23 0.802419381559 0.00187472686733 0.00574627576793 0.0081425625147
15 23 0.79769578197 0.00210484783572 -0.00191993903922 0.00951663417571
16 23 0.793314984643 0.0033567527522 -0.000956485179982 0.0107046316125
17 23 0.793457240146 0.00426472626652 0.00145402964767 0.010399369519
18 23 0.794552977975 0.00500365437622 0.00101406752853 0.00869792743342
19 23 0.794889243312 0.00441042339604 -0.00433260487169 0.00645633171518
20 23 0.792920928162 0.00476436785972 0.00822404559591 0.00488906653013
21 23 0.790623719772 0.0061762290037 -0.0121009894153 0.00587944788016
22 23 0.789676349865 0.00574434883856 0.0136556251556 0.00824562805065
23 23 0.788048379733 0.0057526714807 -0.00886622060389 0.00828659916374
24 23 0.789664963412 0.00588434617439 -0.0036865630414 0.0070229999598
25 23 0.790155751308 0.0066693366609 0.0271337753492 0.00650127193538
26 23 0.788052710055 0.00705928729855 -0.0686321638292 0.00804271815219
27 23 0.789066637337 0.00744967139323 0.137410863035 0.0103755201916
28 23 0.797619606409 0.00953560214915 -0.246737392823 0.0105482281019
29 23 0.813227101015 0.00967207557827 0.406613550508 0.00483603778914
0 24 0.831415958918 0.00523667458913 0.415707979459 0.00261833729456
1 24 0.812154454784 0.00558406991814 -0.266660310864 0.00659307133868
2 24 0.806819200349 0.00517497334608 0.158217604296 0.0085642394719
3 24 0.800286493171 0.00537441053949 -0.0864976519719 0.00902809131768
4 24 0.797322761843 0.00495984611707 0.0424609944291 0.00830156707927
5 24 0.793507461241 0.00495445570548 -0.018545506315 0.00672539547158
6 24 0.792669218582 0.00416454476745 0.00790471260931 0.00548571772116
7 24 0.791140792712 0.00610178838141 -0.00617692708781 0.00730783981213
8 24 0.789453671517 0.00517419240584 0.00750992164083 0.00768555846428
9 24 0.793496929059 0.00466777588484 -0.00697906258841 0.00646644684118
10 24 0.793678945618 0.0038306440422 0.00653156431814 0.00598794517306
11 24 0.794671453134 0.0018835527253 -0.00590860150956 0.00661257271069
12 24 0.796081771732 0.0027174214429 0.00390430419622 0.00697977768214
13 24 0.796795059334 0.00338902181352 -0.00173614700666 0.00745748074704
14 24 0.799958266477 0.00386416093986 -0.00186567778351 0.00739498217845
15 24 0.799597041425 0.00453751762228 0.00473800985323 0.00799046449323
16 24 0.801374259726 0.00531103135991 -0.00439713512393 0.0084083349091
17 24 0.799019238654 0.00396304484143 0.00249957549479 0.00839949245371
18 24 0.795968849158 0.00182251610287 -0.0017439601088 0.00875309342223
19 24 0.798295513434 0.00237495094689 0.00136452850634 0.00833135361626
20 24 0.798718494295 0.00245703771151 -0.00148467495202 0.00753188185228
21 24 0.797371549322 0.00252613470199 0.00339568973544 0.00864048403031
22 24 0.794371762827 0.00370239523059 -0.00703775472241 0.0106547122085
23 24 0.793837266716 0.00404121683908 0.00682348338559 0.0111754435311
24 24 0.797326900408 0.00317646582907 0.00323307661389 0.00995010189966
25 24 0.799799922994 0.00395454282317 -0.0263052582396 0.00854907976443
26 24 0.799269204898 0.00561429405865 0.0723040174868 0.00830318260332
27 24 0.802795953265 0.00661773839717 -0.146352827338 0.0079256520396
28 24 0.808295760936 0.00566895896726 0.257348955324 0.007336651452
29 24 0.824505843473 0.00681439090879 -0.412252921736 0.00340719545439
0 25 0.831564148061 0.00549045370947 -0.41578207403 0.00274522685473
1 25 0.817603763456 0.00586083362057 0.266611197107 0.0073426302299
2 25 0.812318489239 0.00632529442008 -0.155936436831 0.00948462262101
3 25 0.808654095065 0.00551147029179 0.0822653878987 0.00895597940121
4 25 0.805486423426 0.00566618280953 -0.0373640551012 0.00622880641757
5 25 0.803643139031 0.00494024804653 0.0133469328697 0.0039450547424
6 25 0.800661226752 0.00593663796216 -0.00227403359961 0.00407917644523
7 25 0.800483836521 0.00654680810033 -0.00523350720056 0.0049718243209
8 25 0.794876244445 0.00680129327604 0.0102115539237 0.00625048529902
9 25 0.795183087725 0.00629629522473 -0.0106785776731 0.00616251007421
10 25 0.796103055665 0.00614574637606 0.00855051115297 0.00597362142295
11 25 0.791661382542 0.00533873958934 -0.00677588919272 0.00709362933108
12 25 0.7935475029 0.00299058528751 0.0072453577798 0.00810055474525
13 25 0.792065692086 0.00231376034117 -0.0106213612294 0.00692504859959
14 25 0.791712648507 0.0025167460451 0.0140854815752 0.00605669829337
15 25 0.789512167797 0.00353174254061 -0.0146801126678 0.00715668471984
16 25 0.785585501188 0.0042185574086 0.0119712013518 0.00765838666469
17 25 0.788533292595 0.00383909162916 -0.0095775163881 0.00791939086808
18 25 0.787114755407 0.00444096372151 0.00879707121609 0.00809960694051
19 25 0.79035734796 0.00605623253546 -0.006858286643 0.00799869252108
20 25 0.78831563599 0.00493648361342 0.00550397191368 0.00749492414661
21 25 0.791150251201 0.00635995368083 -0.00740918041982 0.00576172215991
22 25 0.792662765537 0.00588770443262 0.0063302976434 0.00472432076409
23 25 0.796811721864 0.0054061255086 0.00210126663075 0.00579156119599
24 25 0.800993814204 0.00529652149172 -0.0168813960237 0.00745807342611
25 25 0.80302152396 0.00499183605908 0.0397414327504 0.00888603954042
26 25 0.802965232309 0.00562059860124 -0.0817746201197 0.0103415020529
27 25 0.807423832556 0.00762740720094 0.153723704488 0.0118059525931
28 25 0.811885466105 0.00861987287439 -0.262689299134 0.0106012602622
29 25 0.828101955905 0.00900975769646 0.414050977953 0.00450487884823
0 26 0.831120729254 0.00597219992239 0.415560364627 0.00298609996119
1 26 0.815292358227 0.00583610178521 -0.266750452838 0.00682909368684
2 26 0.808077436896 0.00528297774955 0.155826528812 0.00767632291615
3 26 0.806134127447 0.00379148073364 -0.0793915065319 0.00690097630861
4 26 0.804584562325 0.0039094909998 0.0329894895678 0.00606748113892
5 26 0.802474495636 0.00328528600977 -0.00881618402289 0.00482048173051
6 26 0.800293740247 0.00402731110438 -0.00287507081553 0.00360437247238
7 26 0.800845163695 0.00306979700196 0.0082985656084 0.00361245256993
8 26 0.799672144578 0.00220856175728 -0.00815841696455 0.00484782382035
9 26 0.796544960768 0.00240482470822 0.00600448557984 0.0053567320705
10 26 0.799440703341 0.00220343403079 -0.00591216077291 0.00435280573094
11 26 0.79672814905 0.00276146083909 0.00635689581891 0.00362704607548
12 26 0.797770553255 0.00296648468356 -0.00437344736152 0.00420801417421
13 26 0.799730005942 0.00235981895243 0.00338581799772 0.00509506623445
14 26 0.799541979912 0.00304065509835 -0.00419875072977 0.00494959273493
15 26 0.795954270293 0.00288962304616 0.00423938043932 0.00411189857958
16 26 0.794766858878 0.0032336148095 -0.00465050801049 0.00390050483415
17 26 0.792969610441 0.00371574688175 0.0039054628703 0.00440493453962
18 26 0.793497105953 0.00251006048395 -0.00200621641759 0.00605877943126
19 26 0.790551298499 0.00283136631356 -0.00164690879732 0.00627298178
20 26 0.786874446836 0.00285435562999 0.00600973177396 0.00591630430724
21 26 0.788168944145 0.00297360898967 -0.00802620157326 0.0048956199499
22 26 0.786271379611 0.00365419157023 0.00686373512558 0.00400739422788
23 26 0.787080926699 0.00272670149433 -0.00423949998354 0.00493726476865
24 26 0.791579906557 0.00277883180029 0.00947831043132 0.0052844909562
25 26 0.795439798905 0.00208931822717 -0.0292369181035 0.00575526760254
26 26 0.798562408728 0.00255304763397 0.0703294135371 0.00760846499789
27 26 0.804354828323 0.00390068668789 -0.143670686042 0.0079520901675
28 26 0.810570063215 0.0048633652663 0.257258267947 0.00635966496144
29 26 0.825107042343 0.00550621914334 -0.412553521171 0.00275310957167
0 27 0.83535820727 0.00556309426224 -0.417679103635 0.00278154713112
1 27 0.81884651891 0.00541383279638 0.268241873639 0.00685156135521
2 27 0.813513233314 0.00466755171403 -0.155599538293 0.00760190487448
3 27 0.811165017743 0.00383100427404 0.0811549301145 0.00620746130529
4 27 0.805406702571 0.00408255531303 -0.0377816294729 0.00522770737524
5 27 0.804821736929 0.00444076508186 0.0172935091999 0.00509495660253
6 27 0.801790590397 0.0044892590796 -0.00898712216862 0.00445204929161
7 27 0.802182632451 0.0044597285686 0.00520062306274 0.00451484473769
8 27 0.799243255373 0.00479245672709 -0.00158950133035 0.00563738141237
9 27 0.7979266489 0.00528596446971 0.000109805662048 0.00648531177076
10 27 0.798799425332 0.00493968239749 -0.00111356374901 0.00609866284638
11 27 0.798018829664 0.00337435377207 0.00140711535773 0.00520108281707
12 27 0.795729392378 0.00285573809187 -0.00136593853865 0.00468362849727
13 27 0.797178814845 0.00372117643896 0.00206207818073 0.00481083742689
14 27 0.795821652589 0.00328259844862 -0.00299183284507 0.00465876243179
15 27 0.798382978927 0.00234832326004 0.00226286265995 0.00500583944601
16 27 0.794295965801 0.00385243992595 6.81698174752e-05 0.0063414601887
17 27 0.793144758535 0.00321593168346 -0.0012141305704 0.00686980988222
18 27 0.792324956262 0.00347952103768 -0.000588429085732 0.00603928695788
19 27 0.791564600278 0.00367939094117 0.00428238450462 0.00561109412694
20 27 0.791941533972 0.00407480102727 -0.00642923644691 0.00648279008532
21 27 0.792343792024 0.00450626522804 0.00596471081501 0.00727720628138
22 27 0.79312418187 0.0046791799885 -0.00360628964351 0.00702175693524
23 27 0.791046425151 0.00376101275626 0.00126022643682 0.00707943928306
24 27 0.789605787641 0.00407575484134 -0.00564763864345 0.00766272863633
25 27 0.790622862629 0.00501292001716 0.0211505168004 0.00841005248881
26 27 0.793404063116 0.00549259021711 -0.0569216337139 0.00844921955857
27 27 0.795997092486 0.0045742315365 0.129190652129 0.00834032449335
28 27 0.801040114018 0.00522699114425 -0.245812984556 0.00720369361509
29 27 0.815358228625 0.00627661739371 0.407679114313 0.00313830869686
0 28 0.82813160416 0.00923463750789 0.41406580208 0.00461731875394
1 28 0.807829018681 0.00878162138934 -0.260754842934 0.0105663746447
2 28 0.802675850822 0.00834497084471 0.150088166776 0.011370509362
3 28 0.797960520528 0.00778104096769 -0.080093997165 0.0102275655411
4 28 0.799466733956 0.00719293495919 0.0377441154186 0.00902457609117
5 28 0.796181858311 0.00577794806011 -0.0148162786514 0.00637283002392
6 28 0.794589063897 0.00527134954727 0.00507235223559 0.00482207483205
7 28 0.796973845522 0.0049620089411 -0.00388995618372 0.00461649045169
8 28 0.795667348731 0.00505395436744 0.00624214505335 0.00450695096781
9 28 0.795751873799 0.00575363761934 -0.00836515973537 0.00576638652868
10 28 0.798753339008 0.00489517734331 0.00789773115641 0.00660582971983
11 28 0.798795731457 0.00486050696235 -0.00575619184585 0.0071227617928
12 28 0.800735162218 0.00491104817448 0.00395663874892 0.00750706018556
13 28 0.799079592289 0.00418284378059 0.000698062500628 0.00675545241047
14 28 0.796458936605 0.00468698877393 -0.00667532269169 0.00635013169618
15 28 0.795013722513 0.00454838091091 0.00912082405557 0.00657968123459
16 28 0.798041390881 0.00226009005201 -0.00799002523375 0.00547375964357
17 28 0.798632679507 0.00226130556391 0.00432945780695 0.00387442393966
18 28 0.796230310828 0.00323501311745 -0.00316091778084 0.00430244677143
19 28 0.796224654912 0.00397881086364 0.00481060252907 0.0051427684932
20 28 0.795053144232 0.00438349003152 -0.00416851483086 0.00615211500925
21 28 0.793348500571 0.0054918573833 0.00151942193254 0.00631850673441
22 28 0.798044587764 0.00578340029647 0.00130496641982 0.00593859768855
23 28 0.799157978757 0.00518742193924 -0.00347771346519 0.00559141202934
24 28 0.798188382857 0.00529865016924 0.0114584985819 0.00633546867753
25 28 0.800129185131 0.00595311393271 -0.0329027048741 0.00805025715021
26 28 0.799039139892 0.00805197167736 0.0728137056344 0.0104764696009
27 28 0.79997418979 0.00794034466974 -0.142220010256 0.0120401084517
28 28 0.804788687873 0.00868100660925 0.252690626972 0.0103499002127
29 28 0.819082964509 0.00852660786166 -0.409541482254 0.00426330393083
0 29 0.789374299535 0.00278134491678 -0.394687149767 0.00139067245839
1 29 0.780804639944 0.00247013956607 0.219036556447 0.00338236260457
2 29 0.777156961616 0.00304239143245 -0.109565625884 0.00568741996772
3 29 0.77491413978 0.00315759034945 0.0516891501895 0.00548023411156
4 29 0.779544419206 0.00411271894713 -0.0233492600037 0.00536382676151
5 29 0.786452615654 0.00335140658291 0.0100499280861 0.00609509274127
6 29 0.790189515954 0.00291307639857 -0.00555823497035 0.00695847917623
7 29 0.790712001276 0.00230457232009 0.00354648393648 0.00684287411369
8 29 0.793697716509 0.00343739948932 -0.00214301172371 0.00601969765494
9 29 0.792560621482 0.0031596077217 0.00179404938253 0.00586060424756
10 29 0.79315362292 0.00329025271642 -0.00285985394056 0.00612596980425
11 29 0.798620767703 0.00338662170593 0.00473337130605 0.00592178928151
12 29 0.8002462995 0.00450284241293 -0.00462361742725 0.00488369172277
13 29 0.802799760565 0.00397259255832 0.0046783418978 0.00439344599292
14 29 0.804547372064 0.00448065470202 -0.00533776928814 0.00424823313709
15 29 0.801603533426 0.00397091857337 0.00578029678976 0.00449781141336
16 29 0.804647557269 0.00397969742049 -0.00499221154845 0.00604614699724
17 29 0.806874483972 0.00295500429264 0.00287062670086 0.00747157504833
18 29 0.802273179832 0.00112241648682 -0.00124435162391 0.00714707229638
19 29 0.80782079911 0.00093353252247 -0.00343355817515 0.00630963328237
20 29 0.808880521561 0.00120010974477 0.00978466548325 0.00663794718451
21 29 0.807660418227 0.00229365362489 -0.0136757365257 0.00721294727377
22 29 0.807177205226 0.00313475606433 0.0120138487279 0.00646156708391
23 29 0.808783603672 0.00433858102963 -0.00363776748876 0.00488455524187
24 29 0.811579492494 0.00487870681503 -0.0107672314334 0.00420701504973
25 29 0.812101798335 0.00543273854698 0.0361189678448 0.0053868257375
26 29 0.812913222967 0.00536130457572 -0.077611992905 0.00722731239458
27 29 0.812065997824 0.00613548410539 0.14794216553 0.00937527387184
28 29 0.81640859655 0.00729231550459 -0.25876849753 0.00881571176184
29 29 0.824434835829 0.00766792050277 0.412217417914 0.00383396025138
