6	8.5	70	70	0.0028977	4.98584e-05	0	0	0	0	0	0	0	0	
6	9	70	70	0.0556606	0.000715034	0	0	0	0	0	0	0	0	
6	9.5	70	70	0.383513	0.00375796	0	0	0	0	0	0	0	0	
6	10	70	70	0.841873	0.00241751	0	0	0	0	0	0	0	0	
#6	10.5	70	70	0.734654	0.00360088	0.343857	0.034805	0.343843	0.0348069	1.37529	0.139218	0.000114421	3.44916e-05	
6	11	70	70	0.0765689	0.000417052	0.177248	0.0164872	0.177341	0.016493	0.704669	0.0658261	0.00451008	0.000221251	
6	11.5	70	70	0.00073418	2.05793e-05	0.209516	0.00451625	0.209478	0.00449307	0.761927	0.0173712	0.0760606	0.000895862	
6	12	70	70	0	0	0.320108	0.00375705	0.320919	0.00374998	0.926198	0.0125816	0.355856	0.00300074	
6	13	70	70	0	0	0.51013	0.00124773	0.509156	0.00119831	1.11237	0.0029709	0.9262	0.00210625	
6	14	70	70	0	0	0.57744	0.000831046	0.576675	0.00090807	1.18361	0.00167213	1.12461	0.00165846	
6	15	70	70	0	0	0.602388	0.00072984	0.602772	0.000697468	1.21628	0.00136976	1.19404	0.00144491	
6	16	70	70	0	0	0.616102	0.0007287	0.616871	0.000688844	1.23745	0.00143905	1.22849	0.00138501	

