6	8.5	50	50	0.0214876	0.000166474	0	0	0	0	0	0	0	0	
6	9	50	50	0.161064	0.000920677	0	0	0	0	0	0	0	0	
6	9.5	50	50	0.556445	0.00207345	0	0	9.7371e-07	9.76563e-07	9.7371e-07	9.76563e-07	9.7371e-07	9.76563e-07	
6	10	50	50	0.919306	0.00544499	0.063996	0.0203097	0.0639925	0.0203089	0.255947	0.0812341	3.00619e-05	9.38613e-06	
6	10.5	50	50	0.807036	0.00128777	0.101573	0.0100799	0.101549	0.0100688	0.404789	0.0402669	0.00145639	6.01839e-05	
6	11	50	50	0.193934	0.000730884	0.161125	0.00761091	0.160951	0.00760034	0.618736	0.0300935	0.0254161	0.000511158	
6	11.5	50	50	0.00800822	9.09046e-05	0.248326	0.00349565	0.248426	0.0035568	0.806684	0.0130246	0.186821	0.00156314	
6	12	50	50	0.00019142	1.45335e-05	0.370629	0.00242409	0.369123	0.00229408	0.962846	0.00734548	0.516657	0.00237706	
6	13	50	50	2.96859e-08	2.98187e-08	0.524919	0.000570958	0.524308	0.000568966	1.12009	0.00130853	0.978369	0.000966818	
6	14	50	50	0	0	0.580922	0.000474333	0.580573	0.000524418	1.18527	0.000962622	1.13772	0.000909535	
6	15	50	50	0	0	0.605575	0.000411167	0.605521	0.000426403	1.22022	0.000776622	1.20198	0.000853567	
6	16	50	50	0	0	0.617768	0.000388552	0.617969	0.000422242	1.23875	0.00080049	1.23272	0.000808115	

