6       12      30      30      0.00944035      6.48857e-05     0.430445        0.000791276     0.430165        0.000787221     1.00512 0.00198763      0.716104        0.00126537      
6       12      50      50      0.00019142      1.45335e-05     0.370629        0.00242409      0.369123        0.00229408      0.962846        0.00734548      0.516657        0.00237706      
6       12      70      70      0       0       0.315833        0.00504422      0.317157        0.00508614      0.911676        0.0171348       0.354305        0.00401039      
6       12      90      90      0       0       0.276843        0.00644931      0.276157        0.00643704      0.868008        0.0228342       0.237992        0.00358401      
#6       12      110     110     0       0       0.249425        0.010242        0.248919        0.0105613       0.85124 0.0396819       0.155358        0.00376885      
6       12      110     110     0       0       0.251727        0.00929789      0.251516        0.00966324      0.859441        0.0358219       0.154994        0.00341584      
#6       12      130     130     0       0       0.226873        0.0153565       0.22726 0.0153091       0.809898        0.0582816       0.0983688       0.00401442      
6       12      130     130     0       0       0.237066        0.0139055       0.237154        0.0138574       0.847708        0.0529575       0.100733        0.0035014       
#6       12      150     150     0       0       0.198742        0.0211136       0.194316        0.0207088       0.737792        0.0825182       0.0601678       0.00325096      
6       12      150     150     0       0       0.241438        0.0206469       0.239054        0.0205014       0.90527 0.0810728       0.0648357       0.00302331      



#6       12      30      30      0.00944035      6.48857e-05     0.430445        0.000791276     0.430165        0.000787221     1.00512 0.00198763      0.716104        0.00126537      
#6       12      50      50      0.00019142      1.45335e-05     0.370629        0.00242409      0.369123        0.00229408      0.962846        0.00734548      0.516657        0.00237706      
#6       12      70      70      0       0       0.32502 0.00983209      0.325796        0.00965513      0.940812        0.0329878       0.360819        0.00775291      
#6       12      90      90      0       0       0.279961        0.00721582      0.278537        0.00718609      0.87892 0.0257438       0.238077        0.00390261      
#6       12      110     110     0       0       0.248304        0.0112726       0.247523        0.0117718       0.848125        0.0439401       0.155883        0.00410604      
#6       12      130     130     0       0       0.217268        0.014995        0.218174        0.015014        0.775358        0.0572072       0.0955258       0.00393383      
#6       12      150     150     0       0       0.191893        0.023651        0.185976        0.0231353       0.713128        0.0925136       0.0573756       0.00346541      


#6       12      30      30      0.00944035      6.48857e-05     0.430445        0.000791276     0.430165        0.000787221     1.00512 0.00198763      0.716104        0.00126537      
#6       12      50      50      0.00019142      1.45335e-05     0.370629        0.00242409      0.369123        0.00229408      0.962846        0.00734548      0.516657        0.00237706      
#6       12      70      70      2.44768e-07     2.45098e-07     0.32544 0.0050806       0.324216        0.00518555      0.935361        0.0169512       0.36395 0.00422193      
#6       12      90      90      0       0       0.282574        0.00838475      0.28074 0.00826765      0.886941        0.0299985       0.239687        0.00442904      
#6       12      110     110     0       0       0.24707 0.0110056       0.246498        0.0109816       0.84558 0.0454123       0.155653        0.00429137      
#6       12      130     130     0       0       0.215796        0.0159075       0.21712 0.015944        0.77208 0.0607685       0.0937513       0.00417327      
#6       12      150     150     0       0       0.196248        0.0256427       0.18943 0.0253633       0.73139 0.100305        0.0564035       0.0036825       



