6	8.5	30	30	0.140393	0.000523382	4.025e-07	4.04916e-07	4.025e-07	4.04916e-07	8.05e-07	5.70879e-07	8.05e-07	5.70879e-07	
6	9	30	30	0.41632	0.00321325	0	0	1.69033e-05	1.69837e-05	1.69033e-05	1.69837e-05	1.69033e-05	1.69837e-05	
6	9.5	30	30	0.775384	0.00639561	0.0272836	0.0104351	0.0273895	0.0104433	0.109041	0.0417221	0.000305696	5.94042e-05	
6	10	30	30	0.984634	0.00115539	0.0580779	0.00540616	0.0581395	0.00541497	0.228939	0.0215663	0.00349573	0.000120545	
6	10.5	30	30	0.898	0.000872512	0.115651	0.00297474	0.115928	0.00299137	0.435894	0.0117074	0.0272647	0.000345553	
6	11	30	30	0.440076	0.000563821	0.202346	0.00190495	0.201691	0.00190427	0.666202	0.00704164	0.141874	0.000779169	
6	11.5	30	30	0.0815804	0.000171214	0.324857	0.000978057	0.324494	0.00101573	0.876506	0.0031556	0.422195	0.00103977	
6	12	30	30	0.00944035	6.48857e-05	0.430445	0.000791276	0.430165	0.000787221	1.00512	0.00198763	0.716104	0.00126537	
6	13	30	30	0.00011957	3.89803e-06	0.542571	0.000284968	0.542896	0.000252741	1.13227	0.000553591	1.03867	0.000492231	
6	14	30	30	2.55463e-06	5.48545e-07	0.588313	0.000237351	0.588063	0.000195668	1.19294	0.000447868	1.15981	0.000363659	
6	15	30	30	1.49586e-07	1.07952e-07	0.608867	0.000228453	0.60845	0.00018603	1.22465	0.000391898	1.20999	0.000374937	
6	16	30	30	0	0	0.61971	0.000215818	0.619228	0.000213069	1.24233	0.000418204	1.23554	0.000417003	

