9	0.0264767 0.00385651 0.00040678 0.00883057	0.864958
10	0.0425568 0.0248725 0.000652908 0.0272711	0.718517
10.5	0.129629	0.138214	0.00193426	0.125668	0.158296
11	0.200544 0.236767 0.00287885 0.208415	0.0544908
12	0.265289 0.361372 0.00469576 0.298163	0.0148032
13	0.216743 0.349218 0.00750539 0.26176	0.00448194
14	0.143407 0.29396 0.0117456 0.191184	0.00098086
15	0.0834236 0.243536 0.017575 0.130497	0.000125731
16	0.0465526 0.201794 0.0226978 0.0889625	1.18849e-05
17	0.0290526 0.175601 0.0256475 0.0671016	1.37178e-06
