3       4       30      30      1.52387 0.000994354     0.327741        0.00128517      0.326317        0.0012413       0.856108        0.00379597      0.452008        0.00134306      
3       4       50      50      1.51994 0.00121439      0.253722        0.00233315      0.25248 0.00228829      0.791393        0.00830572      0.221012        0.00134677      
3       4       70      70      1.51535 0.00181879      0.214109        0.00720888      0.212845        0.00720294      0.754045        0.0276766       0.0998626       0.0018156       
#3       4       90      90      1.51571 0.00227578      0.182451        0.0125596       0.184857        0.0127318       0.691073        0.0496566       0.0435445       0.00176593      
3       4       90      90      1.5161  0.00195218      0.186798        0.0114389       0.188271        0.0115971       0.706592        0.0452257       0.0435457       0.00145666      
#3       4       110     110     1.51497 0.00230972      0.17978 0.0181541       0.178874        0.0185511       0.696142        0.0734723       0.0167089       0.000989218     
3       4       110     110     1.516   0.00208028      0.179368        0.0162043       0.178651        0.0166418       0.694939        0.0660047       0.0169691       0.000872973     
#3       4       150     150     1.51489 0.0036262       0.321153        0.0382552       0.31386 0.0370859       1.25291 0.148433        0.00253275      0.000513094     
#3       4       150     150     1.51508 0.00322225      0.297918        0.0327777       0.292606        0.0320087       1.16764 0.12814 0.00294463      0.000506301     



#3       4       30      30      1.52387 0.000994354     0.327741        0.00128517      0.326317        0.0012413       0.856108        0.00379597      0.452008        0.00134306      
#3       4       50      50      1.51994 0.00121439      0.253722        0.00233315      0.25248 0.00228829      0.791393        0.00830572      0.221012        0.00134677      
#3       4       70      70      1.51535 0.00181879      0.214109        0.00720888      0.212845        0.00720294      0.754045        0.0276766       0.0998626       0.0018156       
#3       4       90      90      1.51501 0.00289886      0.17642 0.0144178       0.179802        0.0146055       0.667897        0.0570052       0.0445474       0.00215705      
#3       4       110     110     1.51599 0.00264608      0.167337        0.0194975       0.165824        0.0195796       0.645466        0.0775145       0.0154373       0.00107118      
#3       4       150     150     1.51524 0.00462948      0.244221        0.0307397       0.23613 0.0296915       0.942894        0.11884 0.00177273      0.000510589     


#3       4       30      30      1.52387 0.000994354     0.327741        0.00128517      0.326317        0.0012413       0.856108        0.00379597      0.452008        0.00134306      
#3       4       50      50      1.51994 0.00121439      0.253722        0.00233315      0.25248 0.00228829      0.791393        0.00830572      0.221012        0.00134677      
#3       4       70      70      1.51535 0.00181879      0.214109        0.00720888      0.212845        0.00720294      0.754045        0.0276766       0.0998626       0.0018156       
#3       4       90      90      1.51539 0.00315699      0.183076        0.0170405       0.18633 0.0173206       0.694358        0.0674883       0.0444546       0.00251846      
#3       4       110     110     1.51594 0.00269718      0.166732        0.0203495       0.164796        0.0202174       0.641552        0.0799453       0.0155308       0.00115417      
#3       4       150     150     1.51399 0.00499225      0.211364        0.0319462       0.203481        0.0307054       0.811985        0.122854        0.00134821      0.000487178     



#3       4       30      30      1.52387 0.000994354     0.327741        0.00128517      0.326317        0.0012413       0.856108        0.00379597      0.452008        0.00134306      
#3       4       50      50      1.51994 0.00121439      0.253722        0.00233315      0.25248 0.00228829      0.791393        0.00830572      0.221012        0.00134677      
#3       4       70      70      1.51535 0.00181879      0.214109        0.00720888      0.212845        0.00720294      0.754045        0.0276766       0.0998626       0.0018156       
#3       4       90      90      1.51259 0.00397014      0.183839        0.0187437       0.180903        0.0189542       0.687441        0.0741964       0.0420427       0.00234621      
#3       4       110     110     1.51631 0.00343052      0.159352        0.0207015       0.156408        0.0198758       0.606989        0.0785011       0.017008        0.00144686      
#3       4       150     150     1.51768 0.0069938       0.0778893       0.0225903       0.0712593       0.0206939       0.284269        0.0827111       0.000390572     0.000239437     

