3	2.5	30	30	1.24323e-05	4.02125e-06	0	0	0	0	0	0	0	0	
3	3	30	30	1.39328	0.00218311	0.171152	0.00329299	0.172017	0.00324284	0.565709	0.0123123	0.120629	0.00128067	
3	3.5	30	30	1.49928	0.00114549	0.251628	0.00157029	0.251345	0.00157804	0.734063	0.00536296	0.271881	0.00124835	
3	4	30	30	1.52387	0.000994354	0.327741	0.00128517	0.326317	0.0012413	0.856108	0.00379597	0.452008	0.00134306	
3	4.2	30	30	1.52216	0.000992838	0.353822	0.00118752	0.353674	0.00111805	0.891861	0.00354907	0.52313	0.00136879	
3	4.5	30	30	1.50509	0.00118551	0.390183	0.000981417	0.3904	0.000913815	0.938159	0.00259702	0.623008	0.00141927	
3	5	30	30	1.4424	0.00212934	0.443209	0.0016553	0.439906	0.0015752	0.992881	0.00381704	0.77335	0.00261277	
3	5.5	30	30	1.28684	0.00101229	0.484349	0.000756476	0.484085	0.000770709	1.04801	0.00167198	0.888861	0.00128377	
3	6	30	30	0.965692	0.000839316	0.520751	0.000656449	0.521597	0.000757278	1.09248	0.00141154	0.99222	0.0013761	

