3	2.5	50	50	0	0	0	0	0	0	0	0	0	0	
3	3	50	50	1.3819	0.00196068	0.133287	0.01023	0.133514	0.0101948	0.514151	0.0405307	0.0194514	0.000619266	
3	3.5	50	50	1.49243	0.00143153	0.201619	0.00547852	0.201642	0.00551628	0.720013	0.0212854	0.0865086	0.0011683	
3	4	50	50	1.51994	0.00121439	0.253722	0.00233315	0.25248	0.00228829	0.791393	0.00830572	0.221012	0.00134677	
3	4.2	50	50	1.51905	0.001842	0.284319	0.00344745	0.282929	0.00351959	0.837566	0.0119954	0.296931	0.00254612	
3	4.5	50	50	1.50476	0.00194823	0.326082	0.00293284	0.327089	0.0027934	0.898124	0.00921042	0.408217	0.00262578	
3	5	50	50	1.43546	0.0015902	0.394643	0.00174401	0.397475	0.00170168	0.971206	0.00490988	0.613029	0.00238584	
3	5.5	50	50	1.24668	0.00157324	0.457636	0.00159036	0.456577	0.00164014	1.04246	0.00374988	0.785965	0.0026595	
3	6	50	50	0.784112	0.00115985	0.502426	0.00155574	0.50055	0.00144793	1.08166	0.00355659	0.924294	0.00238935	

