3	2.5	70	70	0.0720365	0.0129296	0	0	0	0	0	0	0	0	
3	3	70	70	1.37661	0	0.106454	0	0.106135	0	0.422462	0	0.00271713	0	
3	3.5	70	70	1.48928	0.00134588	0.174462	0.00947921	0.174227	0.00944282	0.672567	0.0371038	0.0255217	0.000634728	
3	4	70	70	1.51535	0.00181879	0.214109	0.00720888	0.212845	0.00720294	0.754045	0.0276766	0.0998626	0.0018156	
3	4.2	70	70	1.51523	0.00287638	0.24666	0.00857518	0.246698	0.00860499	0.828917	0.0321432	0.157799	0.00319717	
3	4.5	70	70	1.50046	0.00286393	0.292264	0.00602624	0.291234	0.00593861	0.893804	0.0215999	0.273193	0.00354681	
3	5	70	70	1.42991	0.00231987	0.361445	0.0035011	0.360134	0.0036487	0.966451	0.0112272	0.476707	0.00388118	
3	5.5	70	70	1.22061	0.00244784	0.430113	0.00306254	0.425249	0.00287198	1.02503	0.00838377	0.685697	0.00398797	
3	6	70	70	0.633174	0.00175013	0.488421	0.00237194	0.488834	0.00231444	1.08462	0.00529403	0.869888	0.00382263	

