0.001 0.00046119090079057163 8.655329407849278e-08 1.3345153633914254e-06 1.4321689001868734e-09 -0.6894768594329053 0.3124424122357591 0.511994710076229 0.11080002295666078 0.0 0.0
0.002 0.00046324823138075574 9.091142303275771e-08 1.4386055868318124e-06 1.8665981959852177e-09 -0.8369649917746544 0.20282373599207884 0.5629663756296974 0.10034146909046726 0.0 0.0
0.005 0.00046960480106779433 9.451384388470504e-08 1.7513001548795245e-06 3.1719275565734677e-09 -1.5712552712148344 0.20221657400025667 0.44491370624562526 0.11113311676650327 0.0 0.0
0.01 0.00048013628477683534 1.0780530699458968e-07 2.2957717071817005e-06 4.416049128972103e-09 -3.0242417005015523 0.2078172787318464 0.6403118031910823 0.11466604136437128 0.0 0.0
0.015 0.0004910922524070331 1.2229507839939077e-07 2.874151385938935e-06 6.584233371204334e-09 -5.18606965174133 0.22271466871593582 0.4895325104837936 0.11167530657357336 0.0 0.0
0.02 0.0005024041566765031 1.1245917356673543e-07 3.4851509494164433e-06 7.2679494682696865e-09 -6.653940960740696 0.18994318784788647 0.6267850557083758 0.11360184676351157 0.0 0.0
0.025 0.0005138636377671596 1.2198943741770135e-07 4.139901903321177e-06 8.572109344847793e-09 -8.19752234773361 0.21112735669468957 0.6511226767244728 0.11403631332610537 0.0 0.0
0.03 0.0005254326988981018 1.347075780168489e-07 4.832621323561529e-06 1.0126384358294506e-08 -9.676903870162347 0.18695515646324798 0.655512517640546 0.10513550821700708 0.0 0.0
0.035 0.0005375291200504537 1.2735224314441686e-07 5.563402946120358e-06 9.910337622903871e-09 -11.602069514024718 0.20897719460719658 0.4339028729080448 0.09332671655166891 0.0 0.0
0.04 0.0005497708347911504 1.426597359668631e-07 6.333162269222368e-06 1.1723485737867933e-08 -13.009667620772241 0.1966084378291682 0.4565630872878735 0.1040012220830542 0.0 0.0
0.045 0.000562107583622567 1.5013681678048036e-07 7.149354716914211e-06 1.2566408102118176e-08 -14.456592566395623 0.19259409030807714 0.4074933398184812 0.10302296297944599 0.0 0.0
0.05 0.0005749066167784704 1.67793169852222e-07 8.025297676855796e-06 1.5305231937726477e-08 -16.642609699769054 0.19317342483445016 0.4637082315966187 0.11000795111279597 0.0 0.0
0.06 0.0006014667222322412 1.9871194733691043e-07 9.916323159049087e-06 1.934583479735911e-08 -19.904541538955307 0.21741176012622762 0.3291064292417409 0.11026138244967604 0.0 0.0
0.07 0.0006293370532727865 1.9003508717734746e-07 1.206683765003938e-05 2.0359853651900162e-08 -23.269461077847616 0.2257410928286107 0.5252553873363411 0.1106776847455382 0.0 0.0
0.08 0.0006585672988527461 2.3157277661766774e-07 1.4484124502977273e-05 2.5254126427216948e-08 -26.73444797030296 0.1979536484954668 0.574524943633415 0.10036183076591153 0.0 0.0
0.09 0.0006889793785211714 2.4404286174346375e-07 1.7183662993032566e-05 3.1001012855792854e-08 -30.600172451832645 0.1972640227038839 0.3433691154729289 0.11703300441037101 0.0 0.0
0.1 0.0007218319722225649 2.4400716706009595e-07 2.030250079676238e-05 3.4553752895741e-08 -34.28781292160096 0.2084380698859456 0.35384175477362556 0.10014129917585868 0.0 0.0
0.12 0.0007914076227170407 2.8949387813222673e-07 2.7761893926102064e-05 4.5699855428818624e-08 -41.68601145613554 0.20145834660984596 0.47254386175125607 0.0968937987888018 0.00012561551602853984 0.00012617086563307495
0.15 0.0009116528656142645 3.323703656581754e-07 4.307524184131514e-05 6.304296078003127e-08 -53.22874749713254 0.22042242828110503 0.4136676940331345 0.10363378521445767 0.0 0.0
0.2 0.0011668990180501806 5.187731682375535e-07 8.783507706396658e-05 1.4756379758021655e-07 -74.67032483347516 0.20251352639750514 0.44169837829581254 0.0979311182225195 0.000513512720443675 0.0002403179117475718
0.25 0.0015251486947339846 7.854388395176407e-07 0.0001823320972074405 3.331282667428138e-07 -98.30235162374021 0.18817767336856975 0.5924424661162817 0.09987445418362549 0.0004715035068073319 0.0001832632022829279
0.3 0.0020624431619801474 1.1801339169632045e-06 0.00040545165153724053 7.876733851337578e-07 -124.41291684426318 0.21378723917544845 0.5556943393376462 0.09529269484695838 0.001928190139844526 0.0003177332046258862
0.32 0.0023571343803259013 1.3736384913868402e-06 0.0005750913890183941 1.100074066062149e-06 -135.69695423531866 0.21246526415198788 0.5406555033150717 0.08779552612589643 0.002979471441766231 0.0003704419463353239
0.34 0.0027233907217795767 1.7093989159205748e-06 0.0008396010714387093 1.7262740662869075e-06 -147.60822499448372 0.20029484827459432 0.5526872180613583 0.08906624780616178 0.004335305678462197 0.0004785437865989005
0.36 0.0031849653692987284 2.19714681613935e-06 0.0012575033070110538 2.6130578026585533e-06 -160.6054866145158 0.18651756742306413 0.5463976485396749 0.07591071723590387 0.007124476116366999 0.0005980275583217442
0.38 0.0037909876830584045 2.5825006039038536e-06 0.0019696140907335988 4.62768315845487e-06 -173.8644932626096 0.20570661394476872 0.4199315029898441 0.07785089185604213 0.010495636237395177 0.0006927640131438948
0.4 0.004612197304845172 3.443216732831273e-06 0.0032407020911480932 8.032664344276318e-06 -188.7016146527412 0.2129426550000187 0.5319914196507862 0.07138073333680714 0.014992097189078625 0.0008297900619236972
0.42 0.005759498966730446 1.7688334064723703e-05 0.005683610109310437 5.5576561996129996e-05 -205.12818750002205 0.5533123725286204 0.6420628 0.2636035570623612 0.027658511904767855 0.0016669901280003813
0.44 0.007526099517598635 2.767849652380378e-05 0.010867587338335717 0.00010885470061584248 -223.05318613671375 0.533111388431523 0.65094145 0.264928377959982 0.04433420454513121 0.0017548990100267887
0.45 0.008804150803108975 3.419074477844979e-05 0.015742437044346965 0.00016175084477562898 -233.52587633292407 0.4623423163238166 0.11619445 0.214886338882085 0.06575566666626502 0.00223034858418213
0.46 0.010451891597351224 4.333960759641506e-05 0.02330664759437705 0.00024054068607946665 -243.50320141371125 0.484259941217255 0.82581475 0.22990268417218465 0.09149652173838274 0.002252430161737327
0.48 0.015777408700573654 7.45555263047023e-05 0.05604117231420587 0.0005773267994545015 -269.8415088546801 0.49543825530412045 0.06342255 0.19129495461522275 0.17908489582941298 0.0032577877915646925
0.5 0.027277048149910235 2.701574496072152e-05 0.15740916352092585 0.00029061897144677765 -307.169006075 0.11135584322131638 0.527987285 0.033209478714693895 0.409946405 0.0009906693006811445
0.51 0.037712404844510314 0.00017469975088728754 0.2709486326674776 0.002288421605683305 -333.03103931331975 0.5344937568230951 0.47140605 0.13474875187510385 0.6278462744600126 0.006399247884427703
0.52 0.0535718346937929 5.6274397391307866e-05 0.4706346032928619 0.0007886029609765418 -368.95133410781244 0.11828692568230317 0.5202811925 0.024888146806107955 0.9900738347230026 0.0016849068942267364
0.53 0.07460055436365504 0.0002617096549968438 0.7638628953493324 0.004284743719319264 -412.44271103756773 0.559483853647126 0.6285099 0.09770599146504652 1.4632110846017319 0.0077839613129050455
0.54 0.09980159290896712 0.0002883988797170981 1.1461008762100304 0.005377483583332644 -462.4529837040641 0.5008559622488592 0.4954022 0.08441363694356643 2.0517870367727222 0.009005641874515375
0.55 0.12468009189353016 7.039207964458249e-05 1.5535733931075957 0.0015024242937684605 -511.54832979233834 0.09169037912738623 0.4973801375000001 0.016435083181818733 2.6353888140453767 0.001988534734731906
0.56 0.14841144685833596 0.00031041797311956145 1.9577776309951842 0.007317102008042492 -558.2389303574465 0.3793812930823911 0.5724731 0.07036004072558728 3.1761816516246704 0.009446001538893141
0.57 0.16991082672538926 0.0003721737022202721 2.337842473787379 0.008885444572771448 -601.8185092113848 0.35742960936992785 0.48300945 0.06756455654885245 3.6932439031473914 0.009842823438539131
0.58 0.1898394182358788 7.77665028846228e-05 2.6866257031060075 0.0019467078913998467 -642.2191753563816 0.07017191715507493 0.50801588 0.01267353901561479 4.15586420158197 0.0022619501245177004
0.59 0.20761219178527374 0.00035999001130916544 2.997992849422215 0.009734012505601722 -679.6027103399597 0.2962692435469157 0.4130697 0.05904868589136373 4.598084491347022 0.011100471848592693
0.6 0.22472796997574773 9.084997995659707e-05 3.313339004497795 0.0022492378806465542 -713.4843382635374 0.05248824021291281 0.5098250150000001 0.01289917500346603 4.957769060355097 0.0027419006694660653
0.62 0.2543368812663231 0.000414617650936472 3.839632905501721 0.010614924035273835 -775.1034178224686 0.2351988565098405 0.5286954 0.04700211938852677 5.636608991614186 0.01324475755213626
0.64 0.2794134903093775 0.0004813317005832372 4.281239339460635 0.013620946466568916 -828.00335046875 0.22023835605814807 0.56887905 0.04919468284212432 6.204461484375 0.0121115425499339
0.66 0.3016545559645485 0.0004798487761168347 4.671106670490306 0.012841754567073253 -874.1226208348463 0.19795649960608822 0.60591595 0.04952356677026693 6.7458689764652835 0.01417494548064728
0.68 0.32038126677619616 0.000505778370042367 4.977134234962448 0.013495488697441103 -914.8105711762104 0.1779569428778516 0.47951845 0.04739611851036409 7.167139448784473 0.015383195806887986
0.7 0.3374150415714888 0.00012945737294604623 5.260975598742021 0.00356431123879589 -950.0109056906729 0.04110329246324721 0.5045727737562601 0.012132183376059365 7.5427069943139005 0.003758594717428435
0.72 0.3526095751081099 0.0005008309616083013 5.4991302868997245 0.014056507384663967 -981.3638970124613 0.1564876306775753 0.51887385 0.04474286268565331 7.87562201434388 0.015743248012145623
0.74 0.36428279163660726 0.0005369068743691984 5.683189120119744 0.014459053923608021 -1009.1348625660052 0.13143576920561104 0.45007605 0.048574259848672204 8.191393378153856 0.01531783231046908
0.76 0.3762178762551153 0.0005607594417692922 5.854814667387739 0.015247684950037133 -1033.3847409875102 0.14868366294852026 0.5315556 0.04485043796347726 8.434049505852624 0.01619961449922482
0.78 0.3866447079352422 0.0005124190180756313 6.005134589196506 0.014991557795986023 -1055.1692101917993 0.13615306033623334 0.5181804 0.044546123071274826 8.651941763344201 0.01525206444342331
0.8 0.3955020878648134 0.00015114174258489004 6.112690722504567 0.004423012662405788 -1074.3199369268148 0.03512940060832835 0.4909609596472281 0.01243930184561409 8.87459269226377 0.004552883101950649
0.82 0.40409184921107993 0.000571441355558287 6.2215781762047575 0.014774862966946823 -1091.7763646965427 0.11148544256259094 0.4395881 0.042664270771405804 9.039834451156805 0.01805047570037556
0.84 0.4109868321999185 0.0005711938270644205 6.3089520066689975 0.014639343600832074 -1107.0712925007672 0.10521644103837197 0.4867895 0.04272949718775299 9.210022678937184 0.019132843973710165
0.86 0.41786863486273806 0.0005341998752830785 6.389389544775605 0.014830181105719575 -1120.8251819761258 0.11301807069642149 0.52072905 0.039183484462925106 9.363640319451983 0.01565388732337787
0.88 0.42266385410026347 0.0005818446286126294 6.421356435216839 0.016327143585196175 -1133.2274500000728 0.11175091660215496 0.4548664 0.037940936812662265 9.476243096645453 0.017182097265636596
0.9 0.42823782081633555 0.00016853694155557613 6.480550522878278 0.00444702974687909 -1144.144466109288 0.03283275024246045 0.4959434578789219 0.011792035088485133 9.615627024577176 0.005798001537029
0.95 0.4397459110781771 0.0006225072985478382 6.599458555753991 0.015995544599833246 -1167.4014769474886 0.10466166864784501 0.44272495 0.04083012865490622 9.881410447688916 0.019211519251160786
1 0.44751125959947446 0.000163095878896846 6.635505375154946 0.004392344036724769 -1185.2352345494633 0.027680161484904667 0.5118737041490402 0.011240835822137626 10.038002731992302 0.004712963746555828
1.1 0.45970151447293034 0.0003186568088697307 6.690145429325112 0.008510894933744408 -1210.1826772884522 0.04182129800915163 0.5260973352218835 0.021538437732444394 10.311769996069886 0.009093481733261223
1.2 0.4677520727117378 0.00029632970998106847 6.701532490108737 0.007754476759779585 -1225.673007034016 0.04281254289212693 0.5260211124021895 0.020449075485930373 10.49860392881666 0.011358207206856236
1.3 0.4724581383417031 0.00033179400252546747 6.66650324045699 0.008449610532302138 -1235.5382140073227 0.0389075081498881 0.5368636434874889 0.021404802214899384 10.589797168628765 0.009637470070672541
1.4 0.4756781361912111 0.000330650896246017 6.627460734970033 0.007798582650714183 -1241.9576217655256 0.03974325555853856 0.4858625943808439 0.022160532209340805 10.671772728229387 0.009728516158573553
1.5 0.4778357802053467 0.00018642933685339514 6.596606011399223 0.00471712433792571 -1246.1363193593215 0.020977988854011573 0.5140490059219671 0.013637287741731556 10.718127437819467 0.005410925108731745
2.0 0.48243772492876746 0.00021877319201819604 6.462308853209112 0.0052737024205463095 -1253.6173665380518 0.020482040342926125 0.5150331888553301 0.013186458515725936 10.826022260813323 0.006646814941243099
2.1 0.48249160647048606 0.00036897083122339864 6.441544134657557 0.009192228679905025 -1254.0843967816957 0.03516046924880953 0.4822832978582708 0.024034831797959642 10.831320757665805 0.012434684874469595
2.2 0.4830305818038845 0.0003746583607230146 6.416923488323295 0.009684901724670746 -1254.3821927464785 0.03307352999191663 0.5371978476750943 0.023625959772293623 10.822610170953569 0.011490452431790388
2.3 0.48334687058428955 0.0003821443011739359 6.410993285017685 0.009176787136496426 -1254.5762393657908 0.03635611827117789 0.4800426914274409 0.026642444339176213 10.843414110203767 0.011830459216836266
2.4 0.4843589624273006 0.0004120860034119343 6.413473507744036 0.010145297739432381 -1254.7997454737633 0.0373273547722054 0.48962714291227954 0.024260250288253203 10.831338250326137 0.010572970322219603
2.5 0.48345518532202736 0.0002582480674138333 6.374992297271855 0.006263804308684329 -1254.922444767877 0.0187886957426224 0.4902226373359913 0.015705703107344416 10.840308324034238 0.00688721681909164
3.0 0.48414434593628863 0.00024087830781430912 6.340206460720688 0.006010656306678075 -1255.2704900057886 0.020280422046578258 0.511390980172799 0.015228314917504008 10.856372998852084 0.00780112446309146
4.0 0.4842991667551864 0.00017898669970836542 6.2748863592872155 0.004344090276242845 -1255.4069543053467 0.0108573618389192 0.4885048252058025 0.01037276512412618 10.867232550417238 0.00530234219519687
5.0 0.4845458179454393 0.0001909510263959967 6.243635869706841 0.004382366928023665 -1255.449551857466 0.01051779672379014 0.5177578514972486 0.013735115895531766 10.86994949556128 0.005553108357424692
6.0 0.4845072711934841 0.00020108896909651916 6.2207161005214 0.004855369427149631 -1255.4626419465299 0.011595353140455627 0.5044346394613924 0.012338845795518189 10.852074757862226 0.0064939361978215435
7.0 0.48409276618737823 0.000212455627231834 6.1917040009342665 0.005175319095364211 -1255.4897949162564 0.011817084867616935 0.5233861000007534 0.013663515332420256 10.872389129662483 0.005746286705848747
8.0 0.48392313071835175 0.00021857533315464294 6.173134521600157 0.005479973675886186 -1255.4863298836044 0.011438403814915525 0.5255817322715848 0.015381931425532099 10.870257398337117 0.007414396922077075
9.0 0.48430998080705573 0.0002225087232129675 6.17681450016399 0.005246603307304112 -1255.4857803762297 0.010797992296033381 0.4951019462253195 0.015884114943988656 10.876082405497751 0.007387130416459909
10.0 0.48415367931580455 0.0002337565877668942 6.165735291516787 0.00525811214011112 -1255.4903472320714 0.011867073452557383 0.5011919909817701 0.016458787245376142 10.86347075669128 0.008127815223000918


