0.0 0.0 0.0 0.0 0.0 0.0 0.0 0.0 0.0 0.0 0.0 0.0 0.0
1.0 0.234888575 0.00617374526636 0.0 0.0 0.0 0.0 0.250701475 0.00656253421617 0.0 0.0 0.2552634 0.0066308012051
2.0 0.187888925 0.00490007093727 0.05524927 0.00155358095158 0.0 0.0 0.1869092 0.00485784014437 0.0623406275 0.00169037519711 0.18598915 0.00480272746809
3.0 0.147672475 0.00382429689415 0.0910701025 0.00248199152389 0.0127435925 0.0003793309422 0.142080225 0.00366969815228 0.0946386675 0.0025482055018 0.140085 0.00360589939615
4.0 0.109603275 0.00282734360967 0.1088576 0.00292956083319 0.03229662 0.000934138032011 0.105458075 0.00272300435167 0.1079385 0.00285921014555 0.1043377 0.00269606294846
5.0 0.0803159925 0.00208409982587 0.109919975 0.00292054345125 0.0517932075 0.00149229680347 0.0784931325 0.00202841072393 0.10808005 0.00282071645994 0.077712935 0.00201799039868
6.0 0.0589713325 0.00154336675274 0.103223105 0.00269533027761 0.0664532625 0.00185337380741 0.0579324825 0.001532165198 0.101867725 0.00264619458365 0.05789117 0.00150670749864
7.0 0.04355747 0.00116964279285 0.092735435 0.00240344195035 0.0767162825 0.00210429409674 0.04307273 0.00115057932484 0.0916928575 0.002380063196 0.042571505 0.00111937582218
8.0 0.03194561 0.000889651596736 0.0810100775 0.00210133951397 0.081483055 0.00218981264967 0.03143692 0.000877986567425 0.080138115 0.00207715471144 0.03118754 0.000834397287843
9.0 0.02326803 0.000679505742605 0.06919882 0.00179828472159 0.0826858925 0.00216698268298 0.022693325 0.00063505368627 0.0673423325 0.00175181606661 0.022797465 0.000629643816188
10.0 0.01671743 0.000516391161358 0.05694162 0.00151430295989 0.0802148875 0.00208332352952 0.01635096 0.000471681743038 0.0563520775 0.00148513411366 0.01638221 0.000453150959151
11.0 0.011916458 0.000378041106021 0.0467724525 0.00126254194184 0.0751691425 0.00195764946071 0.011800455 0.000370149075513 0.0457801625 0.00122407697172 0.0118866925 0.000341321563707
12.0 0.00856930775 0.000293501900601 0.03770967 0.00106426772648 0.068641085 0.00179710916126 0.008463489 0.000276366631196 0.0367135325 0.000993920233259 0.008624541 0.000257627707241
13.0 0.005929154 0.000217420895171 0.0297279225 0.000847855832844 0.06117501 0.00160250734338 0.005875096 0.000211136164425 0.029556555 0.000823130693029 0.00609046575 0.000194544523083
14.0 0.0042253655 0.000158907436981 0.0229590925 0.000687655575203 0.0533617875 0.00139742734148 0.0042677675 0.000162099376547 0.022966515 0.000667414409557 0.00429149575 0.00013819533319
15.0 0.0029663845 0.000129900500135 0.0179804925 0.000552842212181 0.045581725 0.00122175438478 0.00297324075 0.000110286316336 0.017812575 0.000531855670425 0.003025201 0.000112139500485
16.0 0.00213058575 0.000100874820098 0.0135620725 0.000451141248732 0.0386484575 0.00107314486854 0.0020760765 8.63752013234e-05 0.0135761325 0.00042867922939 0.00218454225 7.85708432175e-05
17.0 0.0014297107 8.32108926337e-05 0.010329234 0.000356677057032 0.0319344525 0.000918575707256 0.0014565148 6.6292409738e-05 0.010356734 0.000335410168839 0.001493696425 6.48332690244e-05
18.0 0.0009977633 6.55589599597e-05 0.007727619 0.000288315599522 0.025899245 0.000787205644596 0.00100624545 5.76828831325e-05 0.007794615 0.000266103871456 0.0010454086 4.74925888873e-05
19.0 0.0007006606 5.26001499272e-05 0.00582420975 0.000225774873052 0.021138195 0.0006695321228 0.00070153715 4.6654398287e-05 0.0057842145 0.000200748991088 0.000749851325 4.32714933735e-05
20.0 0.000453772425 3.81983588838e-05 0.004226984 0.00019356067935 0.0167701 0.000547064589118 0.000476429405 3.86348867651e-05 0.0041785125 0.000165976978646 0.00047381665 2.57494618791e-05
21.0 0.00030230675 2.61239640718e-05 0.00305114325 0.000146133117248 0.01309969475 0.000445027848491 0.0003032957125 2.84120309884e-05 0.00306017075 0.000123164377459 0.0003355126825 2.5935207945e-05
22.0 0.00021679234225 2.21392622043e-05 0.0021934435 0.000125283993325 0.01013601 0.000367523460945 0.0001727972375 1.94302838755e-05 0.00224414025 0.000114535497101 0.000213543185 1.89889970315e-05
23.0 0.00014251559175 1.6187921558e-05 0.0015372717 8.62401594012e-05 0.00781586625 0.000313146106641 0.0001194365575 1.46249723684e-05 0.0015491027 8.64563736347e-05 0.0001350061825 1.66085603601e-05
24.0 7.9300360475e-05 1.28221832408e-05 0.001040987525 6.0050149949e-05 0.00588489475 0.000264408547322 6.30010938e-05 1.16443226121e-05 0.00106619215 5.81953998092e-05 9.0115267475e-05 1.36881027024e-05
25.0 4.68053495e-05 7.94495486938e-06 0.00074369705 5.2767556263e-05 0.0043816045 0.000194358701473 4.7402089925e-05 1.06943282253e-05 0.000727184725 4.98461387819e-05 5.8611828375e-05 1.11559060237e-05
26.0 2.932386745e-05 6.7216788522e-06 0.0005237745 4.16448165311e-05 0.003274151 0.000161711401242 2.5710339125e-05 6.95045082917e-06 0.00049399513 3.71033097673e-05 3.4196861325e-05 8.65847431339e-06
27.0 1.98941127e-05 5.69646207114e-06 0.000330643695 3.17398396486e-05 0.00238078875 0.000123757044753 1.744412975e-05 4.68641964935e-06 0.0003412347325 3.42616951373e-05 1.429097175e-05 3.28841079974e-06
28.0 8.944344825e-06 3.95611122983e-06 0.00021212696625 2.27959370996e-05 0.001671643775 9.58477142355e-05 1.354585e-05 4.89370328017e-06 0.0002089281175 2.24283887339e-05 1.19205046e-05 3.76988872948e-06
29.0 3.9773575e-06 1.77053378717e-06 0.0001392141915 2.07319569707e-05 0.001188888325 7.35924835066e-05 4.570505e-06 2.13713946935e-06 0.00014862604475 2.00947109362e-05 7.3398275e-06 2.49551847392e-06
30.0 1.66677875e-06 1.15712081343e-06 8.56497399e-05 1.33876472726e-05 0.0008232206 5.59714939182e-05 3.1510528e-06 1.6837448206e-06 0.0001046205967 1.45532356359e-05 4.541672e-06 2.47944024776e-06
31.0 1.2913125e-07 1.2913125e-07 5.6162410125e-05 1.34546367787e-05 0.0005775743 4.40428166012e-05 2.789978e-06 2.44740457544e-06 5.70282109e-05 1.01444049916e-05 3.0565285e-06 1.34269752109e-06
32.0 0.0 0.0 2.954501815e-05 7.67017984227e-06 0.00039637695 3.21783413418e-05 7.57433e-08 6.70783274925e-08 3.6375329775e-05 7.36226346185e-06 2.37075875e-06 1.80978931291e-06
33.0 0.0 0.0 2.1325902125e-05 6.91861236506e-06 0.000254453444375 3.23051558589e-05 6.964875e-07 6.964875e-07 2.13916835e-05 6.6239209091e-06 2.4514775e-06 1.71248928786e-06
34.0 0.0 0.0 6.796667125e-06 2.51949240287e-06 0.000153738194 2.10189103451e-05 9.0453e-09 9.0453e-09 1.1777839e-05 4.28671017684e-06 1.411835e-06 1.411835e-06
35.0 0.0 0.0 1.551632625e-06 6.68286598527e-07 0.0001030369155 1.70200362223e-05 5.698525e-07 5.698525e-07 9.4709048e-06 4.8985022162e-06 1.842275e-06 1.842275e-06
36.0 0.0 0.0 2.760188e-07 1.87445029178e-07 6.765441895e-05 1.24107381179e-05 0.0 0.0 5.436025e-06 2.44161541932e-06 0.0 0.0
37.0 0.0 0.0 5.608075e-07 5.608075e-07 3.46038744e-05 7.59866799485e-06 0.0 0.0 3.262987225e-06 2.30336336205e-06 8.60875e-09 8.60875e-09
38.0 0.0 0.0 0.0 0.0 2.3031017975e-05 6.43260057972e-06 0.0 0.0 8.60875e-09 8.60875e-09 0.0 0.0
39.0 0.0 0.0 0.0 0.0 1.09576325e-05 4.16920441246e-06 0.0 0.0 5.784901e-07 5.68997216406e-07 0.0 0.0
40.0 0.0 0.0 0.0 0.0 7.365604e-06 4.00947029405e-06 0.0 0.0 0.0 0.0 0.0 0.0
41.0 0.0 0.0 0.0 0.0 4.4136436e-06 2.9047300011e-06 0.0 0.0 9.813125e-09 9.813125e-09 0.0 0.0
42.0 0.0 0.0 0.0 0.0 3.012970625e-06 2.10748819435e-06 0.0 0.0 0.0 0.0 0.0 0.0
43.0 0.0 0.0 0.0 0.0 6.1597525e-07 4.70904663485e-07 0.0 0.0 0.0 0.0 0.0 0.0
44.0 0.0 0.0 0.0 0.0 1.028175e-07 1.028175e-07 0.0 0.0 0.0 0.0 0.0 0.0
45.0 0.0 0.0 0.0 0.0 2.67325e-07 2.67325e-07 0.0 0.0 0.0 0.0 0.0 0.0
46.0 0.0 0.0 0.0 0.0 0.0 0.0 0.0 0.0 0.0 0.0 0.0 0.0
47.0 0.0 0.0 0.0 0.0 0.0 0.0 0.0 0.0 0.0 0.0 0.0 0.0
48.0 0.0 0.0 0.0 0.0 0.0 0.0 0.0 0.0 0.0 0.0 0.0 0.0
49.0 0.0 0.0 0.0 0.0 0.0 0.0 0.0 0.0 0.0 0.0 0.0 0.0
50.0 0.0 0.0 0.0 0.0 0.0 0.0 0.0 0.0 0.0 0.0 0.0 0.0
51.0 0.0 0.0 0.0 0.0 0.0 0.0 0.0 0.0 0.0 0.0 0.0 0.0
52.0 0.0 0.0 0.0 0.0 0.0 0.0 0.0 0.0 0.0 0.0 0.0 0.0
53.0 0.0 0.0 0.0 0.0 0.0 0.0 0.0 0.0 0.0 0.0 0.0 0.0
54.0 0.0 0.0 0.0 0.0 0.0 0.0 0.0 0.0 0.0 0.0 0.0 0.0
55.0 0.0 0.0 0.0 0.0 0.0 0.0 0.0 0.0 0.0 0.0 0.0 0.0
56.0 0.0 0.0 0.0 0.0 0.0 0.0 0.0 0.0 0.0 0.0 0.0 0.0
57.0 0.0 0.0 0.0 0.0 0.0 0.0 0.0 0.0 0.0 0.0 0.0 0.0
58.0 0.0 0.0 0.0 0.0 0.0 0.0 0.0 0.0 0.0 0.0 0.0 0.0
59.0 0.0 0.0 0.0 0.0 0.0 0.0 0.0 0.0 0.0 0.0 0.0 0.0
60.0 0.0 0.0 0.0 0.0 0.0 0.0 0.0 0.0 0.0 0.0 0.0 0.0
61.0 0.0 0.0 0.0 0.0 0.0 0.0 0.0 0.0 0.0 0.0 0.0 0.0
62.0 0.0 0.0 0.0 0.0 0.0 0.0 0.0 0.0 0.0 0.0 0.0 0.0
63.0 0.0 0.0 0.0 0.0 0.0 0.0 0.0 0.0 0.0 0.0 0.0 0.0
64.0 0.0 0.0 0.0 0.0 0.0 0.0 0.0 0.0 0.0 0.0 0.0 0.0
65.0 0.0 0.0 0.0 0.0 0.0 0.0 0.0 0.0 0.0 0.0 0.0 0.0
66.0 0.0 0.0 0.0 0.0 0.0 0.0 0.0 0.0 0.0 0.0 0.0 0.0
67.0 0.0 0.0 0.0 0.0 0.0 0.0 0.0 0.0 0.0 0.0 0.0 0.0
68.0 0.0 0.0 0.0 0.0 0.0 0.0 0.0 0.0 0.0 0.0 0.0 0.0
69.0 0.0 0.0 0.0 0.0 0.0 0.0 0.0 0.0 0.0 0.0 0.0 0.0
70.0 0.0 0.0 0.0 0.0 0.0 0.0 0.0 0.0 0.0 0.0 0.0 0.0
71.0 0.0 0.0 0.0 0.0 0.0 0.0 0.0 0.0 0.0 0.0 0.0 0.0
72.0 0.0 0.0 0.0 0.0 0.0 0.0 0.0 0.0 0.0 0.0 0.0 0.0
73.0 0.0 0.0 0.0 0.0 0.0 0.0 0.0 0.0 0.0 0.0 0.0 0.0
74.0 0.0 0.0 0.0 0.0 0.0 0.0 0.0 0.0 0.0 0.0 0.0 0.0
75.0 0.0 0.0 0.0 0.0 0.0 0.0 0.0 0.0 0.0 0.0 0.0 0.0
76.0 0.0 0.0 0.0 0.0 0.0 0.0 0.0 0.0 0.0 0.0 0.0 0.0
77.0 0.0 0.0 0.0 0.0 0.0 0.0 0.0 0.0 0.0 0.0 0.0 0.0
78.0 0.0 0.0 0.0 0.0 0.0 0.0 0.0 0.0 0.0 0.0 0.0 0.0
79.0 0.0 0.0 0.0 0.0 0.0 0.0 0.0 0.0 0.0 0.0 0.0 0.0


# tau : 0.0540056028707 0.000571023845838
