4	5	50	50	1.01189	0.00632243	0.0433131	0.0128148	0.0433489	0.0128344	0.173193	0.0512704	0.000131213	6.29344e-05	
4	5.5	50	50	1.23092	0.00228796	0.0817532	0.0142904	0.0816148	0.0142833	0.324957	0.0570494	0.00177931	0.000160811	
4	6	50	50	1.31066	0.00144372	0.136734	0.00950408	0.136396	0.00950295	0.532943	0.0377304	0.0133159	0.000436419	
4	6.5	50	50	1.28174	0.00140076	0.178969	0.00626007	0.178026	0.0062008	0.651231	0.0241853	0.062758	0.00115851	
4	7	50	50	1.07038	0.00136047	0.251108	0.00303752	0.250638	0.00298415	0.798485	0.010985	0.205007	0.00154236	
4	7.5	50	50	0.502669	0.000891742	0.348936	0.00201083	0.34816	0.00209082	0.930897	0.00631989	0.463294	0.00224786	
4	8	50	50	0.0676333	0.000309732	0.44506	0.00145214	0.444847	0.00135363	1.03183	0.00362238	0.747989	0.00209688	
4	8.25	50	50	0.0172066	0.000144172	0.479228	0.00112708	0.480397	0.00110137	1.06278	0.00265321	0.856467	0.00179672	
4	8.75	50	50	0.000849473	3.44247e-05	0.532215	0.000957842	0.531497	0.00106081	1.11946	0.00217164	1.00796	0.0017707	

