4	6	30	30	1.31936	0.000881338	0.167546	0.00227107	0.167937	0.00226118	0.571805	0.00852803	0.0991595	0.000748018	
4	6	50	50	1.30994	0.00102505	0.135048	0.00731613	0.134818	0.00732865	0.526171	0.029068	0.013561	0.00036233	
4	6	70	70	1.30249	0.00198553	0.109751	0.0189056	0.109427	0.0184734	0.434983	0.0751368	0.00160526	0.000141073	
4	6	74	74	1.30362	0.00153095	0.11968	0.0204181	0.119837	0.0204336	0.495876	0.0816593	0.000993068	0.000107942	
4	6	78	78	1.30366	0.00157679	0.133219	0.0244822	0.133188	0.0244896	0.532005	0.0979018	0.000784821	0.000106671	
4	6	90	90	1.29839	0.00154336	0.0146629	0.00788812	0.0145444	0.00760499	0.0579873	0.0303926	0.000131452	4.20097e-05	
4	6	110	110	1.2944	0.00183764	0.0113573	0.00755529	0.0114491	0.00757683	0.045521	0.0302426	9.17843e-05	5.69151e-05	
4	6	130	130	1.2924	0.00442812	0	0	0	0	0	0	0	0	
4	6	150	150	1.29547	0.00373226	0	0	0	0	0	0	0	0	
4	6	250	250	1.27236	0.00712124	0	0	0	0	0	0	0	0	


#4       6       30      30      1.31936 0.000881338     0.167546        0.00227107      0.167937        0.00226118      0.571805        0.00852803      0.0991595       0.000748018     
#4       6       50      50      1.31066 0.00144372      0.136734        0.00950408      0.136396        0.00950295      0.532943        0.0377304       0.0133159       0.000436419     
#4       6       70      70      1.30223 0.00208566      0.102324        0.0169792       0.101549        0.0171976       0.40496 0.0702483       0.00149946      0.000134585     
#4       6       74      74      1.30384 0.00160634      0.12532 0.01917 0.125352        0.0191708       0.50046 0.0766468       0.000883669     9.94231e-05     
#4       6       78      78      1.30232 0.00155113      0.0959058       0.0179913       0.0958043       0.0179904       0.382681        0.0719251       0.000707667     0.00011619      
#4       6       90      90      1.29904 0.00179505      0.0191685       0.0103191       0.0189718       0.00991848      0.0756218       0.039639        0.000154301     5.37549e-05     
##4       6       90      91      1.2878  0.00487935      0.000180367     0.000145304     0.000140319     0.000122687     0.000320687     0.000189521     0.000320687     0.000189521     
#4       6       110     110     1.29396 0.00218683      0.0146763       0.00750015      0.0147949       0.00753681      0.0588236       0.030037        0.000118607     7.36797e-05     
#4       6       130     130     1.2924  0.00442812      0       0       0       0       0       0       0       0       
##4       6       130     131     1.28962 0.00786899      0       0       0       0       0       0       0       0       
#4       6       150     150     1.29547 0.00373226      0       0       0       0       0       0       0       0       
#4       6       250     250     1.27236 0.00712124      0       0       0       0       0       0       0       0       


#4       6       30      30      1.31936 0.000881338     0.167546        0.00227107      0.167937        0.00226118      0.571805        0.00852803      0.0991595       0.000748018     
#4       6       50      50      1.31165 0.00259084      0.137882        0.0154762       0.137772        0.015455        0.53829 0.061338        0.0130182       0.000758047     
#4       6       70      70      1.30159 0.00250895      0.133818        0.0224647       0.132234        0.022654        0.528476        0.0928363       0.00170537      0.000170375     
#4       6       74      74      1.30258 0.00184483      0.0790479       0.0176697       0.0790788       0.0176555       0.315407        0.0706212       0.000846226     0.000115719     
#4       6       78      78      1.30381 0.00190695      0.11712 0.0233429       0.117058        0.0233467       0.467548        0.0933306       0.0007655       0.000140613     
#4       6       90      90      1.29858 0.00205324      8.05802e-06     6.29764e-06     8.7289e-05      4.18139e-05     9.52004e-05     4.21967e-05     9.52004e-05     4.21967e-05     
#4       6       110     110     1.2943  0.0025461       0.0207684       0.0106322       0.0209362       0.010684        0.0832414       0.0425804       0.00016784      0.000104571     
#4       6       130     130     1.2924  0.00442812      0       0       0       0       0       0       0       0       
#4       6       150     150     1.29547 0.00373226      0       0       0       0       0       0       0       0       
#4       6       250     250     1.27236 0.00712124      0       0       0       0       0       0       0       0       


#4       6       30      30      1.31936 0.000881338     0.167546        0.00227107      0.167937        0.00226118      0.571805        0.00852803      0.0991595       0.000748018     
#4       6       50      50      1.31705 0.00407125      0.181722        0.024983        0.182972        0.025027        0.714254        0.0991739       0.0151342       0.00145242      
#4       6       70      70      1.30163 0.00277613      0.139176        0.025479        0.137432        0.0255951       0.548696        0.103556        0.00170478      0.000183697     
#4       6       74      74      1.30234 0.00205853      0.089101        0.0207344       0.0891872       0.0207151       0.355631        0.0828658       0.000945377     0.000134842     
#4       6       78      78      1.30412 0.00213769      0.114283        0.0251897       0.114227        0.0251898       0.456235        0.100709        0.000732432     0.000158081     
#4       6       90      90      1.30001 0.00233441      9.88794e-06     7.72797e-06     8.21785e-05     4.83475e-05     9.18466e-05     4.88507e-05     9.18466e-05     4.88507e-05     
##4       6       110     110     1.29485 0.00284912      0.0250514       0.0127833       0.0252539       0.0128453       0.100408        0.0511949       0.000202454     0.000125829     
#4       6       130     130     1.2924  0.00442812      0       0       0       0       0       0       0       0       
#4       6       130     131     1.28962 0.00786899      0       0       0       0       0       0       0       0       
#4       6       150     150     1.29547 0.00373226      0       0       0       0       0       0       0       0       
#4       6       250     250     1.27236 0.00712124      0       0       0       0       0       0       0       0       

#4	6	30	30	1.31936	0.000881338	0.167546	0.00227107	0.167937	0.00226118	0.571805	0.00852803	0.0991595	0.000748018	
#4	6	50	50	1.31022	0.00171687	0.116886	0.0113779	0.117084	0.0114174	0.455651	0.0452193	0.0122871	0.00059172	
#4	6	70	70	1.30133	0.00301667	0.13642	0.020353	0.134364	0.020168	0.536787	0.0815406	0.00156461	0.000174342	
#4	6	74	74	1.30018	0.00196584	0.0534383	0.013427	0.053496	0.0134239	0.212979	0.0536689	0.000889898	0.000138464	
#4	6	78	78	1.30476	0.00232825	0.131524	0.0221157	0.131548	0.0221096	0.525403	0.0884019	0.000676111	0.000150698	
#4	6	90	90	1.29935	0.00258439	1.19665e-05	9.35931e-06	4.54193e-05	2.2646e-05	5.70652e-05	2.42587e-05	5.70652e-05	2.42587e-05
#4	6	110	110	1.29434	0.00292397	0.0289129	0.0108736	0.0291089	0.0108934	0.115847	0.0435135	0.000196078	0.000140705	
#4	6	130	130	1.2924	0.00442812	0	0	0	0	0	0	0	0	
#4	6	150	150	1.29547	0.00373226	0	0	0	0	0	0	0	0	
#4	6	250	250	1.27236	0.00712124	0	0	0	0	0	0	0	0	

#4       6       30      30      1.31936 0.000881338     0.167546        0.00227107      0.167937        0.00226118      0.571805        0.00852803      0.0991595       0.000748018     
#4       6       50      50      1.31022 0.00171687      0.116886        0.0113779       0.117084        0.0114174       0.455651        0.0452193       0.0122871       0.00059172      
#4       6       70      70      1.30679 0.00372141      0.205596        0.0296193       0.201329        0.0293318       0.803495        0.118726        0.0017432       0.000217645     
#4       6       74      74      1.30352 0.00256599      0.0628388       0.0193931       0.0627726       0.0193686       0.250387        0.0775034       0.000836051     0.00016004      
#4       6       78      78      1.30429 0.00259855      0.0955132       0.0183399       0.0957734       0.0183638       0.381858        0.0733685       0.000597744     0.000180714     
#4       6       90      90      1.29989 0.00349738      5.72246e-06     5.74713e-06     6.0668e-05      3.51907e-05     6.61213e-05     3.55611e-05     6.61213e-05     3.55611e-05     
#4       6       110     110     1.29125 0.00369593      0       0       0       0       0       0       0       0       
#4       6       130     130     1.2924  0.00442812      0       0       0       0       0       0       0       0       
#4       6       130     131     1.28962 0.00786899      0       0       0       0       0       0       0       0       
#4       6       150     150     1.29547 0.00373226      0       0       0       0       0       0       0       0       
#4       6       250     250     1.27236 0.00712124      0       0       0       0       0       0       0       0       




