4	5	70	70	0.922205	0.00387336	0	0	0	0	0	0	0	0	
4	5.5	70	70	1.20647	0.00186109	0	0	9.94489e-06	9.39484e-06	9.94489e-06	9.39484e-06	9.94489e-06	9.39484e-06	
4	6	70	70	1.30223	0.00208566	0.102324	0.0169792	0.101549	0.0171976	0.40496	0.0702483	0.00149946	0.000134585	
4	6.5	70	70	1.27756	0.00206974	0.145859	0.00960236	0.14641	0.0095921	0.569179	0.0381217	0.0153592	0.000469488	
4	7	70	70	1.02728	0.00152789	0.205314	0.0066536	0.205386	0.00671683	0.733513	0.0258471	0.0878872	0.00141576	
4	7.5	70	70	0.323208	0.00111724	0.301493	0.00441274	0.30382	0.00431201	0.904327	0.0153504	0.306297	0.00290494	
4	8	70	70	0.0149726	0.000187482	0.411356	0.0028948	0.410034	0.00254264	1.00524	0.00773422	0.637535	0.00357651	
4	8.25	70	70	0.00211151	6.9994e-05	0.451877	0.00209401	0.451573	0.00237313	1.03591	0.0056205	0.770985	0.00323321	
4	8.75	70	70	2.12338e-05	7.73126e-06	0.519066	0.00194315	0.5218	0.0018375	1.11162	0.004255	0.970114	0.00335995	

