4	5	30	30	1.08081	0.00332755	0.0644496	0.00758062	0.0641633	0.00754048	0.250854	0.0300347	0.00637162	0.000350078	
4	5.5	30	30	1.2574	0.00161829	0.110504	0.00589875	0.109948	0.0058935	0.410477	0.0231126	0.0304272	0.000687287	
4	6	30	30	1.31936	0.000881338	0.167546	0.00227107	0.167937	0.00226118	0.571805	0.00852803	0.0991595	0.000748018	
4	6.5	30	30	1.2934	0.000861689	0.23683	0.00148726	0.237072	0.0014995	0.712826	0.00512214	0.234979	0.0010493	
4	7	30	30	1.1311	0.00078975	0.3206	0.00105455	0.322062	0.00108261	0.849811	0.0034163	0.435513	0.00109361	
4	7.5	30	30	0.740252	0.00060022	0.405991	0.000793402	0.406215	0.000778473	0.962189	0.00207769	0.662223	0.00118003	
4	8	30	30	0.271313	0.000389678	0.478926	0.000645356	0.477551	0.000586754	1.04677	0.00144738	0.866184	0.00103855	
4	8.25	30	30	0.131937	0.000234884	0.506102	0.000522313	0.505779	0.000498535	1.07919	0.00115534	0.944574	0.000872319	
4	8.75	30	30	0.0243438	0.000101766	0.546446	0.000436572	0.546022	0.000465654	1.12917	0.000932949	1.05577	0.000809998	

