8	11	70	70	0	0	0	0	0	0	0	0	0	0	
8	11.5	70	70	0	0	0	0	0	0	0	0	0	0	
8	12	70	70	7.86943e-07	4.50672e-07	0	0	0	0	0	0	0	0	
8	13	70	70	0.00212901	5.94407e-05	0	0	0	0	0	0	0	0	
8	14	70	70	0.41171	0.00856968	0	0	0	0	0	0	0	0	
8	15	70	70	0.00252318	0.000109945	0.210738	0.0281017	0.210952	0.0281144	0.842416	0.112376	0.000963463	0.00021835	
8	16	70	70	0	0	0.284757	0.00554827	0.284813	0.00547833	0.895296	0.0196593	0.243844	0.00291377	
8	16	70	70	0	0	0.28505	0.00413385	0.285609	0.00406302	0.896437	0.0146331	0.244881	0.00216047	
8	17	70	70	0	0	0.483692	0.00277651	0.484543	0.00280973	1.08947	0.00694166	0.847006	0.00451202	
8	18	70	70	0	0	0.567831	0.00176573	0.569175	0.0019025	1.17641	0.00381313	1.0976	0.00341178	

