8	11	30	30	9.11344e-05	2.1449e-06	0	0	0	0	0	0	0	0	
8	11.5	30	30	0.000722711	7.57495e-06	0	0	0	0	0	0	0	0	
8	12	30	30	0.0046889	3.14228e-05	0	0	0	0	0	0	0	0	
8	13	30	30	0.131744	0.000637572	4.46543e-07	4.47591e-07	0	0	4.46543e-07	4.47591e-07	4.46543e-07	4.47591e-07	
8	14	30	30	0.732725	0.00325554	0.0280451	0.00745999	0.0280305	0.00746133	0.111857	0.0298231	0.000294648	2.82702e-05	
8	15	30	30	0.129343	0.000267391	0.165506	0.00195879	0.165381	0.00194802	0.58167	0.00745785	0.0801039	0.000496019	
8	16	30	30	0.000731025	1.42293e-05	0.406061	0.000742397	0.405982	0.00074813	0.990222	0.00210397	0.633863	0.000998234	
8	17	30	30	5.78561e-06	1.56912e-06	0.531719	0.00052389	0.531666	0.000559661	1.12478	0.00114542	1.00199	0.000934133	
8	18	30	30	0	0	0.581808	0.000454507	0.581897	0.00044838	1.18651	0.000905384	1.1409	0.000858233	

