8       16      30      30      0.000731025     1.42293e-05     0.406061        0.000742397     0.405982        0.00074813      0.990222        0.00210397      0.633863        0.000998234     
8       16      50      50      2.59691e-06     9.44377e-07     0.333327        0.0024629       0.333313        0.00246887      0.931936        0.00812806      0.401343        0.00213927      
8       16      70      70      0       0       0.284757        0.00554827      0.284813        0.00547833      0.895296        0.0196593       0.243844        0.00291377      
8       16      70      70      0       0       0.28505 0.00413385      0.285609        0.00406302      0.896437        0.0146331       0.244881        0.00216047      
8       16      90      90      0       0       0.262886        0.0108122       0.263382        0.010852        0.911866        0.0406746       0.14067 0.00346179      
8       16      110     110     0       0       0.248938        0.01814 0.24965 0.0181039       0.91444 0.070357        0.0827367       0.00339439      
8       16      130     130     0       0       0.250174        0.0235914       0.248841        0.0234907       0.950449        0.0929454       0.0475811       0.0024959       
8       16      150     150     0       0       0.214177        0.0290469       0.213526        0.0289119       0.830184        0.115187        0.0252219       0.00193034      

#8       16      30      30      0.000731025     1.42293e-05     0.406061        0.000742397     0.405982        0.00074813      0.990222        0.00210397      0.633863        0.000998234     
#8       16      50      50      2.59691e-06     9.44377e-07     0.333327        0.0024629       0.333313        0.00246887      0.931936        0.00812806      0.401343        0.00213927      
#8       16      70      70      0       0       0.282639        0.00550117      0.284232        0.00544467      0.890501        0.0195346       0.243242        0.00301039      
#8       16      90      90      0       0       0.263511        0.0110132       0.264211        0.0110553       0.915203        0.0414314       0.140242        0.00351409      
#8       16      110     110     0       0       0.244446        0.0183278       0.245361        0.0182962       0.897662        0.0711089       0.0819522       0.00342361      
#8       16      130     130     0       0       0.24885 0.0253784       0.246686        0.0252936       0.943067        0.100232        0.0480045       0.00304601      
##8       16      150     150     0       0       0.325337        0.0339484       0.323726        0.0339128       1.27069 0.134941        0.0274317       0.00259982      


#8	16	30	30	0.000731025	1.42293e-05	0.406061	0.000742397	0.405982	0.00074813	0.990222	0.00210397	0.633863	0.000998234	
#8	16	50	50	2.59691e-06	9.44377e-07	0.333327	0.0024629	0.333313	0.00246887	0.931936	0.00812806	0.401343	0.00213927	
#8	16	70	70	0	0	0.288685	0.00651296	0.288582	0.00637811	0.909107	0.0230054	0.245427	0.00335156	
#8	16	90	90	0	0	0.26074	0.0124556	0.261548	0.0125637	0.905308	0.0469111	0.139267	0.00407546	
#8	16	110	110	0	0	0.246081	0.0177309	0.246954	0.0176618	0.90401	0.0690016	0.0820589	0.00342184	
#8	16	130	130	0	0	0.268732	0.0297592	0.267098	0.0296773	1.02427	0.117653	0.0473939	0.00331773	
#8	16	150	150	0	0	0.327824	0.02854	0.325345	0.0285415	1.27904	0.113555	0.0272976	0.00279289	

