8	11	50	50	4.81533e-08	3.98193e-08	0	0	0	0	0	0	0	0	
8	11.5	50	50	1.94982e-06	4.00031e-07	0	0	0	0	0	0	0	0	
8	12	50	50	5.55638e-05	2.50154e-06	0	0	0	0	0	0	0	0	
8	13	50	50	0.0175759	0.000235975	0	0	0	0	0	0	0	0	
8	14	50	50	0.562568	0.00676369	0	0	0	0	0	0	0	0	
8	15	50	50	0.0190862	0.000197904	0.149015	0.0130063	0.149246	0.0130033	0.587107	0.0518356	0.00941579	0.000334284	
8	16	50	50	2.59691e-06	9.44377e-07	0.333327	0.0024629	0.333313	0.00246887	0.931936	0.00812806	0.401343	0.00213927	
8	17	50	50	0	0	0.508845	0.00130024	0.509471	0.00125575	1.11316	0.00308148	0.92347	0.002223	
8	18	50	50	0	0	0.573726	0.000926842	0.573648	0.0009388	1.18093	0.00185377	1.11382	0.00162653	

