0 0.955450557488 0.000117374822015 1.01518353703e-05 1.24730700755e-05
1 0.838934268031 0.000305708570777 -2.87591047527e-05 4.79371769898e-05
2 0.718940786987 0.00028341177408 8.53762003136e-06 0.000136505064051
3 0.721630248447 0.000185706342203 -3.33154133831e-05 0.000181295732432
4 0.818665525065 0.000229917173062 9.02225413913e-05 0.000108527108148
5 0.862860578847 0.000255590125287 -4.22655078503e-05 4.67191638136e-05
6 0.802324113162 0.000249490317022 2.4605056837e-05 7.52821496489e-05
7 0.73031949102 0.000320361161797 -8.18608726412e-05 0.000126988841332
8 0.751445371965 0.000253127150101 2.26344194553e-05 0.000138625611019
9 0.828437362145 0.000343572643012 5.97208545022e-05 8.48473876627e-05
10 0.847057381352 0.000346150856618 -8.32021045042e-05 7.10135891986e-05
11 0.783850974243 0.000299283529288 7.94066193067e-05 0.000155043694148
12 0.73260165067 0.000556512519461 8.92334100718e-06 0.000179594929911
13 0.769041363208 0.000293734816704 -7.14910990958e-05 0.000154565148006
14 0.83744021563 0.000366814478075 8.91974064803e-05 0.000106994776515
15 0.836542689708 0.000364004497767 -0.000109037155482 0.000111512235767
16 0.76817725349 0.000277585209694 0.000146211252915 0.000110696966631
17 0.73312089306 0.000354773981873 -0.000111469228217 9.8089535062e-05
18 0.785261470161 0.000283842595606 1.61869351409e-06 0.000113850533674
19 0.847583203242 0.000247117241207 -2.56517855875e-05 0.000102800035231
20 0.827735251186 0.000352917747993 0.000163183773723 0.000112915222866
21 0.751228603259 0.000306389209729 -0.000185681701671 0.000133044740781
22 0.730955970299 0.000344644593623 4.57489542929e-05 0.000133290189299
23 0.803067516042 0.00041463688335 9.77113020646e-05 0.000112390014271
24 0.863243834489 0.000228537419757 -0.00014594607601 6.19017532091e-05
25 0.81847226295 0.000285133310932 0.000190874002604 6.99872561551e-05
26 0.7216810463 0.00014709318241 -0.000254540630314 0.000100786790363
27 0.719259263977 0.000391983024174 0.000203570116157 8.80333578328e-05
28 0.839165793342 0.000416311667461 -9.63711942522e-05 5.88800148179e-05
29 0.955505060234 0.00014626244815 2.72740841096e-05 2.06556571482e-05
