0 0 0.94424111261 0.000518705435981 0.472120556305 0.00025935271799
1 0 0.828190037166 0.000887767165552 -0.358357558937 0.000937956295809
2 0 0.735524690326 0.000956980124774 0.140859894722 0.00181948889801
3 0 0.743033170855 0.000422598211881 0.113138324281 0.00217106378841
4 0 0.810394581902 0.000769941670886 -0.299714707853 0.00153846902026
5 0 0.837417350045 0.000262532045322 0.352877927023 0.000586247485496
6 0 0.798149676331 0.000696722274313 -0.26343146458 0.0012351868833
7 0 0.754344739411 0.00111034746119 0.0696251964558 0.00199829027383
8 0 0.768803805874 0.000893937460443 0.147838639488 0.00234674872882
9 0 0.813399635702 0.00046663493207 -0.297700055122 0.00205089165366
10 0 0.822550752898 0.00100495973961 0.322535093155 0.00163544609743
11 0 0.785981781507 0.00112723993073 -0.215067376087 0.00236968427221
12 0 0.759027146468 0.00102210840407 0.0193573474046 0.00305387543239
13 0 0.779866979883 0.00108359773853 0.182732612325 0.00275171680171
14 0 0.817866108418 0.000957449902627 -0.307932009971 0.00180303010784
15 0 0.817172057624 0.000821153248146 0.306774862477 0.00168517971765
16 0 0.77893967009 0.000910623748401 -0.179461457165 0.00201625972295
17 0 0.758488102122 0.000851728145798 -0.0238809748415 0.00249846620461
18 0 0.787944853332 0.000942529551704 0.21882708027 0.00247013658073
19 0 0.824184573798 0.00111648434739 -0.324555203927 0.00154828719081
20 0 0.814188233719 0.000615212730703 0.298536276902 0.00132144416558
21 0 0.767655287113 0.00094924052253 -0.147381303211 0.00224213522302
22 0 0.753899079965 0.00056738638767 -0.0710800993931 0.00249295701226
23 0 0.797122536337 0.000872579820856 0.265488511395 0.00183006986088
24 0 0.838632690714 0.000917364140446 -0.354487054116 0.0010667319708
25 0 0.811647169024 0.000722483413725 0.300272005333 0.00123759560432
26 0 0.744226623693 0.000657389057861 -0.113800147675 0.0012225378799
27 0 0.735514016553 0.00055775137886 -0.139952091875 0.000816949448563
28 0 0.828099795649 0.000484835731045 0.357564047655 0.000412822054432
29 0 0.943493740872 0.000265978699267 -0.471746870436 0.000132989349633
0 1 0.954197165995 0.000396492893007 -0.477098582998 0.000198246446503
1 1 0.836768594962 0.00121364570558 0.37258530025 0.000982135113872
2 1 0.721362391499 0.00112988545721 -0.151903402602 0.00200508277643
3 1 0.726774859554 0.000461286851641 -0.120354016233 0.00242231665733
4 1 0.817064274817 0.000943617498328 0.322290753203 0.00165588798691
5 1 0.854177531214 0.000817917561584 -0.380682667994 0.000605790946564
6 1 0.800009095289 0.00110068021256 0.28704348997 0.00195066393339
7 1 0.73887162911 0.000896876555838 -0.0774074024747 0.00302771944222
8 1 0.759031470798 0.00134232803836 -0.16033911325 0.00289679880228
9 1 0.822557348685 0.000806066204819 0.323334291545 0.00194206197095
10 1 0.836130603659 0.00102127426101 -0.350845355704 0.00165125100359
11 1 0.78407102491 0.000940466883178 0.235442372548 0.00248313858418
12 1 0.744786529992 0.000854881936001 -0.0220649720456 0.00317521358744
13 1 0.774213550016 0.000989331828278 -0.199399057888 0.00297292117657
14 1 0.829357356212 0.00114711207943 0.335532543424 0.00196713551189
15 1 0.827915318052 0.000747725061488 -0.334416990006 0.00166788348009
16 1 0.772857376765 0.000646302275295 0.196167434868 0.00250674644297
17 1 0.744271550647 0.000753960647907 0.0266626722237 0.00292378026307
18 1 0.785849351043 0.000698463011351 -0.239618103628 0.00243823224512
19 1 0.837862672069 0.000787890506783 0.353406500536 0.00135476036202
20 1 0.822453013879 0.000819525382586 -0.324214260549 0.0013668850185
21 1 0.757991936738 0.000693931953835 0.159250982122 0.00188335600204
22 1 0.73868108953 0.000670937888974 0.079668813642 0.00197531492321
23 1 0.800529490049 0.00116211959652 -0.289457886876 0.00134916047294
24 1 0.855574957991 0.000668910645393 0.382322218941 0.000851885897229
25 1 0.817017820709 0.000589087357687 -0.32245096435 0.00116543371981
26 1 0.726947137308 0.000670747940256 0.119961059704 0.00127009019302
27 1 0.721020332203 0.000627632802909 0.15241724797 0.000989942042149
28 1 0.837296435799 0.000610267343585 -0.373011949601 0.000501361729246
29 1 0.954358090505 0.00023128326526 0.477179045253 0.00011564163263
0 2 0.955638880202 0.000532587629917 0.477819440101 0.000266293814958
1 2 0.838550644123 0.00120935993617 -0.37491866387 0.00112526716205
2 2 0.719104334529 0.00114644751996 0.153974701307 0.00220837429427
3 2 0.722241499614 0.000737783121817 0.122150695096 0.00261759036219
4 2 0.818191271605 0.000652305579906 -0.32817057877 0.00192157065826
5 2 0.860502800951 0.000411249735168 0.388662646062 0.000433275476584
6 2 0.800676632949 0.00119957074643 -0.29429337229 0.00189742329879
7 2 0.734094367514 0.000560906668008 0.0800277068544 0.00326741763175
8 2 0.754667464079 0.00100427975884 0.164768117147 0.00299941389822
9 2 0.825613672965 0.000892811640416 -0.33329617034 0.00143704033472
10 2 0.842226077376 0.000724748077904 0.362310171746 0.00109219207093
11 2 0.783744668266 0.00127074082298 -0.244165437531 0.00271887781766
12 2 0.738408617959 0.000811672702612 0.0236571900651 0.00367707937454
13 2 0.771938776731 0.00113306039604 0.205685736755 0.00331596374949
14 2 0.833764519502 0.00127418989414 -0.34610958491 0.00198090023467
15 2 0.83262749988 0.000825309028123 0.345160233745 0.00147236439351
16 2 0.770415626468 0.00127938696189 -0.202839952182 0.00270191678519
17 2 0.737904139789 0.00110632725557 -0.0276963330891 0.00344428607888
18 2 0.78523278736 0.000974714460859 0.247425635177 0.00298782143446
19 2 0.84428008742 0.000925583061932 -0.364266965867 0.0014699817194
20 2 0.827106492132 0.0007339982585 0.334982580561 0.00133708521235
21 2 0.754621432068 0.000802994291005 -0.166039204303 0.0023919569463
22 2 0.732231060206 0.000827548724365 -0.0802443505951 0.00246287616792
23 2 0.801088704758 0.00112320842511 0.295697155618 0.00153709606563
24 2 0.861310255135 0.000783487422642 -0.390226475467 0.000793161868601
25 2 0.819143317368 0.000503616642753 0.329594056305 0.00113866627343
26 2 0.722420028798 0.000810702603534 -0.123332234715 0.00141052156371
27 2 0.71859693095 0.000750149908013 -0.153149231981 0.00123365683419
28 2 0.838356426841 0.000654840377469 0.374482980602 0.000653740085665
29 2 0.95530098246 0.000340866851101 -0.47765049123 0.000170433425551
0 3 0.956144150616 0.000386637750428 -0.478072075308 0.000193318875214
1 3 0.83942201818 0.00109246713611 0.375859585416 0.000921021834569
2 3 0.718970490194 0.00116383110502 -0.155238109911 0.00198089637803
3 3 0.720439440299 0.000646472816245 -0.122052322737 0.00252303594521
4 3 0.819306487634 0.000754492896728 0.329922709132 0.00182437085472
5 3 0.862652863246 0.000480397039531 -0.392010465378 0.000375083164782
6 3 0.801613149865 0.00108493245521 0.298424467416 0.00187350880268
7 3 0.729900853169 0.000931836321001 -0.0816519302296 0.00308756350707
8 3 0.75201328908 0.00105169420276 -0.167641301307 0.00290508577501
9 3 0.828209302447 0.00110316418585 0.338724581396 0.00167004429584
10 3 0.846227780049 0.000736268681787 -0.368370048723 0.000993007477438
11 3 0.783453658355 0.00153184685303 0.249142266719 0.0024530554407
12 3 0.733368845478 0.000982721263436 -0.0244456998499 0.00360222763397
13 3 0.769453272492 0.00129027151004 -0.21005312092 0.0031394669824
14 3 0.837425908617 0.00101872187435 0.353266695155 0.00162136873899
15 3 0.837366928497 0.00104466375493 -0.352431034159 0.00151072253779
16 3 0.770152922037 0.0010108574319 0.208369655169 0.00280791027117
17 3 0.733845614465 0.000680651067776 0.0259829465685 0.0030984221801
18 3 0.783485514344 0.00130353898949 -0.250414509653 0.00205956393571
19 3 0.846801109228 0.000591263988805 0.369287964292 0.000682856690995
20 3 0.828570025811 0.000806707577973 -0.339094011214 0.00147418223396
21 3 0.752942520434 0.000427861592427 0.167796147978 0.00247415296746
22 3 0.729695107069 0.00124767641595 0.0816567404236 0.00215906822607
23 3 0.801268278144 0.000876597896501 -0.299103511507 0.00107817904159
24 3 0.863527834343 0.00032212870484 0.393226019664 0.000640983993614
25 3 0.819335560504 0.000624900096885 -0.331052687471 0.00105420857115
26 3 0.720674295924 0.000431199100474 0.12292711617 0.0012345878172
27 3 0.71713351176 0.000559954113964 0.155348665187 0.000924597692174
28 3 0.839859457799 0.000614326217915 -0.376674637277 0.000447521050098
29 3 0.956739809919 0.00020085143191 0.47836990496 0.000100425715955
0 4 0.956406368795 0.000347779299153 0.478203184398 0.000173889649576
1 4 0.839630138622 0.000774940328436 -0.376223452864 0.000645967022984
2 4 0.717110063253 0.00137591310066 0.154778368727 0.00166680993507
3 4 0.720253580617 0.000706692329949 0.123752127404 0.00221852860825
4 4 0.819700087737 0.000688661260742 -0.332174905548 0.0016185788372
5 4 0.864770228069 0.000565804296829 0.394312209935 0.000853491196843
6 4 0.802265875806 0.00133459499618 -0.300341493092 0.00219269548737
7 4 0.728837269557 0.000805095792079 0.0826710075377 0.00334775826143
8 4 0.750513698956 0.00115109393401 0.168547955474 0.00314196077165
9 4 0.828991829805 0.00137582270907 -0.341322101874 0.00172851225148
10 4 0.848358522257 0.000559861168035 0.371568788724 0.000794723145212
11 4 0.783421428854 0.00131011734361 -0.251882245008 0.00218720449451
12 4 0.731669741409 0.000942731500955 0.0255018782553 0.00321827171518
13 4 0.768711002984 0.00120737468318 0.211125072097 0.00302623081888
14 4 0.838454697282 0.00123207374886 -0.355524577536 0.00179986108755
15 4 0.838610758227 0.00109066698515 0.354860049069 0.00147751949011
16 4 0.769521482226 0.000934383950829 -0.21007847754 0.0023795574084
17 4 0.731234365573 0.000822445918393 -0.0264511594579 0.0026324038317
18 4 0.78356959223 0.000967038693923 0.252859309119 0.0018295566659
19 4 0.848593957067 0.000571797147531 -0.372213491318 0.000709142205317
20 4 0.829264398146 0.000717536943777 0.341357543197 0.00145467775096
21 4 0.750159361623 0.000774894822063 -0.167824843971 0.00230822511504
22 4 0.729544782744 0.00109880711788 -0.0834507926419 0.00218087634788
23 4 0.802749220073 0.00118553456024 0.300783006698 0.00118517869444
24 4 0.865151941102 0.000626084347256 -0.394591568236 0.000582901011522
25 4 0.818810436292 0.000872964366325 0.331957254901 0.00125790222642
26 4 0.720554221482 0.000545996819154 -0.123396077361 0.00189488394716
27 4 0.717495931483 0.000995208824068 -0.154630949513 0.00159447623011
28 4 0.839253275554 0.000925933651764 0.37602425151 0.000718239006586
29 4 0.956391742174 0.00033936477085 -0.478195871087 0.000169682385425
0 5 0.956021737124 0.000313643000262 -0.478010868562 0.000156821500131
1 5 0.839067249988 0.000685261288769 0.37556383177 0.000623243477187
2 5 0.717300794039 0.00113423743043 -0.153937569584 0.00132661499677
3 5 0.720455657464 0.00075338539302 -0.124361710743 0.00191773114341
4 5 0.819556959995 0.000836494435904 0.33295368372 0.00155983914442
5 5 0.865922274722 0.000390567755182 -0.395524338675 0.000481086259991
6 5 0.802414413144 0.00121818940783 0.301478343871 0.00155872430966
7 5 0.728610562175 0.000837162927661 -0.0833476704395 0.00272899822019
8 5 0.749715646968 0.000914170532675 -0.168686697548 0.00269562459974
9 5 0.829743700035 0.000974492704072 0.342051099591 0.00156788883906
10 5 0.848662636235 0.000588386399658 -0.372331429499 0.000769165747698
11 5 0.783408244513 0.00106640810788 0.252500486478 0.00198045962864
12 5 0.730231968323 0.000525149231445 -0.0251329947498 0.00287436655737
13 5 0.768188823748 0.001070291978 -0.212697143877 0.00240059839417
14 5 0.839262041893 0.000898343839852 0.357402745021 0.00124878563972
15 5 0.839002877477 0.000729166368413 -0.356112171243 0.00116875551371
16 5 0.768689893799 0.000906479919496 0.210016476206 0.00219259671595
17 5 0.730130336654 0.000458659871841 0.0280902781935 0.00257947231507
18 5 0.784857202803 0.000966358940103 -0.255012755102 0.00182818436115
19 5 0.850404112022 0.000704104868384 0.373798081171 0.000695650678298
20 5 0.829770176272 0.000887341190429 -0.342751208223 0.00132118000177
21 5 0.749851155366 0.000578968072352 0.169180640172 0.00227415685542
22 5 0.728119763331 0.000843216305993 0.0829237922735 0.00220317097176
23 5 0.802701581725 0.00091794856303 -0.30096044696 0.00130493882445
24 5 0.864843326757 0.000622755277684 0.394561942493 0.000728799055137
25 5 0.818935134941 0.000597745452258 -0.331765680982 0.00125834805393
26 5 0.720531104135 0.000580935338466 0.123116951457 0.00157499881724
27 5 0.717877433981 0.000658760575782 0.154860282144 0.00128467178506
28 5 0.839250686274 0.000757107796301 -0.376102200421 0.000653455344134
29 5 0.956472504096 0.000301053020182 0.478236252048 0.000150526510091
0 6 0.956301293659 0.000279082259741 0.478150646829 0.00013954112987
1 6 0.839702541361 0.000604497825404 -0.37615675299 0.000542543991314
2 6 0.716810085914 0.000939920016792 0.154610319982 0.00117213894633
3 6 0.719482927839 0.000449115319384 0.124399437212 0.00151650733713
4 6 0.820216159338 0.000767225779165 -0.333258831716 0.00105298805215
5 6 0.865380155539 0.00080837876668 0.395473714352 0.000655183135664
6 6 0.802134776074 0.00113031380544 -0.301138908845 0.00169114132261
7 6 0.72785846746 0.000548447274623 0.0823743171513 0.00259538139364
8 6 0.750606974792 0.000660616020051 0.169933411432 0.00247139680287
9 6 0.830312387354 0.000893885884222 -0.343185694496 0.00147577809958
10 6 0.849622423216 0.00034930988052 0.373713297315 0.000477810336861
11 6 0.783598980454 0.00108142374353 -0.253946925826 0.00163738231842
12 6 0.729747977429 0.000500781020219 0.0261521604766 0.00265055763443
13 6 0.767880706237 0.000946143490128 0.212384385436 0.00259115147226
14 6 0.839117065982 0.00106675731987 -0.357395847724 0.00173636642236
15 6 0.838046539646 0.0010598937259 0.355581550617 0.00131436136705
16 6 0.766554361986 0.00115539029693 -0.208013195065 0.00217043405455
17 6 0.730679105184 0.000560131808718 -0.0307148508938 0.00279630689647
18 6 0.786318039941 0.00105162573491 0.256746822255 0.00224593969775
19 6 0.851210603588 0.000651454834219 -0.374614093471 0.00113273118408
20 6 0.830378962415 0.000934286530346 0.343194065608 0.00152352678789
21 6 0.75002781292 0.00076234927005 -0.169749550921 0.00253492940098
22 6 0.727665206782 0.000772094419158 -0.0825443383893 0.00259167618325
23 6 0.802545803686 0.00118069826723 0.301335373232 0.00160793762071
24 6 0.865401497049 0.000668390462923 -0.395569228821 0.000747326650417
25 6 0.820473947228 0.000664896519534 0.333539694121 0.00106529447272
26 6 0.720529670714 0.000489134543904 -0.125434995335 0.00162205208334
27 6 0.71642400399 0.000994914898882 -0.153355547931 0.00142912490009
28 6 0.83871273503 0.000809775663662 0.375618960002 0.000752047430978
29 6 0.956258787194 0.000362992916077 -0.478129393597 0.000181496458039
0 7 0.956272494163 0.000289721952163 -0.478136247081 0.000144860976082
1 7 0.839190918645 0.000603641926067 0.375871450519 0.000582934698083
2 7 0.716462895847 0.000835275275019 -0.153910538347 0.00123644962712
3 7 0.719492691588 0.000356336519297 -0.125235983825 0.00151127419455
4 7 0.819656147952 0.000584522000577 0.333996655071 0.00101258648118
5 7 0.865667588086 0.000573159741515 -0.395909617422 0.000442951157097
6 7 0.803011814503 0.00106262201092 0.301136628814 0.00151736436684
7 7 0.728234194654 0.000838302766683 -0.0823265950916 0.00249871603333
8 7 0.749822663626 0.00100075781948 -0.170109890557 0.00249351424866
9 7 0.830520758495 0.0013382110856 0.343685487573 0.00153064045452
10 7 0.849913429401 0.0006624519703 -0.37407917847 0.000726125196966
11 7 0.783736295818 0.000694029694428 0.254101494011 0.00116758855803
12 7 0.729704800499 0.000503840743165 -0.0262289551102 0.0017671591894
13 7 0.767105726698 0.000424219975448 -0.21248814728 0.001827502924
14 7 0.83961357601 0.000881501022967 0.357475113452 0.00125718455287
15 7 0.838216897613 0.000925248279333 -0.355589340036 0.00110599836236
16 7 0.766643523835 0.00124350522668 0.208091859784 0.00208224879999
17 7 0.729916815687 0.000635852873072 0.0310508536035 0.00270996783953
18 7 0.785897421104 0.000934961268052 -0.257369537672 0.00220910570691
19 7 0.851366361134 0.000649542211964 0.374601465711 0.000980097338845
20 7 0.829337280728 0.000984680175924 -0.341796406046 0.00131723575157
21 7 0.749660301674 0.000839553025978 0.167270788421 0.00242164113433
22 7 0.728138466714 0.000664981488548 0.0848796334802 0.00266541628046
23 7 0.803923785848 0.00127993747294 -0.302290604004 0.0017759695714
24 7 0.865674761992 0.000673729019682 0.395201963621 0.00078666435465
25 7 0.819524672535 0.000617894640909 -0.332386168592 0.00106795981466
26 7 0.720212702981 0.000404919256187 0.123746506112 0.00159413718126
27 7 0.717699301684 0.000899936659804 0.154445900144 0.00134061161171
28 7 0.83926643009 0.0008057269907 -0.375756230978 0.000557670330871
29 7 0.956115280396 0.000220356945778 0.478057640198 0.000110178472889
0 8 0.956993222297 0.000152523272143 0.478496611149 7.62616360714e-05
1 8 0.840241740218 0.000669025043719 -0.377117128567 0.000423620033011
2 8 0.717233374619 0.000814496247361 0.156005485125 0.00106645553518
3 8 0.719433087422 0.00065351859269 0.123090251155 0.00144773952349
4 8 0.81888509308 0.000545320430708 -0.333129856413 0.00110573166307
5 8 0.865659734448 0.000499270771381 0.39661004705 0.00038957793525
6 8 0.802071781016 0.000721856222696 -0.302146674494 0.00112324079944
7 8 0.726980696015 0.000762861896539 0.0823637853571 0.00199283637088
8 8 0.749327447192 0.000859931955332 0.171132813098 0.00205670601013
9 8 0.830939991649 0.00114680846377 -0.345183725728 0.00130677383395
10 8 0.850557161167 0.000425939403036 0.37532694496 0.000545786744217
11 8 0.782736408509 0.00109305497999 -0.254092588307 0.000911150763272
12 8 0.729456101848 0.000954275738752 0.0251514228684 0.00172015187101
13 8 0.768218070934 0.00075589010751 0.213567581106 0.00176888422907
14 8 0.839892345222 0.000653044647396 -0.358506710326 0.00117586352417
15 8 0.838343210408 0.000825153188951 0.356523441749 0.0012993912155
16 8 0.765577525422 0.00091874737872 -0.208156892372 0.00214800350964
17 8 0.729953201297 0.000946900795749 -0.03170106944 0.00261371033376
18 8 0.785537833417 0.000961851949169 0.258300039527 0.00215417485043
19 8 0.851951164331 0.00101902557719 -0.375424056147 0.00102962529109
20 8 0.830405697829 0.00069998096064 0.342596751893 0.00117358284369
21 8 0.749185990036 0.00083866330328 -0.167896485245 0.0020093954427
22 8 0.727604634252 0.00101662913358 -0.0851918870368 0.00215692403
23 8 0.80355955769 0.00100220406767 0.303619105099 0.00146922291759
24 8 0.866395257578 0.000728737517985 -0.396608450487 0.00084043540413
25 8 0.819046617744 0.000755520647001 0.33270558073 0.001225228171
26 8 0.719377810992 0.000519581923923 -0.122938769532 0.00167211048151
27 8 0.717068153606 0.000765774717795 -0.156081638183 0.00141570041639
28 8 0.840644440828 0.000766832547098 0.37704739588 0.000694919790808
29 8 0.956722648934 0.000334871740709 -0.478361324467 0.000167435870354
0 9 0.956810453052 0.000338397657823 -0.478405226526 0.000169198828912
1 9 0.840893932672 0.000838953048701 0.377264091952 0.000755016823225
2 9 0.717708062463 0.000663329910068 -0.156735717965 0.00142760335547
3 9 0.718057374585 0.000598163079193 -0.122712099782 0.00157706953246
4 9 0.819144109231 0.000746811361808 0.333122590673 0.00115206668953
5 9 0.86619687671 0.000288434437387 -0.396358290119 0.000426987657362
6 9 0.803330861448 0.000699271091031 0.302749402802 0.000750775054753
7 9 0.726719014938 0.00042367115033 -0.0838941277866 0.00153593824654
8 9 0.7483217701 0.000652749631441 -0.170106446836 0.00173613277281
9 9 0.830594993852 0.000917824419445 0.345364850978 0.00145578669134
10 9 0.851100898289 0.000763977775956 -0.376138907849 0.00111624638874
11 9 0.783160366516 0.000772902742868 0.255025314698 0.00114532949953
12 9 0.728275602451 0.0011212014577 -0.0254718191922 0.00125744930342
13 9 0.767942837072 0.000730943273354 -0.214245600631 0.00129112547512
14 9 0.840577701275 0.000496884600656 0.35964378478 0.000909646450674
15 9 0.839300394745 0.00073447229467 -0.35802543882 0.000975484871774
16 9 0.765616285437 0.000527401441895 0.209615926145 0.00155051473729
17 9 0.728447200923 0.000650405956539 0.0313433460399 0.00196608280172
18 9 0.78554781885 0.000680163001209 -0.259138028843 0.00169658322859
19 9 0.85184591503 0.000657668446927 0.376570897223 0.000872452511119
20 9 0.830775946503 0.000998016323231 -0.343475459583 0.00169279598309
21 9 0.748539933753 0.00110732463852 0.167972080573 0.0027546043982
22 9 0.727325716649 0.000931483111865 0.0857686366049 0.00287205698049
23 9 0.803269928561 0.00123077319054 -0.303934311301 0.00178671950313
24 9 0.865768802354 0.00064715646439 0.396060517364 0.000644386228791
25 9 0.81838563272 0.00066769294818 -0.331064917091 0.00149841351283
26 9 0.719174249645 0.000566346404639 0.120475205315 0.0021260111624
27 9 0.719003559774 0.00102747397113 0.157814367 0.00176927407568
28 9 0.841334508119 0.000976855563703 -0.377499245965 0.0008578203344
29 9 0.956829252283 0.000394445949653 0.478414626141 0.000197222974827
0 10 0.956545320276 0.000233913465685 0.478272660138 0.000116956732842
1 10 0.840347320427 0.00080402853679 -0.376725411347 0.000605182788839
2 10 0.718201896666 0.00121012112755 0.156155986693 0.00150161947685
3 10 0.719977694642 0.000727216379325 0.122095271588 0.00182353111311
4 10 0.818612519981 0.000921178430726 -0.332087189658 0.00120657932023
5 10 0.86597041643 0.000418134788952 0.396504796116 0.000491376156472
6 10 0.804137724166 0.000560334586207 -0.303990071401 0.000604472263854
7 10 0.727607487063 0.000706247956014 0.0860402368979 0.00109521404941
8 10 0.748271462884 0.000498109588129 0.167537706402 0.00124029159287
9 10 0.828837842788 0.000750406655453 -0.343329094925 0.000942859483156
10 10 0.850679402878 0.000823905928256 0.375144055191 0.00103449349938
11 10 0.782724175932 0.00074381801236 -0.254728745789 0.00161150552156
12 10 0.727291717395 0.00110042640784 0.0248766500295 0.00185977078798
13 10 0.768103938668 0.000853787366866 0.215205124223 0.00160642840984
14 10 0.84115062963 0.000735236599762 -0.36019917091 0.00104082323137
15 10 0.839403578812 0.000715015467962 0.358150796714 0.00107884404585
16 10 0.765811585319 0.000702248552981 -0.209686429116 0.00168935608144
17 10 0.728818853123 0.000513216259243 -0.0310684142906 0.00185662103343
18 10 0.785132531036 0.000723246895426 0.259108218952 0.00131972198268
19 10 0.852528085215 0.000498144424452 -0.377148543244 0.000718111619879
20 10 0.829878478248 0.000940557602093 0.343859476232 0.0015090849491
21 10 0.748344444468 0.00100618677931 -0.167748042003 0.00250654580715
22 10 0.727424080965 0.0010299436516 -0.086059641357 0.00254431855731
23 10 0.803729304368 0.000813936488668 0.304112784434 0.0015482233286
24 10 0.867143899927 0.000357550833379 -0.396802533173 0.000473667460694
25 10 0.819260765385 0.000641996841725 0.332678709205 0.00135743329047
26 10 0.718265743987 0.000386017614783 -0.122078882687 0.00219321869066
27 10 0.718285121811 0.000966302288943 -0.156850473243 0.001912831899
28 10 0.840715549743 0.00114350955597 0.377159384209 0.0008843587921
29 10 0.956798427764 0.000321792667314 -0.478399213882 0.000160896333657
0 11 0.956500915222 0.000239092905633 -0.478250457611 0.000119546452816
1 11 0.839868304135 0.000650723005816 0.376438561187 0.000548306924778
2 11 0.717506179026 0.000573034471399 -0.155283137891 0.00110803650518
3 11 0.719106255289 0.000369580602199 -0.123800766624 0.00125066193378
4 11 0.820432358712 0.000480343694335 0.333482981618 0.000887967027579
5 11 0.866656810326 0.00068274007893 -0.396760283594 0.000470957886711
6 11 0.803643721639 0.000547997729809 0.30372481099 0.000803767663359
7 11 0.72598978844 0.000639192517773 -0.0848703273352 0.0011815631278
8 11 0.748502902982 0.000550494464256 -0.169269132564 0.00113974143782
9 11 0.830198113853 0.00065274421536 0.344495395173 0.000919767608512
10 11 0.851171714674 0.000692352200894 -0.376024256618 0.00101255315757
11 11 0.782285023334 0.000993805742703 0.255228929479 0.00131814422492
12 11 0.727512110754 0.000702506262697 -0.0249805928455 0.00166860787496
13 11 0.767719291584 0.000634013731195 -0.215281998169 0.00146787194846
14 11 0.841161777094 0.000707083693208 0.360495262783 0.000900338943771
15 11 0.839711033281 0.000587669343708 -0.358431205273 0.000848264783956
16 11 0.765971486463 0.000508956563056 0.209911255426 0.00137642317904
17 11 0.728199441203 0.000720066357238 0.031304121284 0.00138661088482
18 11 0.785850273531 0.000605880142086 -0.259325142865 0.000839969653656
19 11 0.851409883734 0.000563094784935 0.376677697556 0.00078507718315
20 11 0.829419665885 0.000950273891085 -0.342867427888 0.00171881197424
21 11 0.748507435194 0.000494225313952 0.166644572452 0.00236974803044
22 11 0.727519571458 0.0010252377924 0.0870869083709 0.0020938088726
23 11 0.804804300378 0.000948928300041 -0.304847022007 0.00116240016258
24 11 0.867148995375 0.000483400749463 0.397067840237 0.0004357671728
25 11 0.819665012882 0.000606088421371 -0.333066043731 0.00107325783962
26 11 0.71876405937 0.000402893126469 0.122935546401 0.00141921426493
27 11 0.71766419791 0.00072465021708 0.156122059519 0.00111207265186
28 11 0.840289385937 0.000715798669139 -0.376968142627 0.000519838137466
29 11 0.956819990337 0.000187537620821 0.478409995168 9.37688104105e-05
0 12 0.956695710059 0.000303406794322 0.478347855029 0.000151703397161
1 12 0.840578768344 0.000568483041306 -0.376989389063 0.000570263134435
2 12 0.717419857113 0.000441784466637 0.156158006896 0.000837456477905
3 12 0.719637118823 0.000507532964684 0.122641849582 0.000745063965142
4 12 0.819189950115 0.000268026295101 -0.332567432429 0.000587107827738
5 12 0.866696240774 0.000783627510962 0.396761366959 0.000653481293136
6 12 0.803514187885 0.000519892905783 -0.304027725953 0.00128319363709
7 12 0.726234247889 0.000790797834821 0.0851710212654 0.00140535391527
8 12 0.748526784682 0.000387211316645 0.169026329117 0.00114787762064
9 12 0.830772806067 0.000705150603613 -0.34430273728 0.00077178748853
10 12 0.850973161378 0.000679701121496 0.37613922142 0.000754875896088
11 12 0.784256476395 0.000532692530752 -0.256756073684 0.00129058379896
12 12 0.72723661901 0.000581954670278 0.027427530332 0.00143622669249
13 12 0.766700203176 0.000862086647949 0.213705889495 0.00091447906887
14 12 0.841079332626 0.000459289860962 -0.360185262855 0.000516676539693
15 12 0.839906425975 0.00107531778167 0.359062276925 0.00097586018956
16 12 0.765015238215 0.000579126385377 -0.210696028908 0.00155709576438
17 12 0.729240015127 0.000992499007209 -0.0302781243326 0.00138089438705
18 12 0.785176406007 0.000767284466802 0.258070410296 0.000814521258049
19 12 0.851229319895 0.000624529271264 -0.376276778385 0.000761335497909
20 12 0.82961060002 0.000455389025 0.343303400985 0.00110490621416
21 12 0.748455212753 0.00035817566825 -0.167406083391 0.00141132020992
22 12 0.726765068965 0.000543558284513 -0.0866445285906 0.00134733669519
23 12 0.804093341197 0.000383047853935 0.304950725998 0.000902943423335
24 12 0.86764686466 0.000556864879767 -0.397235296667 0.00049950696396
25 12 0.820112445464 0.000810433415698 0.333327579184 0.00120404965149
26 12 0.71915755131 0.000751705123257 -0.123503245203 0.00176587117869
27 12 0.7169280236 0.000831088614373 -0.155805148229 0.00162200418097
28 12 0.840462528836 0.000999772709471 0.376925138305 0.000827543311338
29 12 0.956689493643 0.000331268015728 -0.478344746822 0.000165634007864
0 13 0.956974638108 0.000296523853425 -0.478487319054 0.000148261926712
1 13 0.840882262149 0.000569762527757 0.377417396719 0.000550927486836
2 13 0.717817861943 0.00066253608265 -0.15694868644 0.000851479075554
3 13 0.718715911266 0.000753786284344 -0.12204627801 0.000667797779661
4 13 0.819117274389 0.000309897501263 0.332558459699 0.00037422991002
5 13 0.866999211672 0.000619701681596 -0.397148486333 0.000834977147261
6 13 0.804340036762 0.00077806224903 0.304952459594 0.00142743841441
7 13 0.726528451922 0.000608245800775 -0.0865334812283 0.00184070405777
8 13 0.746529502133 0.000810762047366 -0.168499213634 0.00158827322975
9 13 0.8307185757 0.000836432490414 0.344936518005 0.000837275870609
10 13 0.852487884055 0.000602600744092 -0.377395383164 0.000926917058593
11 13 0.784420489062 0.000987315673727 0.258217356936 0.00180187070479
12 13 0.726456046428 0.000852591994589 -0.0282296971701 0.00206333434062
13 13 0.766373561505 0.00120822757041 -0.213494391846 0.00138184347076
14 13 0.84128850795 0.000558042170655 0.36032760929 0.000743446294421
15 13 0.840065515549 0.000903978336834 -0.359434319812 0.00112454608788
16 13 0.766040220937 0.00105269534427 0.21152209268 0.00151323711762
17 13 0.728179776714 0.00103473398084 0.0294815218069 0.00155924985897
18 13 0.784265313506 0.000707829953316 -0.257990762312 0.00132865827952
19 13 0.852175571837 0.000521699043405 0.376420272787 0.00100402010219
20 13 0.829984221924 0.000756245594471 -0.343532591641 0.00110362454085
21 13 0.747411379538 0.000574156662394 0.167323653291 0.00129080399531
22 13 0.727400944904 0.000598474834409 0.0868261271151 0.00128699004556
23 13 0.80475664633 0.000674443625568 -0.304563799179 0.000910267225241
24 13 0.866464822962 0.000547048253403 0.396565942698 0.000667654471814
25 13 0.81900445282 0.000758593869646 -0.332276358291 0.00119137539239
26 13 0.718447209408 0.000471190685963 0.121783133442 0.00158482291119
27 13 0.718516389795 0.000794637913155 0.157069777786 0.00134005073592
28 13 0.841080904917 0.000925482488921 -0.377099760641 0.000651710399227
29 13 0.956556413813 0.000254758279622 0.478278206906 0.000127379139811
0 14 0.957230994563 0.000405923589635 0.478615497281 0.000202961794818
1 14 0.841217634975 0.00107943457113 -0.377842080769 0.000901961552617
2 14 0.718014065071 0.000764335066026 0.157625533881 0.00174646965336
3 14 0.718063978641 0.000541499262944 0.121706725194 0.00178053706956
4 14 0.81903311138 0.000720902153991 -0.332828334535 0.000948838645418
5 14 0.867098993306 0.000623453433629 0.397671645392 0.000913647807845
6 14 0.804453340627 0.000731506240992 -0.305399600686 0.00175379789435
7 14 0.726200184983 0.000920245179744 0.0865665154511 0.00196250718563
8 14 0.747237711668 0.000755065893791 0.168511704239 0.00149597456479
9 14 0.830736021984 0.000615342646399 -0.344675257218 0.00089832752115
10 14 0.852957340729 0.000835902434947 0.377317242406 0.00123854274644
11 14 0.785158681832 0.000616431862792 -0.25915653 0.00186976673134
12 14 0.727740263757 0.000954397331783 0.0305823630985 0.00185752367296
13 14 0.765056561475 0.000922781123425 0.21138435361 0.00117222141955
14 14 0.84029831191 0.000522373615348 -0.359797194863 0.000692403267877
15 14 0.839435623643 0.00120560463424 0.359651319233 0.00146544663628
16 14 0.765609053975 0.000785821071234 -0.211635159627 0.00231798739152
17 14 0.728016051471 0.000969506626212 -0.0296102938556 0.00225710870607
18 14 0.784363373542 0.00101079725631 0.258304957162 0.00123477658824
19 14 0.851781471831 0.000553023137607 -0.376761024747 0.000741084813472
20 14 0.829231297777 0.000460034387386 0.343125650488 0.0013512951933
21 14 0.747272249953 0.000914107004802 -0.165966011583 0.00199273755732
22 14 0.727442401171 0.000612255277935 -0.0884619104675 0.00209068072098
23 14 0.80574886281 0.000714113008054 0.305670382332 0.00127948052978
24 14 0.866889267682 0.000540389270979 -0.396884009892 0.000442943312298
25 14 0.818886497356 0.000719212820253 0.332139489263 0.00133854315224
26 14 0.718954755508 0.000236289284852 -0.121737597552 0.00184202288193
27 14 0.71820025497 0.000901906830364 -0.156959252237 0.00144335432813
28 14 0.840964789419 0.000784681821976 0.377194304995 0.000728506445715
29 14 0.956706851991 0.000355889629249 -0.478353425996 0.000177944814625
0 15 0.956974459311 0.000319066380725 -0.478487229656 0.000159533190362
1 15 0.84115711629 0.000760506527585 0.377557501784 0.000687809803391
2 15 0.717874992886 0.000802181191427 -0.157251322867 0.00130001228607
3 15 0.718043527436 0.000661810870447 -0.122135680721 0.00133441075551
4 15 0.819139402411 0.000479694973232 0.333108500906 0.000862267785665
5 15 0.86751347011 0.000873430980543 -0.397637701399 0.000912050934286
6 15 0.804819853234 0.0013424881914 0.305471353745 0.00206278238892
7 15 0.726863743401 0.000524311593185 -0.0872325159193 0.00284039753402
8 15 0.746941193529 0.00113316665598 -0.167885162674 0.00229744109429
9 15 0.830757951822 0.000623174358259 0.344935500559 0.000880993643793
10 15 0.852944858903 0.00069915178271 -0.378227068682 0.000931122360622
11 15 0.784504754525 0.00094038984138 0.259755574414 0.00226164851576
12 15 0.726194326137 0.000947365316211 -0.0299977574299 0.0025014881748
13 15 0.765091618936 0.00115887003696 -0.212528214807 0.00148811734708
14 15 0.841091878014 0.000620650780647 0.360199564565 0.000628086243546
15 15 0.840133102542 0.00109033281458 -0.359604624659 0.00171427448915
16 15 0.765327878514 0.000801742578652 0.211480185528 0.00271766580674
17 15 0.728476152719 0.00119064433975 0.0297171612747 0.00250763741738
18 15 0.785293915351 0.000750481527834 -0.257818579478 0.00138463028341
19 15 0.851520940559 0.000578448344871 0.376096954727 0.00070465323461
20 15 0.829947309996 0.000925573746547 -0.343501556298 0.00179156213083
21 15 0.748524918174 0.000573349534289 0.167999170741 0.0027040107911
22 15 0.727999838637 0.00100093908598 0.0853578006642 0.0025387327195
23 15 0.8035884476 0.000972337963298 -0.303434967534 0.00148226472101
24 15 0.866161017157 0.000459904474222 0.396540080641 0.000374627545968
25 15 0.818603434572 0.000703221460023 -0.332569991154 0.00116132782173
26 15 0.718994655844 0.000506932405342 0.122139134115 0.00171464798542
27 15 0.718821852808 0.000841644472494 0.156304992121 0.00143808280838
28 15 0.840284476744 0.00087813109317 -0.376555558426 0.000688567077413
29 15 0.95640891184 0.000319575907198 0.47820445592 0.000159787953599
0 16 0.956498597647 0.000248132952283 0.478249298823 0.000124066476142
1 16 0.840136884495 0.000671609768715 -0.376571816536 0.000524121683314
2 16 0.716915510799 0.000613640335943 0.155262355575 0.00103920501747
3 16 0.719686692301 0.000454230380707 0.123799633324 0.00126112504517
4 16 0.820253282263 0.000683156124936 -0.333379742018 0.00106030622854
5 16 0.866427457974 0.000933278823828 0.396959175128 0.00103894678717
6 16 0.802804386277 0.00122176187536 -0.303547068223 0.00187353522014
7 16 0.72669174545 0.000695529232258 0.0843902878235 0.00251981220338
8 16 0.749011869928 0.00106489923501 0.169500732535 0.00210511081726
9 16 0.830151546428 0.000528498753211 -0.344587593777 0.000957749454776
10 16 0.851127101771 0.000626671143529 0.376093393703 0.000929539142599
11 16 0.784132432575 0.00104911174215 -0.256279249741 0.00216327835046
12 16 0.728527114285 0.00100412169075 0.0274730087699 0.00272383067603
13 16 0.766479595618 0.00119400282597 0.213074162521 0.00223043492957
14 16 0.840900256917 0.00111875896599 -0.359739099422 0.00119393827618
15 16 0.839108792408 0.000902899082179 0.358676955689 0.00142556329886
16 16 0.765212528356 0.000848646099077 -0.210243413608 0.0023657298051
17 16 0.728398402688 0.000464173764464 -0.0311234158611 0.0026239202471
18 16 0.786068787869 0.000983321867904 0.258954609576 0.0019236977893
19 16 0.851984997624 0.00104561624182 -0.376507087056 0.00114512705758
20 16 0.830066193291 0.000680013989634 0.343543778684 0.00151725348056
21 16 0.748594310962 0.000737236905594 -0.168098175006 0.0020842010615
22 16 0.727056449271 0.000493099684928 -0.0857658691852 0.00215387188066
23 16 0.804093096742 0.000911138944513 0.30428724685 0.00145363758915
24 16 0.866829828682 0.000539469800107 -0.396904140113 0.000495913366741
25 16 0.818675170557 0.000630400686714 0.332683787685 0.00124768899677
26 16 0.718906582707 0.000565707458011 -0.122379911191 0.00186590423408
27 16 0.717587521743 0.00084884245106 -0.156662481009 0.00162433018836
28 16 0.840798992011 0.0010046073128 0.377277571238 0.000830844888231
29 16 0.956873870361 0.000348050819669 -0.478436935181 0.000174025409834
0 17 0.955994208565 0.000330963954464 -0.477997104283 0.000165481977232
1 17 0.838373889082 0.000859100440604 0.375187244745 0.000734387929372
2 17 0.716636404918 0.000650989789427 -0.152882617119 0.00140833149135
3 17 0.719995769656 0.000760665767304 -0.126100901152 0.0014364290527
4 17 0.820868567435 0.000663191783724 0.334910203219 0.000899024921472
5 17 0.866826637115 0.000493242247686 -0.397335649131 0.000548322312817
6 17 0.803264588374 0.00103857858801 0.303182930667 0.00129556732465
7 17 0.727060623343 0.000391123476342 -0.0839818695752 0.0019526764199
8 17 0.748594306496 0.000889698654961 -0.169856685491 0.00162793490852
9 17 0.830123478876 0.000493519899812 0.344574607573 0.000713635962414
10 17 0.851401834561 0.000771611022582 -0.375594534334 0.000717249096295
11 17 0.784063132984 0.00116043214282 0.255662536165 0.00200137750514
12 17 0.728203399609 0.000734156983794 -0.0265395909677 0.00276269373139
13 17 0.767333548481 0.00112701857423 -0.214075769069 0.00229474908113
14 17 0.84127259601 0.000499007329653 0.360617991008 0.000932731224247
15 17 0.840025541144 0.000641271637084 -0.359675034351 0.00103653783147
16 17 0.765888128867 0.000950029763272 0.211679036444 0.00232198205656
17 17 0.728067680707 0.000845528240056 0.029464697685 0.00250358107196
18 17 0.784643170593 0.000853308441331 -0.258211238034 0.00164893617891
19 17 0.851458391379 0.000490410434495 0.37666781446 0.000766727854068
20 17 0.829979063564 0.000918174117868 -0.343514713882 0.0017210974577
21 17 0.748716703391 0.000300581741151 0.167749180985 0.00243661604633
22 17 0.727884500404 0.000784789161613 0.0856350798215 0.00219884235769
23 17 0.803850346907 0.000800110077671 -0.303764438609 0.00140762453177
24 17 0.866182386874 0.000465885713703 0.396601471143 0.000529981392112
25 17 0.81862688017 0.000711794395593 -0.332477420511 0.00108112952299
26 17 0.718185503056 0.00110413959787 0.12166025825 0.00198900742982
27 17 0.717710388787 0.00103785028536 0.15780284466 0.00206173673985
28 17 0.841513700616 0.00123233398491 -0.378015644335 0.00115775751164
29 17 0.957254628034 0.000571168335533 0.478627314017 0.000285584167766
0 18 0.955857510782 0.000416149345476 0.477928755391 0.000208074672738
1 18 0.83944090713 0.00106066419979 -0.375582333699 0.000919263990968
2 18 0.716294256299 0.000958863582794 0.153625378071 0.00178000229202
3 18 0.719884548042 0.000536590387513 0.125600294142 0.00191238405761
4 18 0.82086482101 0.000815334965156 -0.334510246276 0.00124442126469
5 18 0.866184739482 0.000649813341572 0.397046621789 0.000664796689111
6 18 0.803799691388 0.000584084279455 -0.30318109638 0.00120541133353
7 18 0.72718093624 0.000701024744389 0.0843606442517 0.0018753636474
8 18 0.748612804592 0.000564796430239 0.169410760367 0.00193077353941
9 18 0.831108006297 0.000616046089757 -0.344269883183 0.00107516077723
10 18 0.850724675141 0.000777298983684 0.375463344856 0.000763416691237
11 18 0.783067139074 0.00110436278227 -0.255484083058 0.00210381754132
12 18 0.727816119916 0.000547203817551 0.026251455261 0.00300955104936
13 18 0.767317043137 0.00116858084925 0.213968821345 0.002552214382
14 18 0.84155668528 0.000686426927583 -0.35981036308 0.00104421286588
15 18 0.840099579902 0.000613243900161 0.358792000389 0.000930864377678
16 18 0.76622453971 0.00114322707341 -0.211382532969 0.0022802311542
17 18 0.729072567602 0.000651314125428 -0.0288998882561 0.00297963391211
18 18 0.784890709149 0.00112570415792 0.256942350449 0.00240024454908
19 18 0.851566969534 0.000857527754769 -0.376078896268 0.00132388094005
20 18 0.83032558768 0.000844013569534 0.344386472317 0.0013872209891
21 18 0.747986862676 0.000726013147094 -0.169082641865 0.00228216191086
22 18 0.726383044643 0.000867893559604 -0.0850667983299 0.00228667608453
23 18 0.803838698238 0.00106310162779 0.304011276612 0.00141100699932
24 18 0.866762921364 0.000470018115588 -0.396928322542 0.000588836672587
25 18 0.818404087073 0.000719341595523 0.332398285808 0.0010886417398
26 18 0.718082719438 0.00088876084341 -0.121405923961 0.00149079629526
27 18 0.718073397151 0.000535519065877 -0.15779539781 0.00149559142394
28 18 0.841782310901 0.000989701721368 0.37769000719 0.000847723935961
29 18 0.956796121128 0.000373464147005 -0.478398060564 0.000186732073502
0 19 0.95636410908 0.000559190614419 -0.47818205454 0.00027959530721
1 19 0.83999107713 0.00105937417589 0.376364292732 0.00107555273488
2 19 0.717135338284 0.000775603562564 -0.155105515335 0.00189576746617
3 19 0.718530230096 0.000445458593698 -0.124262906792 0.00198166585729
4 19 0.819954197295 0.000682290213248 0.333956283095 0.00117823534457
5 19 0.866888828102 0.000309452932436 -0.396744071789 0.000371011911986
6 19 0.80374909069 0.000637643952303 0.303147893782 0.00135362546703
7 19 0.72768938485 0.000452338556626 -0.0848735883423 0.00193591872526
8 19 0.748620900994 0.000740679578315 -0.168433698652 0.00167876891758
9 19 0.83053021432 0.0007424911611 0.343507276291 0.00077819434984
10 19 0.85131964303 0.000737070099613 -0.37563732544 0.000807784991089
11 19 0.783824350151 0.000997936939163 0.256647977744 0.00185498055534
12 19 0.727753991483 0.000626422591739 -0.0277033336701 0.00271017392332
13 19 0.767585869858 0.000987803151783 -0.212498477092 0.00253101350166
14 19 0.840305878723 0.000840593108859 0.359157020954 0.00131589468624
15 19 0.841223709495 0.000631443729011 -0.359699249699 0.000980691600315
16 19 0.767094296433 0.00109681201275 0.213356232166 0.00222844601217
17 19 0.727713165965 0.000659173444314 0.027019058326 0.00297694072522
18 19 0.784433564771 0.00109662251639 -0.255815668393 0.00253022684257
19 19 0.851234852349 0.00078813806795 0.375217684731 0.00123021678799
20 19 0.829805407531 0.000524370848475 -0.343658789579 0.000689243086739
21 19 0.748558518215 0.000729598299045 0.16884090125 0.0016386931376
22 19 0.726903978136 0.000402606613596 0.0846501853915 0.00197347018058
23 19 0.803878675981 0.000791868093523 -0.303258078641 0.00145877379288
24 19 0.866287174979 0.000431886210302 0.396400357824 0.000451908789249
25 19 0.819499305648 0.000659543333567 -0.333076568625 0.000780570266584
26 19 0.719261122135 0.000558872465665 0.123569740207 0.00121230213361
27 19 0.717526489603 0.000668911534633 0.155286714763 0.00110909676529
28 19 0.839891614549 0.000646374777965 -0.37639480273 0.000670395539817
29 19 0.956445020125 0.000362926873711 0.478222510063 0.000181463436856
0 20 0.956262826603 0.000491366109885 0.478131413302 0.000245683054942
1 20 0.840121355829 0.00127929133214 -0.37632533635 0.00112408977774
2 20 0.717336997194 0.000827314801298 0.155222135229 0.00214029266707
3 20 0.71887654702 0.000661297941378 0.123945452961 0.00221597846107
4 20 0.819880461891 0.000646241494672 -0.333689200348 0.00129394809108
5 20 0.86672528574 0.000542844698907 0.396920733855 0.000470775359721
6 20 0.804254976808 0.000946783395703 -0.303853963847 0.00180822893343
7 20 0.726703556638 0.000616376962181 0.0852574201755 0.00241436254804
8 20 0.748196017185 0.00100437902106 0.168961261762 0.00199802189184
9 20 0.830054489139 0.00097071257193 -0.344476591839 0.00106915963038
10 20 0.85095333042 0.000422990971025 0.376008147306 0.000566020395292
11 20 0.783980226376 0.00068246355318 -0.256063944156 0.00141095285185
12 20 0.728605735784 0.000636628163555 0.0272204823523 0.00200483577892
13 20 0.766695418306 0.000522451038343 0.213132208286 0.00197752976105
14 20 0.840788357703 0.000671441532313 -0.359884415554 0.00107183069731
15 20 0.840547605245 0.000858833774135 0.35953973066 0.0011540700206
16 20 0.76690815865 0.00108232311064 -0.212399414852 0.00251017230951
17 20 0.729008788171 0.000771671716667 -0.0278181463995 0.00313642602734
18 20 0.784678985395 0.00112775854955 0.255890277849 0.00250530728522
19 20 0.850883285825 0.000884672187221 -0.374835520513 0.00103729639559
20 20 0.829577681452 0.000502997944078 0.343051807617 0.00080270906932
21 20 0.749528594878 0.000568367493032 -0.168654648078 0.00161182253871
22 20 0.72760489601 0.000588623854701 -0.0839279243186 0.00183019689755
23 20 0.803045932887 0.00085449997633 0.302152135286 0.00116988088234
24 20 0.866404908606 0.000536386008798 -0.395951886529 0.00059536502602
25 20 0.820469534141 0.000445773915839 0.333720920925 0.00114509037189
26 20 0.719816181523 0.000516433325342 -0.125050243597 0.0014738408562
27 20 0.716754549504 0.000648749138417 -0.153895529866 0.00134492229322
28 20 0.839229215581 0.00091033105598 0.375725688428 0.000772775549834
29 20 0.956106099494 0.000346977289098 -0.478053049747 0.000173488644549
0 21 0.95612903352 0.000553458842127 -0.47806451676 0.000276729421063
1 21 0.839889555442 0.00120660839533 0.376076237912 0.00112100293019
2 21 0.717026450198 0.00102035803732 -0.154711811088 0.00214050793101
3 21 0.719266536167 0.000733572296188 -0.124429957515 0.00219869013968
4 21 0.820196011602 0.000719332798255 0.333810016103 0.00118253717608
5 21 0.865983276122 0.000485986890864 -0.396451008693 0.000654665534262
6 21 0.803241640376 0.000924288192522 0.30251799797 0.00170973988331
7 21 0.726928510377 0.000602987668407 -0.0836203084723 0.00235633049968
8 21 0.747858487656 0.000776300448655 -0.170540743459 0.00217865646314
9 21 0.830849813933 0.000967572802123 0.345723196815 0.00124397612128
10 21 0.851415778913 0.000608801439568 -0.376558639494 0.00068453538607
11 21 0.783740582361 0.00109797037747 0.255881152358 0.00182337000141
12 21 0.72832810352 0.000801231169941 -0.0262480127597 0.00259182764578
13 21 0.76733773092 0.000670687788627 -0.214034643418 0.00242504173463
14 21 0.840847185137 0.000743580630979 0.359982977265 0.00147432798142
15 21 0.840027845543 0.000748793321678 -0.35868736828 0.00110894701399
16 21 0.766269792154 0.00117677134857 0.210834665698 0.00228603741232
17 21 0.729137270185 0.000931699698268 0.0293548471009 0.00293575527488
18 21 0.784957600374 0.00112480747204 -0.257113476726 0.00224288107384
19 21 0.851587319118 0.000936086690762 0.375718181944 0.00103244593783
20 21 0.829974495179 0.000853599729191 -0.34351227881 0.00149018851602
21 21 0.748834471994 0.000584942927849 0.168464481694 0.00231377146296
22 21 0.727890298092 0.000857373829721 0.084552204579 0.00213254326476
23 21 0.803818431447 0.000891320546743 -0.302711493784 0.00120945023003
24 21 0.866554676104 0.000653544558127 0.396529819953 0.000534969968111
25 21 0.819581778156 0.000604102958161 -0.333844431752 0.00133334350004
26 21 0.719065954186 0.00100066613549 0.12425724901 0.00217734265182
27 21 0.717162282694 0.00107064231007 0.154878273855 0.00211454987763
28 21 0.839583057135 0.00125629676696 -0.376310626946 0.00106091543019
29 21 0.956516031396 0.000443164873205 0.478258015698 0.000221582436602
0 22 0.956581633925 0.000404416017807 0.478290816963 0.000202208008903
1 22 0.83982568398 0.000949709962151 -0.376498295037 0.00084278541523
2 22 0.716004846028 0.000708191025419 0.154579590044 0.00160654390722
3 22 0.719112071686 0.000563822858847 0.125212017556 0.00166756980101
4 22 0.820072157411 0.000660006935783 -0.334626902553 0.000874793749969
5 22 0.866993148239 0.00072069151173 0.397338130181 0.000568882081898
6 22 0.803014669038 0.000799012074682 -0.303116330083 0.00151536669064
7 22 0.726226235532 0.000589562501671 0.0832936172166 0.00198456131618
8 22 0.748882907067 0.00073397882962 0.170792591377 0.00166151639273
9 22 0.831335707121 0.000644013363202 -0.345246006784 0.00092305637976
10 22 0.851731382596 0.000746331433201 0.376203853598 0.000859851482917
11 22 0.784229560176 0.00110375762371 -0.256340762229 0.00185930394943
12 22 0.728003875991 0.000744536460403 0.0273617255979 0.00254540543747
13 22 0.766692963537 0.000823610688589 0.212867997709 0.00214994232144
14 22 0.840353444341 0.000482204130183 -0.35863456094 0.00105020309696
15 22 0.839515030691 0.000977032898479 0.357391119672 0.00125775179309
16 22 0.766549677275 0.000905356258533 -0.210223655555 0.00255037914083
17 22 0.728797191992 0.000748968367705 -0.0296565001754 0.00295037004305
18 22 0.785178717497 0.00119380895885 0.256854069222 0.00211602581882
19 22 0.850331081749 0.000578038258201 -0.374606321948 0.000685716685959
20 22 0.829897266991 0.00101319792959 0.342096284616 0.00172620803532
21 22 0.749006634735 0.000666523739231 -0.167000822241 0.00277574440766
22 22 0.728758422461 0.00062795599589 -0.085525283736 0.00274776874511
23 22 0.803611036478 0.00109638269098 0.302908352287 0.00183855637792
24 22 0.866404971821 0.000789066317255 -0.39593019231 0.000777735717811
25 22 0.819952777568 0.00102299006116 0.333037344122 0.00150287628374
26 22 0.719642110519 0.00071422552523 -0.124008311111 0.00234794847901
27 22 0.717610514138 0.00110631420491 -0.154660406779 0.00200885639432
28 22 0.839372530842 0.00105114732204 0.376002715605 0.000975868636827
29 22 0.956311748577 0.000478183868383 -0.478155874288 0.000239091934191
0 23 0.956627053124 0.000241044763012 -0.478313526562 0.000120522381506
1 23 0.839711986188 0.000683354545899 0.376484813747 0.000548088400868
2 23 0.716816960686 0.000646533412043 -0.154917971233 0.00119083483116
3 23 0.719497143495 0.000410940477189 -0.124235886915 0.00136176609144
4 23 0.81912744049 0.000856808390722 0.333986006378 0.000737351273505
5 23 0.866790447017 0.000378869761429 -0.396960941627 0.00046301338105
6 23 0.803210891075 0.00113011641772 0.302730682844 0.00130769671745
7 23 0.726749462213 0.000634223759459 -0.0836102511154 0.00197767908226
8 23 0.748942622887 0.000836438745353 -0.169828769838 0.0016341965577
9 23 0.830761689721 0.000634423234081 0.34375748848 0.000749500583585
10 23 0.85003756318 0.00101585348645 -0.374279372922 0.00119597399748
11 23 0.783508481643 0.000797855692863 0.254253714897 0.00203394884423
12 23 0.729861543853 0.00130952385117 -0.0262170277027 0.0022365719306
13 23 0.767416785688 0.000606833892886 -0.212503769937 0.00219656107593
14 23 0.839613636854 0.000844948308387 0.357741364331 0.00141996850302
15 23 0.839240119973 0.00111446624463 -0.356431105807 0.00138520228964
16 23 0.766997751749 0.00129078335098 0.209530572919 0.00294703335691
17 23 0.730556659945 0.000829794454752 0.0289171131826 0.00357177763084
18 23 0.78421482745 0.00114460553924 -0.255344833791 0.00271841685189
19 23 0.849230428616 0.000865641766299 0.37319343017 0.000950345561453
20 23 0.828277703451 0.000909400013712 -0.340073378188 0.00155960225831
21 23 0.748619683994 0.000855462308421 0.1645445181 0.00295967989695
22 23 0.730027466867 0.000832689666943 0.0872027193389 0.00311201206702
23 23 0.80490806022 0.00132829085284 -0.302792651535 0.00208149214061
24 23 0.865022640836 0.000976155003516 0.39436560868 0.00087738601079
25 23 0.818565354641 0.000755391687397 -0.330503938574 0.00118864024097
26 23 0.720551560899 0.000901031917268 0.121569439046 0.00182115667559
27 23 0.718505985638 0.000920346735746 0.156042602977 0.0016489837674
28 23 0.840144604762 0.00107873202948 -0.376538370766 0.000722284455537
29 23 0.956463442841 0.000229601433965 0.478231721421 0.000114800716982
0 24 0.956311736034 0.000203779452018 0.478155868017 0.000101889726009
1 24 0.839479858105 0.000555298824985 -0.376057322877 0.000399996895187
2 24 0.717305302848 0.000593396199335 0.154649172644 0.000897807358253
3 24 0.718963843242 0.000403768231039 0.124393096761 0.000968460106611
4 24 0.819458172948 0.000407287704179 -0.333510485893 0.000520223228782
5 24 0.865030374966 0.00061766113217 0.39529765663 0.0006026989486
6 24 0.802764962222 0.000732567186823 -0.300559773549 0.00128857610647
7 24 0.728392572811 0.000638477693586 0.0820626311563 0.00156473988042
8 24 0.750479863201 0.000810557870942 0.169773638718 0.00130861724114
9 24 0.829928407323 0.000777463411318 -0.34277702831 0.000958263914154
10 24 0.849338294212 0.00102836414628 0.372934852479 0.00125903815408
11 24 0.783812358967 0.0011691844357 -0.252985952933 0.0021727632478
12 24 0.729446638481 0.00106153096511 0.025336409023 0.00273653601921
13 24 0.76808452561 0.00109099578081 0.212569726335 0.00234204106111
14 24 0.839211705456 0.000675583654382 -0.356806609682 0.00110399224802
15 24 0.839043212485 0.00103440869818 0.355469238257 0.00132571689284
16 24 0.767239027151 0.00139199931455 -0.208832445312 0.0030803700392
17 24 0.731077167533 0.000882895861276 -0.02922999761 0.00395757837564
18 24 0.784806984893 0.00133688931461 0.254797387745 0.00305880266934
19 24 0.848807643265 0.000996927246995 -0.372001150014 0.000913179593017
20 24 0.827225469555 0.00100263488045 0.338724596295 0.00176070536121
21 24 0.74860290166 0.00115293303276 -0.163295232733 0.00340332184123
22 24 0.730252675222 0.00124804483602 -0.0882840027682 0.0034244037065
23 24 0.804827714096 0.00161207469783 0.303988035869 0.00187962951512
24 24 0.86559317599 0.000499626506317 -0.395363861413 0.000398925693983
25 24 0.818227832442 0.000708068025816 0.33068212558 0.000926027164344
26 24 0.72009483058 0.000506014775791 -0.120863473484 0.00148121166152
27 24 0.718948596479 0.000360696885876 -0.156890328801 0.00145091347466
28 24 0.840597906213 0.000926773866035 0.376946352875 0.000823223849989
29 24 0.956646246009 0.000383260483328 -0.478323123004 0.000191630241664
0 25 0.956180315546 0.000346686846714 -0.478090157773 0.000173343423357
1 25 0.840294435609 0.000819795689499 0.376331711427 0.00072494068801
2 25 0.717565164738 0.000727711078517 -0.15544844096 0.00142698236919
3 25 0.719372192863 0.000525157451808 -0.123194431332 0.00153859771354
4 25 0.818951902069 0.000688950501202 0.33208847931 0.000832941208564
5 25 0.863742583225 0.0005504356225 -0.393824201715 0.000535716335532
6 25 0.801962521083 0.000779896241103 0.298996115508 0.00147995354702
7 25 0.728461797378 0.000573660553729 -0.0807388147837 0.00194410919291
8 25 0.750806627388 0.00104676346949 -0.170357328109 0.00162473748192
9 25 0.829581488008 0.000972307039278 0.341971844595 0.0010930768261
10 25 0.847643869286 0.000822686906538 -0.37034590252 0.00100494835537
11 25 0.783099651711 0.00135219360543 0.249331773183 0.00192646427454
12 25 0.731487111417 0.000825153319246 -0.0227134644158 0.00270492874982
13 25 0.769607271078 0.000743372733907 -0.21290887915 0.00233579694873
14 25 0.8389441511 0.000694229178938 0.355436661957 0.000996903915057
15 25 0.836959964428 0.00098898763564 -0.352840380225 0.0015712186696
16 25 0.767749474511 0.00116593502808 0.206162660321 0.00319674624843
17 25 0.732240556595 0.000669961189463 0.0305401487028 0.00366531227624
18 25 0.785021008289 0.00122325858991 -0.254850883264 0.00258827983557
19 25 0.848853769131 0.000537305852591 0.371452072816 0.000687991260965
20 25 0.827595701787 0.00132880418332 -0.338378470331 0.00203782978371
21 25 0.750161756978 0.000981960213187 0.164030508424 0.0037054109699
22 25 0.7306308403 0.00141028804556 0.0864573595484 0.00361034035486
23 25 0.803765828404 0.00145954700774 -0.302385364816 0.00204295217336
24 25 0.86513388448 0.000546422258327 0.39475455233 0.000436386306255
25 25 0.819238038405 0.000758674157725 -0.331291429563 0.00121105159363
26 25 0.720255493685 0.000631370322946 0.122289081877 0.00205809078648
27 25 0.717835275688 0.000827188816937 0.155961444996 0.00192550614864
28 25 0.840380089293 0.00117916684968 -0.376674883802 0.000995926940228
29 25 0.956477235527 0.000428667713662 0.478238617763 0.000214333856831
0 26 0.956361959741 0.000326269146058 0.47818097987 0.000163134573029
1 26 0.840118803421 0.000643195892931 -0.376426847701 0.000632889494963
2 26 0.718766341876 0.000860132590465 0.156072228802 0.00131012360529
3 26 0.720566924924 0.000246106947187 0.121178458388 0.00161805687623
4 26 0.817805355712 0.000569905777379 -0.329328911287 0.00115327988666
5 26 0.86263847447 0.000669378527935 0.391724369548 0.000564801045347
6 26 0.801886139514 0.000848767534092 -0.298092225459 0.00157430057023
7 26 0.729361364728 0.000632627141113 0.0810529541272 0.00241792776109
8 26 0.752050532367 0.00081909031908 0.168676008611 0.00228949008796
9 26 0.828436742266 0.000941344207623 -0.339461409222 0.00156119760294
10 26 0.846314118742 0.00119673079649 0.368146309361 0.0015134254
11 26 0.783281324526 0.00117519582147 -0.248295541092 0.00289055692474
12 26 0.733600747661 0.00116542865505 0.0236759904708 0.00355104011667
13 26 0.769606331001 0.000990862148942 0.210451057254 0.00292102261464
14 26 0.836772079129 0.00125791687629 -0.352593585199 0.0016225501809
15 26 0.835551211033 0.00121867241018 0.350289671021 0.00212213130336
16 26 0.768513016417 0.0009815659321 -0.204756662601 0.00352720672337
17 26 0.73400031807 0.000977874076115 -0.030368116515 0.00362891982644
18 26 0.785734601838 0.00130376742707 0.25348070137 0.00222164018358
19 26 0.847448312758 0.000517252299306 -0.369899117654 0.000653328387498
20 26 0.827513006773 0.00130430314684 0.337453951005 0.00218798123287
21 26 0.750815674028 0.00100108819554 -0.16413983128 0.00369480245443
22 26 0.730758201809 0.000997104313394 -0.0857665775389 0.0036762301484
23 26 0.803869260367 0.00149339736879 0.301530822546 0.00206076619801
24 26 0.864708158072 0.000529728487451 -0.394019058678 0.000543303408247
25 26 0.819309244402 0.000378509695524 0.33121485799 0.00152912469079
26 26 0.720212925376 0.00056381105015 -0.122799923163 0.00222967650552
27 26 0.717611211888 0.000991562318151 -0.155376255389 0.00198502976932
28 26 0.839982299492 0.0011743300911 0.376398361216 0.000990214450721
29 26 0.956405317598 0.00043585106235 -0.478202658799 0.000217925531175
0 27 0.956211506226 0.000310771092423 -0.478105753113 0.000155385546211
1 27 0.839734647266 0.00101038779802 0.376086866206 0.000787700249089
2 27 0.719332442096 0.000782186776349 -0.155840716471 0.00161381166474
3 27 0.721561550267 0.000677277892442 -0.120538303397 0.00183089745961
4 27 0.817779737103 0.000589373533321 0.327777312742 0.00130820261745
5 27 0.861036027194 0.000845302462981 -0.389624600379 0.000882678561111
6 27 0.800292968027 0.00125721465126 0.295564764061 0.00232727988273
7 27 0.732039642749 0.000611660696121 -0.0799536848036 0.00337618449919
8 27 0.753682480593 0.000775543675552 -0.166766494931 0.00310562999258
9 27 0.827536627531 0.000735345204486 0.335415678524 0.00175575924706
10 27 0.842942074111 0.000938897801662 -0.363356139574 0.00145073832474
11 27 0.783898402614 0.000910033651458 0.244822710327 0.00312329321595
12 27 0.737248794868 0.000955652073116 -0.0238745173592 0.00375114052661
13 27 0.770653380168 0.00105714848644 -0.206478627024 0.00313762063407
14 27 0.834132405786 0.00112922879359 0.34742566421 0.00164990324746
15 27 0.833580359289 0.000978273288851 -0.346207854832 0.00182183556525
16 27 0.769478231537 0.000976787707979 0.202747762146 0.00338575377331
17 27 0.737343901217 0.000626901651161 0.0291823430064 0.00389996666672
18 27 0.785602974535 0.00150077882924 -0.249464695682 0.00279959353381
19 27 0.843656884654 0.000804604062302 0.365059079885 0.00104857103007
20 27 0.824815589826 0.00101390922829 -0.332620090205 0.0019084604175
21 27 0.75281466919 0.000808626478373 0.160793060019 0.00328499748195
22 27 0.734123585079 0.000809991475455 0.0855887047219 0.00342068610473
23 27 0.804097287795 0.00105394477836 -0.298696303041 0.00229019233024
24 27 0.86247123283 0.000657501475696 0.39111667136 0.000807150418277
25 27 0.818182226866 0.000737992657815 -0.328966927338 0.00166456268579
26 27 0.720991277193 0.000592338872774 0.121324601916 0.00244132356157
27 27 0.718625299772 0.00112508285877 0.15566327183 0.00203149208247
28 27 0.840041825291 0.00115605520792 -0.376119766968 0.000950215449395
29 27 0.956091968325 0.000384369538601 0.478045984162 0.000192184769301
0 28 0.954135750195 0.000517224671356 0.477067875097 0.000258612335678
1 28 0.836687223067 0.000962148156835 -0.372486209502 0.000972666112971
2 28 0.721217619205 0.000720754270307 0.151717162519 0.00168597360805
3 28 0.727133176582 0.000770118872001 0.120323935168 0.00174167247417
4 28 0.817081631936 0.000402239435083 -0.3217696724 0.00114020526
5 28 0.85403828111 0.000792688155434 0.380083609116 0.00124643473105
6 28 0.797853343054 0.00142439235822 -0.285729046017 0.00268551917989
7 28 0.737676141678 0.00114596285943 0.0746620817873 0.00377837372739
8 28 0.759593746416 0.000958169898349 0.163617961436 0.00347150329924
9 28 0.824587640048 0.000944931309939 -0.325742794386 0.00174956046508
10 28 0.836556159539 0.000802633277494 0.351762791806 0.00118495166913
11 28 0.784169926768 0.00121237119284 -0.235414486596 0.00347300505497
12 28 0.743891106525 0.000695497768018 0.0212344149265 0.00440744949432
13 28 0.774653947295 0.00126406855613 0.200816628711 0.00360613994032
14 28 0.82937744131 0.00105886422579 -0.337163120691 0.00184024464027
15 28 0.828800535751 0.000894112390424 0.335973898444 0.00170972039176
16 28 0.773209656176 0.0011309734099 -0.197349077551 0.00324021015752
17 28 0.744291301502 0.000745611088264 -0.0259384976574 0.00378061435047
18 28 0.786038712344 0.00101999802379 0.239418030079 0.00285709310116
19 28 0.837662068722 0.000828203623747 -0.35368838674 0.00142340190941
20 28 0.822894215962 0.000984494996148 0.324902570579 0.00184491313849
21 28 0.756720173926 0.00128570967996 -0.159492112469 0.00302145881936
22 28 0.738697942785 0.000709758357846 -0.0801836808019 0.00337098533241
23 28 0.801087653505 0.00119980283263 0.289910156996 0.00239446978267
24 28 0.856277940324 0.000816034225336 -0.382842815573 0.000931845248615
25 28 0.816900857848 0.00102133385554 0.323268484568 0.0019191370659
26 28 0.725426765362 0.000618287401264 -0.120012291135 0.00289266827905
27 28 0.721819107767 0.00133358234612 -0.152717926888 0.00246406926577
28 28 0.837264330511 0.00128463983204 0.372898318569 0.00126625856214
29 28 0.954255602789 0.000637235380619 -0.477127801394 0.00031861769031
0 29 0.944051567612 0.000500035429263 -0.472025783806 0.000250017714632
1 29 0.828512511927 0.00105800514387 0.3583269406 0.00101075476162
2 29 0.735447939058 0.00101170388572 -0.140924633804 0.00194083792127
3 29 0.743251451143 0.000480726158964 -0.112965786432 0.00215290111974
4 29 0.810032222507 0.00049922365362 0.299489039072 0.00112694317769
5 29 0.837229258991 0.000782715285964 -0.352540290126 0.0010620500673
6 29 0.797036586192 0.00131908964148 0.262465624569 0.00289008605312
7 29 0.754547058915 0.000915241182531 -0.0683326820909 0.00400265378384
8 29 0.769194202831 0.000843362394463 -0.149029919771 0.00368669252594
9 29 0.815230080144 0.000541223088301 0.298869953021 0.00203373883261
10 29 0.823650967891 0.000719923587286 -0.323980028169 0.00142039235574
11 29 0.786059198592 0.000919151848613 0.217028480662 0.00359996709199
12 29 0.758166821372 0.000918988849557 -0.0211438934326 0.00446634343609
13 29 0.779211563396 0.00123989648547 -0.182128249075 0.00354667464513
14 29 0.817728887515 0.000997057801328 0.30825303766 0.0018871052924
15 29 0.817299421878 0.000651116594511 -0.307582142123 0.00177024698389
16 29 0.779239194226 0.00110181913531 0.180655316509 0.00311721237669
17 29 0.758121096942 0.000840514606216 0.0229805968304 0.0037710123645
18 29 0.787251232433 0.000895392415335 -0.218443122802 0.00290520678911
19 29 0.823644263774 0.00095811763963 0.323938985723 0.00143439985045
20 29 0.813788351256 0.00093175687881 -0.29722905133 0.00207595969489
21 29 0.768745769327 0.000454549643775 0.146343851028 0.00296020452301
22 29 0.754249994556 0.000835086945268 0.0713154478033 0.00277935711536
23 29 0.797853668652 0.000921774566258 -0.265312852396 0.001733625527
24 29 0.838944940921 0.000490556535953 0.354651504786 0.000522749515383
25 29 0.810681883028 0.00071355112533 -0.300700427617 0.00163287585861
26 29 0.742706541248 0.000468905051177 0.113350785768 0.00241207864762
27 29 0.735758281588 0.00110655613948 0.140871318267 0.0020252457062
28 29 0.828519495483 0.00113515673542 -0.358124792624 0.000979268578721
29 29 0.943845546599 0.000424695736576 0.471922773299 0.000212347868288
