0.025	-0.13053	3.85017e-06
0.075	-0.370687	8.77088e-06
0.125	-0.585044	1.8379e-05
0.175	-0.781153	3.24145e-05
0.225	-0.962687	4.71097e-05
0.275	-1.13201	6.39555e-05
0.325	-1.29081	8.21504e-05
0.375	-1.44043	0.000102
0.425	-1.58195	0.000121056
0.475	-1.71624	0.000146955
0.525	-1.8441	0.000161159
0.575	-1.96619	0.000187335
0.625	-2.08307	0.000224253
0.675	-2.19525	0.000242233
0.725	-2.30324	0.000264109
0.775	-2.40743	0.000303383
0.825	-2.50819	0.00032873
0.875	-2.60583	0.0003599
0.925	-2.70065	0.000383684
0.975	-2.79295	0.000415658
1.025	-2.88296	0.000434843
1.075	-2.9709	0.000462163
1.125	-3.05697	0.000494206
1.175	-3.14137	0.00052548
1.225	-3.22418	0.000554348
1.275	-3.30562	0.000582984
1.325	-3.38584	0.000610107
1.375	-3.4649	0.000636959
1.425	-3.54293	0.000678087
1.475	-3.62001	0.000702384
1.525	-3.69622	0.000737958
1.575	-3.77176	0.000765337
1.625	-3.84652	0.000786265
1.675	-3.9207	0.000825995
1.725	-3.99426	0.000858993
1.775	-4.06733	0.000878762
1.825	-4.13987	0.000935213
1.875	-4.21207	0.00095899
1.925	-4.28376	0.000973771
1.975	-4.35519	0.00100058
2.025	-4.42625	0.00103847
2.075	-4.49705	0.00106438
2.125	-4.5676	0.00108667
2.175	-4.63785	0.00114639
2.225	-4.70795	0.00116756
2.275	-4.77771	0.00122402
2.325	-4.84742	0.00125013
2.375	-4.91691	0.00123983
2.425	-4.98626	0.00130899
2.475	-5.05549	0.0013275
2.525	-5.12456	0.00134686
2.575	-5.19335	0.0014113
2.625	-5.26223	0.00142693
2.675	-5.33099	0.00144054
2.725	-5.39964	0.00150808
2.775	-5.46813	0.0015134
2.825	-5.53659	0.00155527
2.875	-5.605	0.00161357
2.925	-5.67336	0.00159876
2.975	-5.74153	0.00166873
3.025	-5.80982	0.00169557
3.075	-5.87805	0.00176159
3.125	-5.94613	0.0017226
3.175	-6.01425	0.00180063
3.225	-6.08233	0.0018157
3.275	-6.1503	0.00186613
3.325	-6.21837	0.00189423
3.375	-6.28619	0.00192105
3.425	-6.3541	0.00195561
3.475	-6.42204	0.00198637
3.525	-6.48996	0.00202801
3.575	-6.55767	0.00200881
3.625	-6.62554	0.00206893
3.675	-6.69354	0.00214562
3.725	-6.76124	0.00211301
3.775	-6.82908	0.0022052
3.825	-6.89661	0.00225838
3.875	-6.96433	0.00224235
3.925	-7.03225	0.00222846
3.975	-7.09965	0.00226413
4.025	-7.1677	0.00236782
4.075	-7.23536	0.00236379
4.125	-7.30318	0.00227331
4.175	-7.37086	0.00239004
4.225	-7.43858	0.00244113
4.275	-7.50626	0.00245916
4.325	-7.57391	0.00256216
4.375	-7.64108	0.00257604
4.425	-7.7088	0.00251362
4.475	-7.77666	0.00260475
4.525	-7.84429	0.00261672
4.575	-7.91143	0.00267824
4.625	-7.9792	0.0026567
4.675	-8.04705	0.00260484
4.725	-8.11512	0.00270875
4.775	-8.1819	0.00275224
4.825	-8.24978	0.00269113
4.875	-8.31793	0.00275536
4.925	-8.38516	0.00291325
4.975	-8.45285	0.00297783
5.025	-8.52032	0.00296513
5.075	-8.58774	0.00297791
5.125	-8.65531	0.00292883
5.175	-8.72311	0.0031087
5.225	-8.79105	0.00297687
5.275	-8.85866	0.00307781
5.325	-8.92569	0.00339527
5.375	-8.99336	0.00339342
5.425	-9.06163	0.00334906
5.475	-9.12839	0.00336007
5.525	-9.19588	0.00360011
5.575	-9.26393	0.0035953
5.625	-9.33178	0.00354312
5.675	-9.39888	0.00331205
5.725	-9.46595	0.00371559
5.775	-9.5341	0.00368174
5.825	-9.60107	0.00349057
5.875	-9.66869	0.00346158
5.925	-9.73724	0.00369042
5.975	-9.80388	0.00357741
6.025	-9.87152	0.0037764
6.075	-9.94003	0.00337068
6.125	-10.007	0.00403538
6.175	-10.0744	0.00360544
6.225	-10.1421	0.0044178
6.275	-10.2091	0.00406306
6.325	-10.2775	0.00408098
6.375	-10.3461	0.00367322
6.425	-10.4141	0.0040101
6.475	-10.4805	0.00405142
6.525	-10.547	0.00441619
6.575	-10.6149	0.00424338
6.625	-10.6837	0.0040321
6.675	-10.7499	0.00438037
6.725	-10.8185	0.00466385
6.775	-10.8846	0.0046309
6.825	-10.9504	0.00395708
6.875	-11.0208	0.00425445
6.925	-11.0864	0.00440622
6.975	-11.157	0.00470415
7.025	-11.2241	0.00430723
7.075	-11.2912	0.00455551
7.125	-11.3578	0.00477675
7.175	-11.4269	0.0036516
7.225	-11.4958	0.00543878
7.275	-11.5598	0.00473749
7.325	-11.6277	0.00444186
7.375	-11.6971	0.00486974
7.425	-11.7621	0.00510744
7.475	-11.8309	0.00453109
7.525	-11.8972	0.00482336
7.575	-11.9663	0.00480466
7.625	-12.0328	0.00466574
7.675	-12.1032	0.00481287
7.725	-12.1682	0.00489466
7.775	-12.2365	0.00497591
7.825	-12.307	0.00612176
7.875	-12.3706	0.00496293
7.925	-12.4381	0.00474911
7.975	-12.5079	0.00557678
8.025	-12.5782	0.00602095
8.075	-12.6417	0.00504285
8.125	-12.7119	0.00605443
8.175	-12.7797	0.006005
8.225	-12.8477	0.00560655
8.275	-12.9135	0.00645159
8.325	-12.9792	0.00739744
8.375	-13.052	0.00757007
8.425	-13.1141	0.00724814
8.475	-13.1829	0.00594095
8.525	-13.2481	0.00758721
8.575	-13.3172	0.00724541
8.625	-13.3804	0.00780661
8.675	-13.454	0.00786586
8.725	-13.5189	0.00735913
8.775	-13.5815	0.00657851
8.825	-13.658	0.00470426
8.875	-13.7189	0.00598679
8.925	-13.788	0.00649912
8.975	-13.8574	0.00899346
9.025	-13.9206	0.00663963
9.075	-13.9906	0.00828689
9.125	-14.0547	0.0077894
9.175	-14.1214	0.0098335
9.225	-14.1932	0.00808789
9.275	-14.2602	0.00892621
9.325	-14.3291	0.00931377
9.375	-14.3938	0.00734468
9.425	-14.458	0.0116978
9.475	-14.5299	0.0105717
9.525	-14.589	0.00932343
9.575	-14.6615	0.00734117
9.625	-14.7296	0.0110402
9.675	-14.8031	0.00963239
9.725	-14.8649	0.0115685
9.775	-14.9309	0.0148697
9.825	-14.9965	0.00896772
9.875	-15.0574	0.00672921
9.925	-15.1274	0.00745327
9.975	-15.2017	0.0117673
