0.005	-0.0283646	4.95724e-06
0.015	-0.0829179	5.95815e-06
0.025	-0.13503	7.14454e-06
0.035	-0.185407	1.23587e-05
0.045	-0.234297	1.70073e-05
0.055	-0.281916	2.30518e-05
0.065	-0.32835	2.70349e-05
0.075	-0.373717	4.19199e-05
0.085	-0.418151	6.81301e-05
0.095	-0.461724	6.43564e-05
0.105	-0.504431	5.49994e-05
0.115	-0.546354	5.78464e-05
0.125	-0.587513	6.44199e-05
0.135	-0.627962	5.5328e-05
0.145	-0.667725	5.44852e-05
0.155	-0.706859	5.16541e-05
0.165	-0.745368	5.8804e-05
0.175	-0.783114	0.000185187
0.185	-0.820402	0.000243416
0.195	-0.857179	0.000246617
0.205	-0.893361	0.000250169
0.215	-0.929089	0.00026314
0.225	-0.964368	0.00025634
0.235	-0.999173	0.000263243
0.245	-1.03348	0.000246988
0.255	-1.06736	0.000254135
0.265	-1.10073	0.000264005
0.275	-1.13371	0.000260733
0.285	-1.16627	0.000252624
0.295	-1.19843	0.000257324
0.305	-1.23016	0.000269717
0.315	-1.26147	0.000271297
0.325	-1.29246	0.000268696
0.335	-1.32305	0.000288306
0.345	-1.35332	0.000290039
0.355	-1.3832	0.000274527
0.365	-1.41276	0.000284763
0.375	-1.44196	0.000275292
0.385	-1.4709	0.000288888
0.395	-1.49953	0.000293189
0.405	-1.52783	0.000295297
0.415	-1.55589	0.000298597
0.425	-1.58355	0.000285055
0.435	-1.6108	0.000322122
0.445	-1.63806	0.000331077
0.455	-1.66484	0.000355578
0.465	-1.69145	0.000361998
0.475	-1.71789	0.000393261
0.485	-1.74398	0.000371047
0.495	-1.76979	0.000377263
0.505	-1.79533	0.000371771
0.515	-1.82081	0.000376561
0.525	-1.84589	0.000364256
0.535	-1.87067	0.000374054
0.545	-1.89526	0.000380549
0.555	-1.91969	0.00034618
0.565	-1.94385	0.000358109
0.575	-1.96789	0.000360537
0.585	-1.99177	0.000381332
0.595	-2.01529	0.000369181
0.605	-2.03841	0.000412912
0.615	-2.0616	0.000408938
0.625	-2.08451	0.000333231
0.635	-2.10704	0.000447326
0.645	-2.12967	0.000434852
0.655	-2.15224	0.000458755
0.665	-2.17446	0.000476819
0.675	-2.19661	0.000501378
0.685	-2.21848	0.000417616
0.695	-2.24003	0.000446513
0.705	-2.26149	0.000511151
0.715	-2.28304	0.000510894
0.725	-2.30446	0.000479602
0.735	-2.32571	0.000468749
0.745	-2.34466	0.00198651
0.755	-2.36539	0.00194127
0.765	-2.38609	0.00190469
0.775	-2.40687	0.00190362
0.785	-2.42727	0.00185182
0.795	-2.44766	0.00186928
0.805	-2.4679	0.00185176
0.815	-2.48827	0.0018241
0.825	-2.50821	0.0018218
0.835	-2.52809	0.00178458
0.845	-2.54773	0.00181651
0.855	-2.56713	0.0018601
0.865	-2.58651	0.00191761
0.875	-2.60591	0.00190377
0.885	-2.62531	0.00185792
0.895	-2.64418	0.00176802
0.905	-2.66311	0.00175056
0.915	-2.68189	0.00171293
0.925	-2.70057	0.00160171
0.935	-2.71912	0.00158012
0.945	-2.73768	0.00152993
0.955	-2.75623	0.00153039
0.965	-2.77466	0.00146818
0.975	-2.79282	0.00146449
0.985	-2.81097	0.00147655
0.995	-2.82919	0.00150463
1.005	-2.84745	0.00155604
1.015	-2.86534	0.00162705
1.025	-2.88314	0.00155468
1.035	-2.90077	0.00157819
1.045	-2.91832	0.00143046
1.055	-2.93593	0.00142722
1.065	-2.95352	0.00142039
1.075	-2.97068	0.00134644
1.085	-2.98824	0.00134436
1.095	-3.00561	0.00140002
1.105	-3.02299	0.00149052
1.115	-3.04031	0.00145788
1.125	-3.05734	0.00148097
1.135	-3.07444	0.00168947
1.145	-3.09125	0.00166975
1.155	-3.10806	0.0016931
1.165	-3.12511	0.00163749
1.175	-3.14181	0.00170092
1.185	-3.15856	0.00156511
1.195	-3.1754	0.001584
1.205	-3.19215	0.00156163
1.215	-3.20878	0.00155315
1.225	-3.22554	0.00148345
1.235	-3.24192	0.00147045
1.245	-3.2582	0.00148191
1.255	-3.27489	0.00136061
1.265	-3.29137	0.00128701
1.275	-3.30767	0.00128855
1.285	-3.32406	0.00132861
1.295	-3.34024	0.00134411
1.305	-3.3565	0.0013294
1.315	-3.37292	0.00133219
1.325	-3.38891	0.00129854
1.335	-3.40464	0.00131296
1.345	-3.42095	0.00125928
1.355	-3.43685	0.00127619
1.365	-3.45253	0.0012203
1.375	-3.46835	0.00122551
1.385	-3.48448	0.0013033
1.395	-3.50006	0.00131385
1.405	-3.51435	0.00146237
1.415	-3.52982	0.00141066
1.425	-3.54527	0.00147196
1.435	-3.56074	0.00152271
1.445	-3.57613	0.00160303
1.455	-3.5913	0.00184774
1.465	-3.60565	0.00185786
1.475	-3.6204	0.00177207
1.485	-3.63596	0.00169567
1.495	-3.65138	0.00164649
1.505	-3.66696	0.00167052
1.515	-3.68258	0.00164205
1.525	-3.69611	0.00245748
1.535	-3.71104	0.00253397
1.545	-3.72619	0.00231101
1.555	-3.7417	0.00217054
1.565	-3.75686	0.00223543
1.575	-3.77218	0.00224356
1.585	-3.78697	0.00215991
1.595	-3.80205	0.00230905
1.605	-3.81688	0.00236545
1.615	-3.83202	0.00231589
1.625	-3.84737	0.00214142
1.635	-3.86251	0.00228874
1.645	-3.87784	0.00240073
1.655	-3.89298	0.0025841
1.665	-3.90778	0.00267172
1.675	-3.92283	0.00266796
1.685	-3.938	0.00268216
1.695	-3.95321	0.00275423
1.705	-3.96793	0.00277135
1.715	-3.9824	0.00297319
1.725	-3.99727	0.00290085
1.735	-4.01198	0.00281671
1.745	-4.02662	0.00284072
1.755	-4.04189	0.00271954
1.765	-4.05715	0.00259478
1.775	-4.0715	0.00240279
1.785	-4.08641	0.00245069
1.795	-4.10086	0.00247191
1.805	-4.1155	0.00235442
1.815	-4.13009	0.00225554
1.825	-4.14479	0.00224942
1.835	-4.15954	0.00210723
1.845	-4.17403	0.00211801
1.855	-4.18878	0.00219278
1.865	-4.20324	0.00215185
1.875	-4.21798	0.00204809
1.885	-4.2328	0.00211163
1.895	-4.24682	0.00214607
1.905	-4.26156	0.00212685
1.915	-4.27629	0.00209605
1.925	-4.29048	0.00228284
1.935	-4.30496	0.0022851
1.945	-4.31917	0.00213894
1.955	-4.33386	0.00218191
1.965	-4.34869	0.00201094
1.975	-4.36338	0.00196488
1.985	-4.37751	0.00196908
1.995	-4.39201	0.00179873
2.005	-4.40594	0.00171856
2.015	-4.42015	0.00179745
2.025	-4.43469	0.0018745
2.035	-4.4494	0.00188214
2.045	-4.46363	0.00179401
2.055	-4.47794	0.00180244
2.065	-4.49244	0.00177488
2.075	-4.50745	0.00168459
2.085	-4.5223	0.00163108
2.095	-4.53656	0.00156103
2.105	-4.55038	0.00177015
2.115	-4.56468	0.00188144
2.125	-4.57821	0.00170048
2.135	-4.59152	0.00160796
2.145	-4.60508	0.00156282
2.155	-4.61974	0.00150007
2.165	-4.63432	0.00134147
2.175	-4.64885	0.0012325
2.185	-4.66301	0.00134035
2.195	-4.6767	0.00183752
2.205	-4.69005	0.00277256
2.215	-4.70395	0.0025291
2.225	-4.71673	0.002664
2.235	-4.73071	0.00250653
2.245	-4.74563	0.00248613
2.255	-4.75982	0.00234584
2.265	-4.77451	0.00227722
2.275	-4.78891	0.00244013
2.285	-4.80298	0.00276413
2.295	-4.81756	0.00304089
2.305	-4.83106	0.00298346
2.315	-4.8452	0.00311591
2.325	-4.85943	0.00309288
2.335	-4.87341	0.00283932
2.345	-4.88687	0.00291
2.355	-4.89967	0.00266082
2.365	-4.91361	0.00279045
2.375	-4.92749	0.00286173
2.385	-4.94107	0.00296831
2.395	-4.95553	0.00311053
2.405	-4.96919	0.00313572
2.415	-4.98308	0.00309366
2.425	-4.99718	0.00319552
2.435	-5.01069	0.00329362
2.445	-5.02368	0.00378651
2.455	-5.03767	0.00372477
2.465	-5.05092	0.00364507
2.475	-5.06427	0.00377311
2.485	-5.07878	0.00412627
2.495	-5.09231	0.00419714
2.505	-5.10591	0.00456719
2.515	-5.1215	0.00436273
2.525	-5.1354	0.00443
2.535	-5.14863	0.00394434
2.545	-5.16294	0.00416744
2.555	-5.17736	0.00420489
2.565	-5.19054	0.00409601
2.575	-5.20481	0.00423328
2.585	-5.21954	0.00424262
2.595	-5.23256	0.00439671
2.605	-5.24551	0.00478856
2.615	-5.26014	0.00488359
2.625	-5.27366	0.00536371
2.635	-5.28687	0.00543865
2.645	-5.29844	0.00569283
2.655	-5.31238	0.00624589
2.665	-5.32585	0.00654166
2.675	-5.34127	0.00663478
2.685	-5.35657	0.00664896
2.695	-5.37113	0.00647384
2.705	-5.38565	0.00621854
2.715	-5.39869	0.00577821
2.725	-5.41233	0.00582568
2.735	-5.42735	0.00570928
2.745	-5.44189	0.00566978
2.755	-5.45598	0.00540005
2.765	-5.46926	0.0056517
2.775	-5.48275	0.00595674
2.785	-5.4959	0.00637473
2.795	-5.50909	0.00626067
2.805	-5.523	0.00605072
2.815	-5.53852	0.00598691
2.825	-5.55365	0.00594132
2.835	-5.56869	0.00617755
2.845	-5.58333	0.00616125
2.855	-5.59734	0.006061
2.865	-5.60808	0.00709228
2.875	-5.62072	0.00861393
2.885	-5.63394	0.00891132
2.895	-5.6483	0.00923939
2.905	-5.66142	0.00946717
2.915	-5.67557	0.00970447
2.925	-5.68976	0.00958531
2.935	-5.70219	0.00982982
2.945	-5.71454	0.00985715
2.955	-5.72723	0.00850823
2.965	-5.74158	0.00862444
2.975	-5.75567	0.00802252
2.985	-5.76987	0.00780353
2.995	-5.78483	0.00792337
3.005	-5.79903	0.00798274
3.015	-5.81268	0.00816312
3.025	-5.8254	0.0080584
3.035	-5.84037	0.00799398
3.045	-5.85495	0.00782138
3.055	-5.86619	0.00760925
3.065	-5.87931	0.00782021
3.075	-5.89432	0.00781142
3.085	-5.90818	0.00807572
3.095	-5.91781	0.00805881
3.105	-5.93122	0.00853063
3.115	-5.94675	0.00847059
3.125	-5.96224	0.00851441
3.135	-5.9756	0.00869809
3.145	-5.98985	0.00910911
3.155	-6.00437	0.00863818
3.165	-6.01898	0.00848289
3.175	-6.03309	0.00897982
3.185	-6.04834	0.00864551
3.195	-6.06262	0.00882208
3.205	-6.07622	0.00804325
3.215	-6.08954	0.0075173
3.225	-6.1006	0.00814441
3.235	-6.11604	0.00814101
3.245	-6.13129	0.00778804
3.255	-6.14697	0.00791365
3.265	-6.1617	0.00803841
3.275	-6.17554	0.00836775
3.285	-6.1898	0.00922201
3.295	-6.20487	0.009149
3.305	-6.21989	0.00967096
3.315	-6.23517	0.00939159
3.325	-6.25055	0.0088791
3.335	-6.26263	0.00836687
3.345	-6.27578	0.00920852
3.355	-6.28868	0.00917381
3.365	-6.30074	0.00932841
3.375	-6.31501	0.00882131
3.385	-6.32957	0.00842254
3.395	-6.34153	0.00808908
3.405	-6.3535	0.0103361
3.415	-6.36614	0.0116201
3.425	-6.38099	0.0118267
3.435	-6.39578	0.0125564
3.445	-6.41026	0.0130223
3.455	-6.41787	0.0138533
3.465	-6.43325	0.0137813
3.475	-6.45034	0.0136246
3.485	-6.46176	0.014299
3.495	-6.47335	0.0160639
3.505	-6.4872	0.0163242
3.515	-6.50303	0.0155978
3.525	-6.5173	0.0154521
3.535	-6.5332	0.0153403
3.545	-6.55038	0.0151398
3.555	-6.56725	0.0150787
3.565	-6.57852	0.0181678
3.575	-6.59242	0.017936
3.585	-6.6048	0.017103
3.595	-6.61867	0.0173672
3.605	-6.62913	0.0184032
3.615	-6.64149	0.0194446
3.625	-6.65558	0.0202597
3.635	-6.66887	0.0199064
3.645	-6.68329	0.0196961
3.655	-6.698	0.0199667
3.665	-6.71157	0.0183739
3.675	-6.72618	0.0171366
3.685	-6.74204	0.0175068
3.695	-6.75713	0.017486
3.705	-6.77316	0.0174945
3.715	-6.75935	0.0386166
3.725	-6.77191	0.0414979
3.735	-6.78709	0.041515
3.745	-6.80199	0.0409917
3.755	-6.81685	0.0410667
3.765	-6.83349	0.040409
3.775	-6.84995	0.0398012
3.785	-6.86631	0.0392572
3.795	-6.88222	0.0401555
3.805	-6.89722	0.0406267
3.815	-6.9125	0.0403594
3.825	-6.92694	0.0394251
3.835	-6.94195	0.038641
3.845	-6.93374	0.0408668
3.855	-6.94728	0.0396239
3.865	-6.95727	0.0383161
3.875	-6.97261	0.0378797
3.885	-6.99007	0.0375912
3.895	-7.00626	0.037088
3.905	-7.02077	0.0365136
3.915	-7.03678	0.0361829
3.925	-7.05213	0.0354637
3.935	-7.06962	0.0351894
3.945	-7.08149	0.0363906
3.955	-7.0953	0.0365149
3.965	-7.11107	0.0360867
3.975	-7.12688	0.0360153
3.985	-7.14221	0.0359131
3.995	-7.15819	0.0355035
4.005	-7.17376	0.0343105
4.015	-7.1668	0.0383609
4.025	-7.18509	0.0378986
4.035	-7.19752	0.0380671
4.045	-7.21357	0.0375851
4.055	-7.22837	0.0387754
4.065	-7.24488	0.0379484
4.075	-7.25105	0.0388653
4.085	-7.26248	0.0395548
4.095	-7.27566	0.0383737
4.105	-7.28814	0.0377574
4.115	-7.30448	0.0371685
4.125	-7.32043	0.037723
4.135	-7.32214	0.0458956
4.145	-7.33915	0.0458116
4.155	-7.35697	0.0455945
4.165	-7.37353	0.0448178
4.175	-7.38931	0.0440135
4.185	-7.4038	0.043315
4.195	-7.41101	0.0464808
4.205	-7.42266	0.0456464
4.215	-7.43847	0.0453827
4.225	-7.45521	0.0452147
4.235	-7.47192	0.0455918
4.245	-7.48552	0.0443714
4.255	-7.49785	0.0447478
4.265	-7.51621	0.0438137
4.275	-7.53104	0.0434892
4.285	-7.54171	0.0441731
4.295	-7.55599	0.0449177
4.305	-7.57215	0.0437776
4.315	-7.58897	0.0429675
4.325	-7.60528	0.0429238
4.335	-7.61855	0.0420178
4.345	-7.63413	0.0419802
4.355	-7.65069	0.0424961
4.365	-7.65852	0.0432004
4.375	-7.67037	0.0440911
4.385	-7.68439	0.0435554
4.395	-7.69075	0.0460516
4.405	-7.70644	0.0450012
4.415	-7.72094	0.0427116
4.425	-7.73858	0.043449
4.435	-7.75341	0.0433801
4.445	-7.76696	0.0419086
4.455	-7.78225	0.0423484
4.465	-7.79825	0.041935
4.475	-7.80307	0.0461399
4.485	-7.78083	0.0749447
4.495	-7.79709	0.0748126
4.505	-7.81502	0.0745166
4.515	-7.79392	0.0784483
4.525	-7.80665	0.0797485
4.535	-7.82118	0.0799335
4.545	-7.838	0.0799345
4.555	-7.85576	0.0797227
4.565	-7.87298	0.080187
4.575	-7.88398	0.0795928
4.585	-7.89719	0.0794575
4.595	-7.91371	0.0793023
4.605	-7.92591	0.0786934
4.615	-7.94236	0.0781377
4.625	-7.95578	0.0776714
4.635	-7.97636	0.0771035
4.645	-7.99167	0.0771953
4.655	-8.01001	0.0769343
4.665	-8.02594	0.0766426
4.675	-8.03807	0.0754727
4.685	-8.05252	0.0757862
4.695	-8.07017	0.075863
4.705	-8.08965	0.0768903
4.715	-8.10355	0.0773021
4.725	-8.12083	0.0781749
4.735	-8.13417	0.0780506
4.745	-8.15324	0.0780415
4.755	-8.16847	0.0778108
4.765	-8.07479	0.0990943
4.775	-8.06325	0.119047
4.785	-8.07981	0.119452
4.795	-8.09652	0.120318
4.805	-8.11334	0.119862
4.815	-8.12383	0.125927
4.825	-8.13604	0.126541
4.835	-8.14352	0.123387
4.845	-8.10694	0.129684
4.855	-8.12054	0.131222
4.865	-8.13441	0.133189
4.875	-8.15348	0.134004
4.885	-8.17098	0.13356
4.895	-8.18952	0.132395
4.905	-8.20735	0.132473
4.915	-8.2239	0.132701
4.925	-8.24049	0.131639
4.935	-8.25749	0.132721
4.945	-8.27526	0.13323
4.955	-8.28963	0.131896
4.965	-8.30667	0.131334
4.975	-8.32146	0.131
4.985	-8.32724	0.128831
4.995	-8.34166	0.128018
5.005	-8.35041	0.125296
5.015	-8.36852	0.124792
5.025	-8.38203	0.123854
5.035	-8.39674	0.123174
5.045	-8.41232	0.122879
5.055	-8.4274	0.123329
5.065	-8.43882	0.122341
5.075	-8.45245	0.121935
5.085	-8.47121	0.121759
5.095	-8.48688	0.121154
5.105	-8.50441	0.121055
5.115	-8.52282	0.12089
5.125	-8.52533	0.116594
5.135	-8.53584	0.114414
5.145	-8.54973	0.114619
5.155	-8.56805	0.114277
5.165	-8.58435	0.113724
5.175	-8.59828	0.113202
5.185	-8.61205	0.111798
5.195	-8.625	0.11091
5.205	-8.64529	0.110989
5.215	-8.66408	0.111217
5.225	-8.68064	0.109137
5.235	-8.69759	0.110926
5.245	-8.71281	0.111063
5.255	-8.73314	0.110104
5.265	-8.74934	0.110531
5.275	-8.76511	0.110214
5.285	-8.78531	0.11043
5.295	-8.80117	0.110495
5.305	-8.81907	0.110064
5.315	-8.8355	0.110105
5.325	-8.85118	0.10851
5.335	-8.86498	0.108964
5.345	-8.88332	0.108057
5.355	-8.89898	0.107876
5.365	-8.90576	0.10718
5.375	-8.9077	0.103372
5.385	-8.92933	0.104325
5.395	-8.94355	0.103063
5.405	-8.96172	0.102452
5.415	-8.97326	0.102038
5.425	-8.98561	0.102222
5.435	-9.00317	0.101502
5.445	-9.02277	0.101767
5.455	-9.04177	0.100371
5.465	-9.0548	0.1001
5.475	-8.90057	0.195918
5.485	-8.90365	0.210407
5.495	-8.91987	0.209729
5.505	-8.93592	0.21009
5.515	-8.95455	0.209703
5.525	-8.96837	0.208526
5.535	-8.9833	0.207528
5.545	-9.0016	0.207655
5.555	-9.01905	0.207196
5.565	-9.03204	0.206428
5.575	-9.04458	0.204642
5.585	-9.06045	0.20481
5.595	-9.07508	0.203751
5.605	-9.08792	0.202947
5.615	-9.09762	0.203637
5.625	-9.10009	0.202385
5.635	-9.1184	0.202031
5.645	-9.13141	0.203359
5.655	-9.14814	0.203111
5.665	-9.16469	0.202457
5.675	-9.1806	0.203104
5.685	-9.1982	0.202861
5.695	-9.21092	0.203554
5.705	-9.22281	0.204453
5.715	-9.22881	0.203902
5.725	-9.22486	0.199272
5.735	-9.23524	0.197331
5.745	-9.25771	0.197731
5.755	-9.27534	0.197678
5.765	-9.29456	0.196929
5.775	-9.30805	0.195776
5.785	-9.32137	0.19548
5.795	-9.33452	0.196662
5.805	-9.35375	0.196632
5.815	-9.3717	0.196256
5.825	-9.39484	0.196584
5.835	-9.41071	0.197805
5.845	-9.42833	0.199356
5.855	-9.44877	0.200306
5.865	-9.4668	0.19972
5.875	-9.48352	0.198151
5.885	-9.49551	0.196345
5.895	-9.50797	0.195497
5.905	-9.52304	0.194384
5.915	-9.54492	0.194443
5.925	-9.55947	0.194235
5.935	-9.57906	0.196064
5.945	-9.59115	0.194314
5.955	-9.60921	0.193227
5.965	-9.6306	0.193212
5.975	-9.64489	0.192631
5.985	-9.65925	0.190507
5.995	-9.67477	0.190204
6.005	-9.69235	0.189869
6.015	-9.69586	0.187971
6.025	-9.71426	0.188031
6.035	-9.72887	0.188381
6.045	-9.74696	0.188564
6.055	-9.76205	0.188641
6.065	-9.76326	0.185172
6.075	-9.77893	0.185549
6.085	-9.79391	0.184102
6.095	-9.79673	0.182248
6.105	-9.81056	0.180771
6.115	-9.82997	0.180456
6.125	-9.84849	0.181059
6.135	-9.86007	0.180716
6.145	-9.88209	0.182212
6.155	-9.88118	0.184875
6.165	-9.88142	0.18613
6.175	-9.89684	0.185858
6.185	-9.91708	0.186053
6.195	-9.93272	0.186222
6.205	-9.9578	0.189475
6.215	-9.9657	0.187614
6.225	-9.97197	0.188214
6.235	-9.97978	0.191182
6.245	-9.99025	0.190469
6.255	-10.0021	0.190129
6.265	-10.015	0.188075
6.275	-10.0276	0.188723
6.285	-10.0476	0.18873
6.295	-10.0689	0.190538
6.305	-10.0886	0.191431
6.315	-10.1073	0.192252
6.325	-10.127	0.192646
6.335	-10.1493	0.19476
6.345	-10.1596	0.19278
6.355	-10.1782	0.192016
6.365	-10.1999	0.195496
6.375	-10.219	0.196372
6.385	-10.232	0.1937
6.395	-10.259	0.196388
6.405	-10.272	0.196094
6.415	-10.2849	0.195365
6.425	-10.3088	0.196494
6.435	-10.3248	0.194815
6.445	-10.3399	0.197439
6.455	-10.3451	0.201585
6.465	-10.3566	0.204582
6.475	-10.3694	0.203922
6.485	-10.3943	0.203918
6.495	-10.4064	0.202191
6.505	-10.4177	0.202201
6.515	-10.4357	0.201387
6.525	-10.4673	0.202727
6.535	-10.4897	0.203012
6.545	-10.511	0.203129
6.555	-10.5279	0.201766
6.565	-10.5465	0.200307
6.575	-10.5554	0.199314
6.585	-10.5828	0.202741
6.595	-10.5842	0.200852
6.605	-10.6061	0.20025
6.615	-10.6002	0.202653
6.625	-10.5975	0.196557
6.635	-10.5687	0.195881
6.645	-10.5763	0.197121
6.655	-10.6016	0.198805
6.665	-10.6184	0.197457
6.675	-10.624	0.202197
6.685	-10.6326	0.198933
6.695	-10.6371	0.196488
6.705	-10.6482	0.194658
6.715	-10.6534	0.192603
6.725	-10.6385	0.181389
6.735	-10.6383	0.175382
6.745	-10.6661	0.180821
6.755	-10.6796	0.178649
6.765	-10.6945	0.182266
6.775	-10.7184	0.183894
6.785	-10.7417	0.182762
6.795	-10.7622	0.184507
6.805	-10.7813	0.182593
6.815	-10.7526	0.168903
6.825	-10.7742	0.170174
6.835	-10.7879	0.167819
6.845	-10.7891	0.165351
6.855	-10.7848	0.163607
6.865	-10.8132	0.166272
6.875	-10.837	0.168486
6.885	-10.853	0.16712
6.895	-10.8781	0.167485
6.905	-10.9073	0.167378
6.915	-10.9309	0.168546
6.925	-10.9564	0.170161
6.935	-10.9762	0.1728
6.945	-10.9947	0.170118
6.955	-11.021	0.173444
6.965	-11.0486	0.174354
6.975	-11.0554	0.174104
6.985	-11.0726	0.176299
6.995	-11.0793	0.172634
7.005	-11.1012	0.173075
7.015	-11.1218	0.172928
7.025	-11.1334	0.172441
7.035	-11.1353	0.16654
7.045	-11.1427	0.165798
7.055	-11.1653	0.16656
7.065	-11.205	0.168815
7.075	-11.2249	0.172171
7.085	-11.2379	0.173139
7.095	-11.2652	0.174839
7.105	-11.2792	0.173044
7.115	-11.3022	0.172127
7.125	-11.3087	0.171906
7.135	-11.33	0.177045
7.145	-11.3516	0.174606
7.155	-11.3692	0.173534
7.165	-11.3725	0.170404
7.175	-11.3746	0.174779
7.185	-11.3879	0.174374
7.195	-11.4148	0.176021
7.205	-11.4433	0.180785
7.215	-11.4573	0.176981
7.225	-11.4902	0.177282
7.235	-11.4933	0.175935
7.245	-11.5165	0.174354
7.255	-11.5318	0.176141
7.265	-11.5516	0.179206
7.275	-11.5779	0.181879
7.285	-11.6101	0.187185
7.295	-11.6227	0.18485
7.305	-11.6508	0.187012
7.315	-11.672	0.188674
7.325	-11.68	0.188221
7.335	-11.7136	0.191614
7.345	-11.7282	0.191616
7.355	-11.7514	0.192796
7.365	-11.774	0.192803
7.375	-11.7826	0.19836
7.385	-11.7884	0.201195
7.395	-11.8142	0.203531
7.405	-11.8375	0.201988
7.415	-11.8404	0.206123
7.425	-11.8494	0.211849
7.435	-11.8735	0.214442
7.445	-11.884	0.213558
7.455	-11.8953	0.2148
7.465	-11.9076	0.209846
7.475	-11.9338	0.212772
7.485	-11.9469	0.214297
7.495	-11.9685	0.214789
7.505	-11.9825	0.212971
7.515	-11.9925	0.207431
7.525	-12.0164	0.209738
7.535	-12.0207	0.208242
7.545	-12.0656	0.211551
7.555	-12.0679	0.216688
7.565	-12.0863	0.216052
7.575	-12.1028	0.220091
7.585	-12.1391	0.219273
7.595	-12.1483	0.215876
7.605	-12.1674	0.217251
7.615	-12.1928	0.214296
7.625	-12.2116	0.21738
7.635	-12.2211	0.218623
7.645	-12.2307	0.218024
7.655	-12.2214	0.215404
7.665	-12.2371	0.214686
7.675	-12.2669	0.220675
7.685	-12.2961	0.227051
7.695	-12.3112	0.2203
7.705	-12.3083	0.210502
7.715	-12.255	0.272609
7.725	-12.2668	0.28639
7.735	-12.294	0.283051
7.745	-12.3272	0.286701
7.755	-12.3545	0.286301
7.765	-12.3862	0.290229
7.775	-12.3896	0.286163
7.785	-12.4206	0.286684
7.795	-12.4125	0.283844
7.805	-12.4542	0.284438
7.815	-12.4586	0.281184
7.825	-12.4729	0.277496
7.835	-12.5192	0.27928
7.845	-12.5292	0.274445
7.855	-12.4831	0.258562
7.865	-12.5254	0.267098
7.875	-12.5536	0.271252
7.885	-12.5873	0.269562
7.895	-12.5986	0.267129
7.905	-12.612	0.264675
7.915	-12.641	0.268997
7.925	-12.6841	0.27115
7.935	-12.679	0.270886
7.945	-12.6898	0.266865
7.955	-12.7203	0.266816
7.965	-12.7265	0.263947
7.975	-12.687	0.255933
7.985	-12.6944	0.264164
7.995	-12.7079	0.26884
8.005	-12.7148	0.262366
8.015	-12.7211	0.262774
8.025	-12.7313	0.260779
8.035	-12.7731	0.260867
8.045	-12.763	0.263769
8.055	-12.8106	0.266086
8.065	-12.8113	0.264676
8.075	-12.8259	0.263088
8.085	-12.8031	0.266238
8.095	-12.8341	0.263492
8.105	-12.8649	0.263047
8.115	-12.8943	0.264274
8.125	-12.896	0.260855
8.135	-12.9601	0.269904
8.145	-12.9632	0.263166
8.155	-12.9627	0.262941
8.165	-12.9931	0.261382
8.175	-12.9807	0.257481
8.185	-13.0105	0.264961
8.195	-13.0411	0.262945
8.205	-13.071	0.270635
8.215	-13.064	0.273361
8.225	-13.08	0.279568
8.235	-13.0998	0.27096
8.245	-13.1356	0.27414
8.255	-13.1321	0.266992
8.265	-13.1408	0.268937
8.275	-13.1707	0.277932
8.285	-13.1949	0.27535
8.295	-13.2326	0.278084
8.305	-13.2571	0.281385
8.315	-13.2648	0.289832
8.325	-13.2698	0.283268
8.335	-13.3026	0.290438
8.345	-13.2959	0.27359
8.355	-13.3084	0.271538
8.365	-13.3552	0.277826
8.375	-13.3392	0.273698
8.385	-13.3685	0.274457
8.395	-13.3818	0.278547
8.405	-13.4164	0.280602
8.415	-13.4558	0.283854
8.425	-13.4884	0.282666
8.435	-13.5239	0.29441
8.445	-13.5328	0.28165
8.455	-13.5186	0.278809
8.465	-13.5445	0.298541
8.475	-13.5557	0.291185
8.485	-13.5683	0.284973
8.495	-13.605	0.286142
8.505	-13.6269	0.287961
8.515	-13.6063	0.273827
8.525	-13.5791	0.279487
8.535	-13.5608	0.272274
8.545	-13.5939	0.272121
8.555	-13.6107	0.279638
8.565	-13.6596	0.289424
8.575	-13.6729	0.282583
8.585	-13.713	0.288801
8.595	-13.7428	0.290532
8.605	-13.773	0.288075
8.615	-13.8207	0.292488
8.625	-13.8469	0.292149
8.635	-13.894	0.290545
8.645	-13.9016	0.293496
8.655	-13.9704	0.285787
8.665	-13.9902	0.304915
8.675	-13.9827	0.329055
8.685	-13.9801	0.314121
8.695	-13.953	0.308229
8.705	-14.0437	0.317361
8.715	-14.029	0.303338
8.725	-14.0322	0.305781
8.735	-14.0403	0.288833
8.745	-13.9923	0.323338
8.755	-14.0265	0.328945
8.765	-14.0517	0.33917
8.775	-14.071	0.331151
8.785	-14.0579	0.332975
8.795	-14.0958	0.340569
8.805	-14.0958	0.32759
8.815	-14.1417	0.338874
8.825	-14.146	0.342273
8.835	-14.1082	0.314136
8.845	-14.0981	0.305377
8.855	-14.0913	0.31222
8.865	-14.176	0.323022
8.875	-14.14	0.321355
8.885	-14.1343	0.308782
8.895	-14.1276	0.307726
8.905	-14.1255	0.343046
8.915	-14.0586	0.345131
8.925	-14.0901	0.354967
8.935	-14.1344	0.367388
8.945	-14.1361	0.373843
8.955	-14.1383	0.364893
8.965	-14.1942	0.374698
8.975	-14.1904	0.374302
8.985	-14.2257	0.370381
8.995	-14.3023	0.388346
9.005	-14.3077	0.376395
9.015	-14.332	0.375473
9.025	-14.2703	0.384278
9.035	-14.3491	0.404758
9.045	-14.3527	0.433906
9.055	-14.4029	0.4417
9.065	-14.3529	0.444175
9.075	-14.3086	0.447683
9.085	-14.3193	0.460406
9.095	-14.262	0.500201
9.105	-14.3001	0.507969
9.115	-14.3268	0.495973
9.125	-14.3689	0.503978
9.135	-14.4365	0.515744
9.145	-14.4434	0.510275
9.155	-14.4768	0.508476
9.165	-14.4898	0.513411
9.175	-14.5476	0.518508
9.185	-14.6105	0.524065
9.195	-14.6052	0.504142
9.205	-14.6697	0.536493
9.215	-14.6357	0.504191
9.225	-14.7699	0.557558
9.235	-14.7201	0.532653
9.245	-14.7427	0.546323
9.255	-14.8123	0.556473
9.265	-14.7074	0.510512
9.275	-14.7905	0.549353
9.285	-14.9013	0.591338
9.295	-14.9054	0.568762
9.305	-14.8543	0.55772
9.315	-14.8444	0.539129
9.325	-14.9658	0.567759
9.335	-14.9725	0.571519
9.345	-15.0323	0.570337
9.355	-15.0272	0.603884
9.365	-15.0909	0.613604
9.375	-15.0775	0.599329
9.385	-15.1136	0.589806
9.395	-15.1086	0.587818
9.405	-15.1703	0.604157
9.415	-15.1575	0.594116
9.425	-15.1741	0.55563
9.435	-15.2479	0.58757
9.445	-15.2587	0.553839
9.455	-15.2761	0.565621
9.465	-15.3255	0.574952
9.475	-15.3599	0.557091
9.485	-15.2828	0.49722
9.495	-15.421	0.613676
9.505	-15.4678	0.605497
9.515	-15.4778	0.611889
9.525	-15.4	0.565247
9.535	-15.4668	0.570041
9.545	-15.4451	0.518493
9.555	-15.5805	0.564282
9.565	-15.7356	0.613045
9.575	-15.6501	0.598291
9.585	-15.6749	0.611215
9.595	-15.6924	0.575231
9.605	-15.7675	0.642822
9.615	-15.7221	0.567682
9.625	-15.7672	0.554194
9.635	-15.9864	0.672888
9.645	-15.9078	0.632323
9.655	-16.2183	0.82287
9.665	-15.9852	0.612275
9.675	-16.0209	0.61208
9.685	-16.1105	0.634072
9.695	-15.9911	0.563677
9.705	-16.1255	0.637747
9.715	-15.9415	0.577672
9.725	-15.9571	0.577772
9.735	-16.1653	0.680089
9.745	-16.1825	0.70432
9.755	-16.1991	0.656019
9.765	-14.2002	1.64418
9.775	-14.2764	1.65733
9.785	-14.3052	1.65639
9.795	-14.4141	1.69268
9.805	-14.3293	1.66771
9.815	-14.5226	1.70171
9.825	-14.348	1.66517
9.835	-14.5317	1.69931
9.845	-14.6981	1.72461
9.855	-14.5737	1.68163
9.865	-14.6051	1.69084
9.875	-14.6712	1.71016
9.885	-14.7209	1.71542
9.895	-14.8201	1.73927
9.905	-14.782	1.71435
9.915	-14.794	1.71273
9.925	-14.9296	1.74864
9.935	-15.0649	1.75114
9.945	-15.0444	1.75443
9.955	-15.0678	1.76399
9.965	-15.0549	1.76127
9.975	-15.0788	1.75061
9.985	-15.1999	1.77618
9.995	-15.4041	1.84768
10.005	-15.4108	1.82196
10.015	-15.2341	1.75626
10.025	-15.5242	1.83102
10.035	-15.3324	1.77242
10.045	-15.3877	1.78314
10.055	-15.2738	1.78406
10.065	-15.3825	1.78532
10.075	-15.2843	1.76933
10.085	-13.3503	2.2516
10.095	-13.4412	2.27749
10.105	-13.365	2.25442
10.115	-13.4081	2.27054
10.125	-13.3911	2.26632
10.135	-13.3034	2.25317
10.145	-13.3817	2.27038
10.155	-13.3277	2.26311
10.165	-13.4072	2.28328
10.175	-13.0726	2.22819
10.185	-13.0667	2.24631
10.195	-13.2404	2.27831
10.205	-13.244	2.2858
10.215	-13.2817	2.29685
10.225	-13.3849	2.32401
10.235	-13.3837	2.30651
