0 0.903085071894 0.000269143582637 -7.51727202794e-05 3.39620571578e-05
1 0.817027359124 0.000351063902623 0.000253060120956 9.65659166752e-05
2 0.790450480671 0.000258570170022 -0.000343689826353 0.000184708250916
3 0.788361474453 0.000256401193833 0.000198051876561 0.000273476688085
4 0.791671473737 0.000203493465527 6.76750055662e-05 0.000299434871287
5 0.792686717183 0.000185836178348 -0.000290359962141 0.000285597530596
6 0.791865717123 0.000269511919671 0.000275751576807 0.000273974587331
7 0.790845330875 0.000213496493097 -3.96075238657e-05 0.000259748986528
8 0.790837823926 0.000149916099644 -0.000186697594019 0.000256593276265
9 0.791077197804 0.000179192406801 0.000265682705952 0.000217465614348
10 0.791094837133 0.000165379268334 -0.000151825698666 0.000169083078996
11 0.791140327019 0.000205417678554 -3.83004248431e-05 0.000146466995376
12 0.791007551383 0.000139450514558 9.89692833301e-05 0.000146794366068
13 0.790924107115 0.000136601224656 -9.30904937127e-06 0.00019819137829
14 0.791006999013 0.000206461975818 -0.00010220558251 0.000256120528738
15 0.790932438862 0.00027203422165 0.000116347495522 0.000234590765591
16 0.790634290733 0.000241668911372 -1.80887563663e-05 0.000178164107586
17 0.790707556599 0.000159505339846 4.92169352754e-05 0.000202008765925
18 0.791011842277 0.000119952874691 -0.000195627172635 0.000202155704768
19 0.791159232353 0.000148235305762 0.000229959519853 0.000153106815297
20 0.790989999942 0.000108243720061 -0.000197708348439 0.000121762856292
21 0.790572647004 0.000164007421573 0.000203512419325 9.43136334537e-05
22 0.790588790757 0.00020490233503 -0.000119764562486 0.000127242467755
23 0.791420421818 0.000202907428013 -1.85144035032e-06 0.000186686531514
24 0.792336121869 0.000200285839817 1.03317890459e-05 0.000166671960182
25 0.791192989709 0.000173725548061 0.000119535606617 0.000193117962897
26 0.787667407515 0.000216678790111 -0.00032593420139 0.000288665108257
27 0.789461125618 0.00033720292127 0.000386917474053 0.000313293576688
28 0.815825985061 0.000468812524436 -0.000241953536836 0.000222109966936
29 0.902416680414 0.000299878763538 6.30840835716e-05 7.50944467153e-05
