0 0 0.885001012136 0.00155760195915 0.442500506068 0.000778800979573
1 0 0.807138173613 0.0018554761352 -0.293432772131 0.00231871706427
2 0 0.794486653873 0.00161774425024 0.125240512675 0.00311506402793
3 0 0.794685279024 0.0019466206091 -0.00341323032584 0.0027317470339
4 0 0.79623073081 0.0014398711809 -0.0581126558758 0.00203961274724
5 0 0.79615748973 0.00131324672466 0.0707752016388 0.00195322722571
6 0 0.795683144028 0.00129179281724 -0.0527884237134 0.0016919388163
7 0 0.79565344681 0.00171762917012 0.0217442431948 0.00137366671859
8 0 0.795337360111 0.00153026489059 0.00769826891475 0.00172537637212
9 0 0.795009367285 0.00126610653387 -0.0260068433885 0.00222807340859
10 0 0.794863978147 0.000839081301796 0.0297219124228 0.00256580539817
11 0 0.79391853624 0.00114404970886 -0.0208357956601 0.00231233107068
12 0 0.793943795473 0.000987849472717 0.00529233840772 0.00131290577046
13 0 0.79374222381 0.000936113222858 0.0100510782427 0.00139240244916
14 0 0.79342094791 0.000989345240312 -0.0202082462123 0.00241405075203
15 0 0.793935559289 0.000995210125674 0.0217291441623 0.00289206161873
16 0 0.793584338242 0.000791370910512 -0.0135601050007 0.00298069307945
17 0 0.793140641989 0.000456102570304 -0.00149342301981 0.00265582349867
18 0 0.792710203085 0.000446092893585 0.0185818774543 0.00207324391334
19 0 0.792568560469 0.000694729013196 -0.0307904613313 0.0018158337261
20 0 0.790905655714 0.00101376772921 0.0306898493089 0.00222162410721
21 0 0.790808713897 0.00114141786017 -0.0141518229086 0.00262377953272
22 0 0.790729928966 0.00133312471918 -0.0163015954265 0.00259126703868
23 0 0.79216230754 0.00177936021924 0.0513165542385 0.00219712381499
24 0 0.79282298455 0.00209652234259 -0.0755740728546 0.00207955806482
25 0 0.791941273116 0.0021296374643 0.068138337017 0.00356774098164
26 0 0.789929019903 0.00190527266158 -0.00879262443299 0.00499532256661
27 0 0.787957045076 0.00227921878969 -0.11410985726 0.00494993895638
28 0 0.800649227929 0.0027412768568 0.286533306416 0.00321682449567
29 0 0.880882401237 0.00198817968071 -0.440441200618 0.000994089840357
0 1 0.902629803283 0.000838895145824 -0.451314901642 0.000419447572912
1 1 0.816742638387 0.00119007449279 0.315356317475 0.00130716624291
2 1 0.790865020852 0.00119214054938 -0.146536884573 0.00206844347053
3 1 0.789011689378 0.00135927748782 0.0112809435842 0.00252422109571
4 1 0.79200066057 0.00112710043166 0.0645613283536 0.0022489874382
5 1 0.792739970341 0.000808954709703 -0.0837721485884 0.00154859244298
6 1 0.792559727424 0.000948536073001 0.0636681128714 0.00177477681087
7 1 0.79254955007 0.00107437357181 -0.0263427733002 0.00207754472476
8 1 0.792356205405 0.000995309023935 -0.00947837408289 0.00234531520043
9 1 0.792681410119 0.000677400762318 0.0321820327945 0.00250594331344
10 1 0.791837485744 0.000641034323933 -0.0369952582781 0.00227842330609
11 1 0.791660993124 0.000743382621516 0.0263457160726 0.00185738398924
12 1 0.791859783405 0.000896636722998 -0.00682395318479 0.00172933250303
13 1 0.79167682328 0.00105039349437 -0.0139212375884 0.00215963900661
14 1 0.792129782451 0.000763169360497 0.0278148394741 0.00293158962486
15 1 0.791338006545 0.000712111653144 -0.0288995053988 0.00328019756302
16 1 0.791751841531 0.00100188450142 0.0168145218124 0.00273130001497
17 1 0.791399595289 0.000773790374924 0.0037213992128 0.00182487596054
18 1 0.791377430283 0.000600540540426 -0.0249634957302 0.00148687231668
19 1 0.790894706526 0.00081957700871 0.0378301913251 0.00173753463633
20 1 0.790026888673 0.000877537652855 -0.0350961240862 0.00202764744041
21 1 0.789341222341 0.00120280724642 0.0133516729883 0.00190081747946
22 1 0.789141805025 0.00106990741099 0.0240942852378 0.00151507629064
23 1 0.789488872461 0.000857170671585 -0.0648340689905 0.00120190360056
24 1 0.791467093774 0.000895139974116 0.0888412394446 0.00149787363634
25 1 0.792280294577 0.00109523511081 -0.0727402787587 0.00277398329618
26 1 0.787649614485 0.00132294143844 -0.00198494402889 0.00393300533243
27 1 0.78750536634 0.00168167985712 0.138687322549 0.00401469597225
28 1 0.812194513903 0.00225076128396 -0.311266577172 0.00269405166792
29 1 0.900841204415 0.00171087048224 0.450420602208 0.000855435241122
0 2 0.902528010445 0.00109387481012 0.451264005223 0.000546937405061
1 2 0.815584177837 0.001543747658 -0.314726973291 0.00184436170601
2 2 0.787367715426 0.00135308333916 0.143879948158 0.00295237852942
3 2 0.785066722646 0.00136480334045 -0.00587229547984 0.00318177503168
4 2 0.788582069202 0.00140307582709 -0.07085557051 0.0023916472665
5 2 0.790465207573 0.00160327242591 0.0882230961333 0.00136727946463
6 2 0.789443126026 0.00126245452054 -0.0652434234936 0.00175889392939
7 2 0.788550024562 0.00123728543095 0.025555791956 0.00220395742446
8 2 0.789206773861 0.00131339863929 0.0110362225125 0.00237062550512
9 2 0.790508177446 0.000974579398523 -0.0332555074782 0.00261291360014
10 2 0.789878698006 0.00078167251702 0.037608526923 0.00265719920286
11 2 0.790412965458 0.00095518217386 -0.0260479905909 0.00235579832652
12 2 0.791080858993 0.000970048084874 0.00506604876701 0.00222560616382
13 2 0.790654376545 0.000761085038866 0.0161207991923 0.00279543470871
14 2 0.790726502192 0.000612680412834 -0.0287957260201 0.00325281515221
15 2 0.791128753881 0.00094208957961 0.0283310832273 0.00305663801097
16 2 0.791077709136 0.000792709768645 -0.0142072456625 0.0026098528549
17 2 0.792637003852 0.000870952958319 -0.00831227495009 0.00216642319237
18 2 0.793392998414 0.000992931657942 0.0295953957915 0.00169731578536
19 2 0.793742239766 0.00116928474362 -0.0403393761491 0.00184531350568
20 2 0.793127906963 0.00100113438401 0.0336998911681 0.00255553512791
21 2 0.7923414634 0.000802242620536 -0.00811181661597 0.00298620175568
22 2 0.792426755403 0.00112105538669 -0.0312734886896 0.00265365984988
23 2 0.792845392631 0.00124314858776 0.0710771537165 0.00220843287324
24 2 0.793507065713 0.00110555990179 -0.0911944633352 0.00188565460125
25 2 0.793068601915 0.00120712792305 0.0698900604005 0.00179715982679
26 2 0.789036779905 0.00126100481628 0.00933364329302 0.00251648261512
27 2 0.789905576009 0.00151315200781 -0.147539177335 0.00275439828665
28 2 0.81733107213 0.00157053450537 0.317281285803 0.00192723455083
29 2 0.904375259995 0.00124749306009 -0.452187629997 0.000623746530045
0 3 0.902978407033 0.00140852566538 -0.451489203516 0.000704262832692
1 3 0.815828182145 0.00208696121233 0.315166391599 0.00232265858681
2 3 0.788387186154 0.00197273242275 -0.144494261422 0.00373098838856
3 3 0.786800422369 0.00161639068559 0.00671135986849 0.00404988293047
4 3 0.790643570589 0.00163684930346 0.0706417729753 0.00336454714618
5 3 0.792197152478 0.00144130149973 -0.0896989376694 0.00273218697169
6 3 0.790783355631 0.00102307830284 0.0683198965824 0.00250744712862
7 3 0.789304410789 0.000714194315202 -0.028636394267 0.001854701677
8 3 0.789622577414 0.000903667236013 -0.00996497517845 0.00113201921603
9 3 0.790545949435 0.00109212143498 0.0343859158469 0.00165187333672
10 3 0.789385162179 0.000912944861164 -0.0392525953084 0.00202016950175
11 3 0.789146793393 0.000882354567037 0.0269175135672 0.00190241341651
12 3 0.788620178137 0.000945017327232 -0.00513752506524 0.00120662220156
13 3 0.789383375934 0.000864843165331 -0.0160949179657 0.0012404011882
14 3 0.789675718719 0.00113556689794 0.0281406212573 0.00246593624196
15 3 0.790653527735 0.000808311751807 -0.0267099794928 0.00300089231623
16 3 0.791076093592 0.000852074937207 0.0125795947185 0.00263952853676
17 3 0.791413457678 0.000774583400379 0.00924126726243 0.00195374197104
18 3 0.791296743577 0.00075505234715 -0.0304103365023 0.0022689557003
19 3 0.791399011314 0.00130153233986 0.0409536666652 0.00288308063133
20 3 0.791866704355 0.00137371243268 -0.0332673882476 0.00307036937138
21 3 0.792036422405 0.00119808769369 0.00622105665599 0.00293512690542
22 3 0.791739962869 0.00111460747869 0.0340398227216 0.00287869431037
23 3 0.791878996411 0.00128471948605 -0.0735604713369 0.00288244908479
24 3 0.793782724207 0.00123101490575 0.092089054102 0.00235632931834
25 3 0.793069093612 0.000942816434509 -0.0685726146858 0.00196539822326
26 3 0.788794693883 0.00101357559051 -0.0125635977376 0.0027965602257
27 3 0.791650746888 0.00156991610935 0.151423655856 0.00303173112471
28 3 0.819842401 0.00181286067546 -0.320076880321 0.00201537057167
29 3 0.906196978077 0.00126182003635 0.453098489038 0.000630910018175
0 4 0.90279160858 0.00128049362006 0.45139580429 0.000640246810029
1 4 0.815084958241 0.00215397395518 -0.314879981664 0.00225478861223
2 4 0.787561135117 0.00172445778938 0.144286044842 0.00372268699926
3 4 0.786713041561 0.00140492521225 -0.00703281572252 0.00407070114225
4 4 0.790312928643 0.00143908061556 -0.0706296177446 0.00341091184524
5 4 0.790875385149 0.0017975109834 0.0906394557198 0.00284982582211
6 4 0.78880031463 0.00166568925538 -0.0693441388643 0.00282990629974
7 4 0.789106271992 0.00138338206896 0.0290839366648 0.00303648647435
8 4 0.789175597179 0.00112066079505 0.0102633626065 0.00300191224566
9 4 0.79049816423 0.00115463010727 -0.0351079612814 0.00244135353001
10 4 0.790869564431 0.00097699702195 0.039891333042 0.00211326039017
11 4 0.790631806514 0.000782503943057 -0.0276449161205 0.00251024746443
12 4 0.789845237681 0.000840149500456 0.00616600177944 0.00247090955635
13 4 0.790236474254 0.000830092294713 0.0154277234414 0.00189812888705
14 4 0.791046690574 0.000953773262881 -0.0282503786919 0.00143620184993
15 4 0.790622301798 0.000728167081272 0.0272634619944 0.00167302971338
16 4 0.790648035952 0.00080364233487 -0.0132911759932 0.00212611083571
17 4 0.791894042005 0.00108114848285 -0.00819510950536 0.00206222371058
18 4 0.792289921854 0.000971536582392 0.0285831045953 0.00165499906344
19 4 0.791903844045 0.00127865378921 -0.0383725208332 0.00216296432761
20 4 0.791885582453 0.00112798243616 0.0309902338581 0.00306606554712
21 4 0.791610860014 0.000981279861642 -0.00552653713113 0.00341073189872
22 4 0.791651049305 0.00114926565796 -0.0325588551358 0.00317959177872
23 4 0.792296324275 0.00133247441808 0.070340286052 0.00262161555196
24 4 0.793774618036 0.00111023375819 -0.0883079541725 0.0024965975361
25 4 0.791984277397 0.00105541011721 0.0653161602505 0.00318559966286
26 4 0.788988068336 0.00157883386072 0.0144842690272 0.0035905310996
27 4 0.791384226069 0.00174142310964 -0.15199578051 0.0030137062572
28 4 0.819403412155 0.0017092246249 0.320063693972 0.00169761809655
29 4 0.906114257531 0.000970270527488 -0.453057128765 0.000485135263744
0 5 0.904585198013 0.00148959058539 -0.452292599006 0.000744795292693
1 5 0.817722507628 0.00226465073439 0.317493556633 0.0024293762075
2 5 0.790432656042 0.00221650697942 -0.147661356373 0.00370770844798
3 5 0.788562128381 0.00196129175749 0.00966232929721 0.00369226254236
4 5 0.791384433085 0.0016630255794 0.069161027684 0.00293266744286
5 5 0.792601720545 0.00147006739264 -0.0905238033868 0.0026131758901
6 5 0.792346520973 0.00138607598187 0.0706301587693 0.00262440652319
7 5 0.79173618098 0.00114504298319 -0.0313819311945 0.00223963535987
8 5 0.79234722645 0.000996433226129 -0.00768065155445 0.00168090088465
9 5 0.793111592365 0.000622531992587 0.0336596577807 0.00202096221502
10 5 0.793044017664 0.000783367012487 -0.0401292899724 0.00266962668342
11 5 0.792039154573 0.000607509611021 0.0276439008603 0.00281617088379
12 5 0.791305796056 0.000390337076269 -0.00422133958039 0.00224575164665
13 5 0.791229611021 0.000772862512194 -0.0182260835564 0.00154177255988
14 5 0.790319371001 0.000904339140772 0.0309581669367 0.00171681650178
15 5 0.789626703202 0.000781197660068 -0.0301616544555 0.00227365348925
16 5 0.789561326635 0.000821150482688 0.0160889086444 0.00297806751045
17 5 0.790422977939 0.000922449103064 0.00613565697234 0.00344117327388
18 5 0.79015194163 0.00114367616252 -0.0278529655653 0.00332590759256
19 5 0.789156545336 0.0012389173426 0.0390576129656 0.00272675180484
20 5 0.789028867074 0.00121282198312 -0.0325688796011 0.0024221921988
21 5 0.789394244888 0.00108846339763 0.00758624016878 0.00242444403148
22 5 0.789339471506 0.000612637578571 0.0311390179288 0.00179445911305
23 5 0.790076125066 0.000803933900151 -0.0705425084856 0.001406986595
24 5 0.791339567293 0.00107517569098 0.0899604104561 0.00209643473642
25 5 0.789927511554 0.00107126046144 -0.0679531148445 0.00273717249103
26 5 0.786554346428 0.00109212245725 -0.0113114078351 0.00297778021033
27 5 0.789894859948 0.00114642444577 0.148980980503 0.00277013508135
28 5 0.817852274073 0.0017592237844 -0.318102601515 0.00177422478731
29 5 0.904905122653 0.00101344832621 0.452452561326 0.000506724163104
0 6 0.903043091984 0.000979991121511 0.451521545992 0.000489995560756
1 6 0.815035219243 0.00121122625793 -0.314862701536 0.00147953641643
2 6 0.788116463045 0.000908995327373 0.143685768235 0.00189976327855
3 6 0.786989236911 0.00078028314545 -0.00625831774284 0.0013378019706
4 6 0.790791525911 0.0010903399431 -0.0703713455954 0.000818365580495
5 6 0.79142451845 0.00112020233398 0.0889369268018 0.00199196006319
6 6 0.79075379037 0.000596718748873 -0.0676533605509 0.00323294965208
7 6 0.790387800557 0.000777218430418 0.0291824701349 0.00399251349132
8 6 0.790131302022 0.00105141011713 0.00800826074677 0.00382634820996
9 6 0.789825436046 0.00132660469627 -0.0322184058572 0.00290088768856
10 6 0.790030360033 0.00142208239264 0.0380530201446 0.00265419501002
11 6 0.790526488999 0.000953550600163 -0.0267286591976 0.00273053416415
12 6 0.79071025604 0.000755220119414 0.0044729808704 0.0024205014614
13 6 0.790546083183 0.000434329591173 0.0188013452361 0.00170820266828
14 6 0.790219947287 0.000876423891972 -0.0321759160936 0.00123374783774
15 6 0.789627131867 0.000918371085012 0.02990561393 0.00219686512459
16 6 0.7894136714 0.000931193226083 -0.0134533829429 0.00316539136067
17 6 0.789791903517 0.000967989499263 -0.00992390925642 0.00343829402713
18 6 0.791306864898 0.00111698853888 0.0303851772874 0.00282250742884
19 6 0.792256792869 0.000723549764894 -0.0395277701423 0.00171716660508
20 6 0.791888065781 0.000771069206712 0.0316508402602 0.00177606661069
21 6 0.790791536955 0.00113233184644 -0.0049107203647 0.00229558845994
22 6 0.791807713226 0.00130838584802 -0.034384923338 0.00203680521074
23 6 0.793478465004 0.00128129720705 0.0723178259235 0.00160218657462
24 6 0.794149286411 0.00115743906457 -0.0899344532233 0.00201017557167
25 6 0.793104759636 0.00109568341807 0.0664462324644 0.00294568986728
26 6 0.788535121595 0.00127872782345 0.0134489959421 0.00341305848113
27 6 0.79117714323 0.00160007734003 -0.150681279387 0.0026994435112
28 6 0.818975903761 0.00136966052191 0.318850201143 0.00143023953977
29 6 0.905164119769 0.000774822282099 -0.452582059885 0.00038741114105
0 7 0.902971642565 0.000472969025485 -0.451485821282 0.000236484512743
1 7 0.815391951548 0.000743338302412 0.315130904155 0.00076942020319
2 7 0.787656511816 0.000435370024724 -0.144335426445 0.000923852054534
3 7 0.786065763722 0.00054329867787 0.00609663915326 0.00116616391218
4 7 0.790699243588 0.000603290735743 0.072109912073 0.00204883448213
5 7 0.792518046598 0.00106946102934 -0.0917259952071 0.00265859891185
6 7 0.791275454757 0.000890442773597 0.0704089286729 0.00275510733662
7 7 0.789085427591 0.000623170161778 -0.0306280206263 0.00270987278919
8 7 0.789230170549 0.000752096750331 -0.00793900807489 0.00275256031897
9 7 0.789703118413 0.000651736629645 0.0322822481666 0.00278726180206
10 7 0.790205531968 0.000567185702944 -0.0378665291759 0.00258113044905
11 7 0.790698778135 0.000766885389964 0.0268077487506 0.00184394232917
12 7 0.790691401598 0.000758255273929 -0.00584370055378 0.00177230805771
13 7 0.791066278702 0.000717818357646 -0.0153240973429 0.00204091662944
14 7 0.791336945515 0.000634398340158 0.0278578399353 0.00171922739323
15 7 0.791296263404 0.00053453966534 -0.0273102953568 0.00132899122479
16 7 0.791158947849 0.000962185457459 0.0140348400739 0.00171699401237
17 7 0.790913362782 0.000855663620593 0.00750959366271 0.00225713578973
18 7 0.791010651501 0.000723220446458 -0.0285770533188 0.00240485225137
19 7 0.791474318109 0.00110602359949 0.0387651687146 0.00253385640876
20 7 0.790880792152 0.000854456459023 -0.0311140707783 0.00285294223946
21 7 0.790493360558 0.000795853437555 0.00472712139299 0.00284400018096
22 7 0.790952934681 0.000799460484335 0.0342411976163 0.00213813342056
23 7 0.792759468032 0.000464360037528 -0.0722973593348 0.00172610835775
24 7 0.793972308406 0.000881391340764 0.0902274417418 0.0016680469034
25 7 0.793097927203 0.00107553900192 -0.0672932271973 0.00155365379906
26 7 0.789367023604 0.000770972804377 -0.0121030170668 0.00157812246115
27 7 0.79098758682 0.0011083569221 0.149466224947 0.00138996028911
28 7 0.818513414266 0.00074659745982 -0.318084874078 0.000869370336257
29 7 0.904525373567 0.000597129509881 0.452262686784 0.00029856475494
0 8 0.906165573028 0.000581978552753 0.453082786514 0.000290989276376
1 8 0.819326636963 0.000844744812544 -0.319857078128 0.00089472611543
2 8 0.791159208748 0.000706459170547 0.151045520269 0.00124113232916
3 8 0.789673939455 0.000916486114244 -0.013278998917 0.00119966250132
4 8 0.793182931043 0.00124738166934 -0.0653292304213 0.00126327849448
5 8 0.793603348255 0.00107318862098 0.086743728184 0.00168520480068
6 8 0.792971387241 0.000835971430117 -0.0686040163391 0.00224438452156
7 8 0.791463596524 0.00060847845766 0.0321792934189 0.0024688706245
8 8 0.790858172164 0.000608731718628 0.00455728267391 0.00252179083018
9 8 0.790797027063 0.000681040046276 -0.0292855753051 0.00244109570308
10 8 0.790261569305 0.000939045403794 0.0362568197188 0.00202617298694
11 8 0.790019534553 0.000742172113358 -0.0266405546041 0.00164169391372
12 8 0.790880615314 0.000462269815233 0.00719653119443 0.00196386942463
13 8 0.790484334525 0.000565641295754 0.0129682646732 0.00249657214058
14 8 0.789598306666 0.000468530843057 -0.0262397689346 0.00265392375438
15 8 0.789635759758 0.000699774491661 0.0275560054303 0.00229084700073
16 8 0.79071320252 0.000976061796131 -0.0157741573221 0.0015278742011
17 8 0.790150256946 0.00070833971568 -0.00440133989474 0.00173682950439
18 8 0.789876737935 0.00054669699473 0.0241174480773 0.00235666509678
19 8 0.789753123332 0.00048410970426 -0.0344764951944 0.00270508859323
20 8 0.790651035129 0.000692591473983 0.0287970699524 0.00296381715903
21 8 0.790607174256 0.000949607043364 -0.00448292412133 0.00304807572483
22 8 0.789983162131 0.000934806650469 -0.0329461124043 0.00288083598214
23 8 0.790558922761 0.000750199053944 0.0701991077127 0.00280633071486
24 8 0.791157112782 0.000835505603042 -0.0888215062935 0.00272138733047
25 8 0.78982106078 0.000652840907213 0.0676888759558 0.00292667147243
26 8 0.787376125479 0.00100567672587 0.010086405722 0.00321005818425
27 8 0.788999251239 0.00158777457984 -0.146936016233 0.00284171876086
28 8 0.816585527821 0.00161679541414 0.316441317758 0.00167466085566
29 8 0.903685366283 0.000949945608294 -0.451842683141 0.000474972804147
0 9 0.905163271155 0.0012035910009 -0.452581635578 0.000601795500448
1 9 0.819421431396 0.00183125663779 0.319195922921 0.00197520677821
2 9 0.791395835688 0.00175555256369 -0.151643599287 0.00316241823364
3 9 0.78871832892 0.00111880951744 0.015145034164 0.00338399809673
4 9 0.792349401409 0.00117143146373 0.0634859626372 0.00271492639442
5 9 0.79349886166 0.00090874443301 -0.0862208032714 0.00206880344769
6 9 0.791668504749 0.000998634173089 0.0696362798396 0.00212469918334
7 9 0.790389036934 0.00111569987616 -0.034000649282 0.00252008653522
8 9 0.790942834958 0.00145659795289 -0.00223045402103 0.00240606213903
9 9 0.789560766783 0.00139204487366 0.0266763244177 0.00180723561316
10 9 0.790158224464 0.00082098960472 -0.0343551982146 0.00170742046192
11 9 0.791323814238 0.00075064456574 0.0261795875974 0.00238317723777
12 9 0.79071669877 0.00113157562902 -0.00791533922701 0.00300985266348
13 9 0.79017357314 0.000857383906913 -0.0115662315929 0.00312450241592
14 9 0.790622286055 0.00102310949503 0.0243322182629 0.00292093258077
15 9 0.790277662918 0.000833863635875 -0.0257422788208 0.00230574727927
16 9 0.789261808962 0.000878093733643 0.0145592280501 0.00174701295647
17 9 0.789504889945 0.0008956887061 0.0053080279255 0.00205166335676
18 9 0.790638428288 0.000564394771561 -0.0252980344739 0.00209994942993
19 9 0.791352835615 0.000693187243282 0.0361830032088 0.00211812594868
20 9 0.790802758382 0.000795562088548 -0.0305400672765 0.00204509349528
21 9 0.790511354065 0.000864557558063 0.00578542132051 0.00174389632671
22 9 0.790164240699 0.000924937177318 0.0323219890031 0.00130018125978
23 9 0.79164760568 0.00131604824506 -0.0706788600111 0.00077918163748
24 9 0.792752986306 0.00119329601638 0.0902661661919 0.000850343722295
25 9 0.790522284885 0.00119242322146 -0.0693706289868 0.00134561052603
26 9 0.786562553221 0.00128460413388 -0.00895915520566 0.00183901527601
27 9 0.789210163173 0.00121823384827 0.146704502091 0.00203794888644
28 9 0.816791572975 0.00129946800387 -0.316624724668 0.00145313265079
29 9 0.90389598457 0.00093043752358 0.451947992285 0.00046521876179
0 10 0.904346352483 0.00120194851939 0.452173176241 0.000600974259695
1 10 0.817948380437 0.00186085618495 -0.3177074707 0.00202472494955
2 10 0.790067056223 0.00146600667792 0.149596207828 0.00316176836823
3 10 0.787400194606 0.00116695202753 -0.0138393475184 0.00323319057756
4 10 0.790835648808 0.000910913749725 -0.0635658652114 0.00270853111595
5 10 0.792165016884 0.000907465503661 0.0844563087618 0.00286550522105
6 10 0.792641581007 0.000737134395007 -0.0658560915458 0.00347727891382
7 10 0.791235204067 0.00049026450029 0.0299719997207 0.0035784488604
8 10 0.791388552341 0.000561170899017 0.00508619610893 0.00293078706929
9 10 0.791562925544 0.00093030435816 -0.0279971747608 0.00216755351413
10 10 0.792326438017 0.000749362554325 0.0342210887545 0.00213029987666
11 10 0.792602711339 0.000991077663714 -0.0252710564655 0.0023374821153
12 10 0.791676560018 0.00101467434889 0.00682942211816 0.00267578830963
13 10 0.791387549563 0.000482315720696 0.0121800974958 0.00286610132681
14 10 0.791821413492 0.000568823939162 -0.0236629510622 0.00227288224282
15 10 0.790844193433 0.000550729921242 0.02392499054 0.00105772153496
16 10 0.790760265245 0.000582267377994 -0.0125721011118 0.00137360845235
17 10 0.790877508563 0.000706302324428 -0.00682279962426 0.00213271368657
18 10 0.791179628982 0.000624896551404 0.0264986906183 0.00201417683517
19 10 0.790656134238 0.0010632368858 -0.0373951371531 0.00154464585504
20 10 0.790491624696 0.00116701369464 0.0317568712446 0.00153868995818
21 10 0.789429448229 0.00091669974582 -0.00720504058876 0.00185861188893
22 10 0.789924241072 0.000877917551415 -0.030500021087 0.00186283751423
23 10 0.790918525773 0.00106499300854 0.0682503542484 0.00169975245629
24 10 0.791888865525 0.000877126245649 -0.0874109531064 0.00156904440375
25 10 0.790355650349 0.00100586890834 0.0667075794395 0.00150496595235
26 10 0.786081031836 0.000968231038023 0.010582959265 0.00157312755321
27 10 0.78852871481 0.000898658198854 -0.146507295722 0.00170675330845
28 10 0.815888122846 0.0010886101111 0.315462593061 0.00123169788672
29 10 0.902770459576 0.000763711264168 -0.451385229788 0.000381855632084
0 11 0.904216511309 0.000846186647954 -0.452108255654 0.000423093323977
1 11 0.816553260381 0.00120793345664 0.316874865233 0.00131064450172
2 11 0.789548132049 0.00131739764456 -0.147361535925 0.00219754242935
3 11 0.787667601232 0.00131730426704 0.0106497408938 0.00272559243361
4 11 0.791300799788 0.0010579437246 0.0664661062547 0.0028141909884
5 11 0.792106236127 0.0011042771078 -0.0864799694799 0.00268727164239
6 11 0.790429742029 0.00097265829856 0.0672212361142 0.00285648337399
7 11 0.789518397902 0.000941558654655 -0.0303837370495 0.0030205360537
8 11 0.790052057268 0.000954704098412 -0.00566264576154 0.00256754745768
9 11 0.789913338229 0.000569355553242 0.0286912254527 0.00185154009613
10 11 0.79079954257 0.000650000645337 -0.0338181683452 0.00201972361609
11 11 0.791073430702 0.000713132601617 0.023449664187 0.0024225791109
12 11 0.790872557963 0.000625019492782 -0.00506152926608 0.00236438779865
13 11 0.79104986768 0.000648861639602 -0.0125177649757 0.00207819216015
14 11 0.790992664251 0.000540789871269 0.022458408763 0.00222258257924
15 11 0.791095674353 0.000913712879715 -0.0212975327055 0.0024558508545
16 11 0.790376808449 0.00087516975158 0.00942826065196 0.00226423087394
17 11 0.790724190345 0.00061997234153 0.00850491439109 0.00192333333054
18 11 0.791647669124 0.000686201440639 -0.0253484771824 0.00183422331699
19 11 0.79199449068 0.00110576623737 0.0338242071475 0.00199078432977
20 11 0.791046721771 0.00126000654707 -0.0276838375053 0.00235072555682
21 11 0.790585035737 0.000982991776114 0.00444424844859 0.00270358596316
22 11 0.791148133482 0.00107292617564 0.031747519389 0.0026819750788
23 11 0.79207292341 0.000938751180579 -0.0683386819956 0.00254617132645
24 11 0.792821724457 0.000872125369247 0.0867952917984 0.00281359894718
25 11 0.791917813877 0.00110219331916 -0.0664894447415 0.00284741099164
26 11 0.788169767278 0.000937065503828 -0.0104277697337 0.0023954312293
27 11 0.789647487096 0.00114786401169 0.147087740557 0.00178609840075
28 11 0.817095939872 0.000930743679543 -0.316444819256 0.00117123542274
29 11 0.90356148059 0.000839090201458 0.451780740295 0.000419545100729
0 12 0.903819614297 0.000974338933883 0.451909807149 0.000487169466942
1 12 0.817248743005 0.00169439871892 -0.316805267012 0.0017066970991
2 12 0.789374819126 0.00169860773265 0.147965011488 0.00293006234301
3 12 0.786908027616 0.00161488576909 -0.011698586379 0.00341245243791
4 12 0.789511026864 0.00124780477321 -0.0659826400841 0.00323071740521
5 12 0.790638429073 0.00122136164317 0.0870296027912 0.00293456724186
6 12 0.789785190168 0.000764132173816 -0.067850696085 0.00293907046805
7 12 0.788825222339 0.000834793403653 0.0299077371515 0.00289556344468
8 12 0.789222590231 0.00106546303148 0.00739730593725 0.00230421655259
9 12 0.789745625069 0.000813934515608 -0.0315028158333 0.0017167323822
10 12 0.789841801803 0.000859406151856 0.037873561349 0.00199356173042
11 12 0.790117599702 0.00104744119935 -0.0282983680359 0.00246738859869
12 12 0.789787373979 0.000675693016663 0.00965139213551 0.00259863341758
13 12 0.789766876107 0.000803772516374 0.00918897674784 0.00211044790572
14 12 0.790388095447 0.000694069523007 -0.0207679394436 0.00159014989565
15 12 0.791376251349 0.000729709220245 0.0212489457427 0.00203774488384
16 12 0.791957224397 0.00047210414383 -0.0104007792028 0.0020490657157
17 12 0.791990186523 0.000773754383084 -0.00783946774752 0.00137195644619
18 12 0.792688377508 0.000758137127831 0.0262141871995 0.00077930573671
19 12 0.792989963998 0.000883082206564 -0.0367187789238 0.00122413503156
20 12 0.792482075561 0.00105955402416 0.0316850755271 0.00213118666463
21 12 0.79212131853 0.000712896530972 -0.00740366305764 0.002879510855
22 12 0.792726933928 0.000859089869186 -0.0312521385731 0.00325195255721
23 12 0.793124495377 0.00117371756511 0.0705352828847 0.00323862578232
24 12 0.793136458688 0.00113493859448 -0.090461600573 0.00302857297992
25 12 0.792305213632 0.00124818264325 0.0695878131325 0.00260194904655
26 12 0.788417880906 0.0013041344619 0.00826719507497 0.00234955513999
27 12 0.789365537488 0.00132286174448 -0.145932306254 0.0020156021949
28 12 0.8163777762 0.00112712042252 0.316432788439 0.00125762531662
29 12 0.90395927109 0.000761604177061 -0.451979635545 0.00038080208853
0 13 0.905484396309 0.000260264154523 -0.452742198155 0.000130132077261
1 13 0.819970110126 0.000466243955087 0.319685817061 0.000449281358744
2 13 0.792063201812 0.000610434223376 -0.152104785666 0.000966431976017
3 13 0.788700547079 0.000789153907365 0.014433663384 0.00165662459522
4 13 0.791871713995 0.000737883549085 0.0661890161425 0.00230367081079
5 13 0.792410589681 0.000734459373639 -0.0900930108178 0.00280751241745
6 13 0.792076743117 0.00068948647707 0.0721755002111 0.00314097992716
7 13 0.791358451 0.000723539754469 -0.0333986277647 0.00267494414545
8 13 0.79168343188 0.00105542045247 -0.00553496313449 0.00150242848082
9 13 0.791465642345 0.00142353701352 0.0314707889189 0.00134875645783
10 13 0.790824634012 0.000947084683529 -0.0392083182888 0.00225350091627
11 13 0.7909178416 0.000898096995682 0.0300665653718 0.00271636171282
12 13 0.791303673047 0.00125429598974 -0.010919985283 0.00249876697486
13 13 0.790065445744 0.0010603056984 -0.00964018024649 0.00189751376315
14 13 0.789631194728 0.00109363971742 0.0235125492088 0.00140091344872
15 13 0.790254772778 0.000890993652435 -0.0250225209441 0.00167998445545
16 13 0.789979377635 0.000736169987303 0.0130326345689 0.00226051425376
17 13 0.790168426756 0.000927205503221 0.007721280747 0.00219786255959
18 13 0.790915535653 0.000665193441215 -0.0282405570372 0.00188462073315
19 13 0.790960703102 0.000741656243898 0.0394748177792 0.00235642892423
20 13 0.79044839724 0.000908768259723 -0.0340525528003 0.00264571200992
21 13 0.790176182335 0.00103464000425 0.00874594232149 0.00259772893089
22 13 0.790042868028 0.00135114063387 0.0313178529795 0.00256117958705
23 13 0.790790545001 0.00138193258461 -0.0718984682428 0.00271548739164
24 13 0.791471290791 0.00129551641484 0.0926432557684 0.00280085852476
25 13 0.790187673018 0.00135989834955 -0.0717327926737 0.00273708609582
26 13 0.786782796372 0.0012638866949 -0.00684967239638 0.00250381908311
27 13 0.788612156674 0.00150093835564 0.144867482284 0.00215084027927
28 13 0.816161556307 0.00139154311488 -0.315508584213 0.00142510938177
29 13 0.903220101834 0.000899519973066 0.451610050917 0.000449759986533
0 14 0.904993902309 0.000910077412203 0.452496951154 0.000455038706101
1 14 0.818156685505 0.00131453809332 -0.318389744187 0.00146866876667
2 14 0.790148912719 0.00122329630479 0.149580093788 0.00229911366892
3 14 0.787334487589 0.00113680601442 -0.0116731760515 0.00234820184047
4 14 0.791228410462 0.00116788258308 -0.0686852373291 0.00158860577558
5 14 0.79274011844 0.000941893643138 0.0919765812091 0.00128046701646
6 14 0.791700878488 0.00104470128878 -0.0743231073413 0.00194004087606
7 14 0.790281242446 0.00103085293223 0.0369010727321 0.00229166413756
8 14 0.789888585534 0.00117599009617 0.00207015451585 0.00196530936546
9 14 0.790210675445 0.00106620743166 -0.0292544999977 0.00128052297382
10 14 0.790633474248 0.000731802471318 0.0377072338444 0.00143113554646
11 14 0.790162267452 0.000549085621588 -0.0282025768501 0.00200987193178
12 14 0.790293835143 0.000613327738352 0.00762626391524 0.00203511969343
13 14 0.790801503763 0.000556506039054 0.0138944354708 0.00170114414303
14 14 0.792164970283 0.000802464187126 -0.0268721475203 0.00166662524878
15 14 0.792291513899 0.000676617665622 0.0264398948 0.0018916421827
16 14 0.791809650785 0.000781163063726 -0.01281203157 0.00207276594906
17 14 0.792355718194 0.00087641025097 -0.00848769493495 0.00221791760868
18 14 0.792274009511 0.000791544256723 0.0289034686078 0.00233851900391
19 14 0.791187685042 0.000924246275728 -0.0397411377922 0.00244838779636
20 14 0.791253883932 0.000996536199001 0.0333971631783 0.00246661018899
21 14 0.790954469275 0.000948183633289 -0.00722826674777 0.0024805808661
22 14 0.790635690553 0.00102246765483 -0.0333645369194 0.00255337683156
23 14 0.790661796773 0.00131097475707 0.0748410976328 0.00232185171349
24 14 0.790839144951 0.00094092996433 -0.0956370785234 0.00176249698986
25 14 0.790357630787 0.00102868850181 0.0734618919231 0.00130816946345
26 14 0.786372016972 0.000985996669916 0.00676060189083 0.00169772114232
27 14 0.788203790365 0.000982537075304 -0.145806738545 0.00183440410599
28 14 0.816114031479 0.0011576259521 0.316395578475 0.00122625906125
29 14 0.903949017656 0.000751749491233 -0.451974508828 0.000375874745616
0 15 0.905031346629 0.000662071499429 -0.452515673315 0.000331035749714
1 15 0.81823366206 0.000884467961401 0.318399685599 0.00100107979977
2 15 0.790265275292 0.000681159163195 -0.149246778068 0.00150908099467
3 15 0.788315674369 0.00106439124205 0.011279773028 0.00178537200156
4 15 0.792087254051 0.000931674940317 0.0685514612394 0.00208869529393
5 15 0.793882921716 0.000607323399703 -0.0915449064723 0.00264226905053
6 15 0.792817832094 0.000748676657369 0.0727688311727 0.0030099613115
7 15 0.790168743003 0.00104230084909 -0.0332172212777 0.00277123478029
8 15 0.789705150146 0.000909698614954 -0.00653674600434 0.00189205841538
9 15 0.789585062374 0.0010092394641 0.0323332848403 0.00110424355975
10 15 0.789935244014 0.00085387723644 -0.0387679132178 0.00163680196168
11 15 0.790849800675 0.000895720678601 0.0279010264996 0.00198601681617
12 15 0.790861318622 0.000746099258091 -0.00742511445734 0.00189654490802
13 15 0.790104052615 0.000597431148958 -0.0130604546702 0.00155448050161
14 15 0.790152181333 0.000684931813676 0.0256479105022 0.00179263356345
15 15 0.790149282036 0.000837915626343 -0.0260471219551 0.00233351097415
16 15 0.78964148284 0.00111030363219 0.0138196664213 0.00231510016185
17 15 0.789807704797 0.000929690322574 0.0070840533424 0.00195799231025
18 15 0.790275615873 0.000545518053546 -0.0279268805996 0.0020084649812
19 15 0.790825254105 0.000598501857561 0.0386110299135 0.00214322589719
20 15 0.790412099171 0.000446431506217 -0.0315387261064 0.00204432944948
21 15 0.790860305869 0.00075436266394 0.00492988374719 0.00225282221932
22 15 0.791441676999 0.000818794965267 0.0352553930802 0.0024469624037
23 15 0.791930311182 0.00102737018744 -0.0751588449891 0.00223535389668
24 15 0.792084598539 0.00123454667258 0.0945151928085 0.00175974550746
25 15 0.790698007779 0.00135387428922 -0.071268845977 0.00190008409458
26 15 0.787146706682 0.00142040546623 -0.00984421248863 0.00231421794513
27 15 0.790207138264 0.00101253507377 0.148498554784 0.00227777816165
28 15 0.817883536966 0.00133436490961 -0.317816687333 0.00158587908163
29 15 0.904640759906 0.00104192480394 0.452320379953 0.000520962401971
0 16 0.902827599335 0.000546636420855 0.451413799668 0.000273318210427
1 16 0.816065208431 0.000552947820215 -0.315475400009 0.00072148513306
2 16 0.788796920276 0.000674553009194 0.146093279037 0.00120511918369
3 16 0.786034807426 0.000994416679505 -0.00885155008319 0.00174900783259
4 16 0.789803850493 0.00089264422268 -0.0700497282532 0.00176518199475
5 16 0.791506708953 0.00096664363308 0.0921602538119 0.00127348639039
6 16 0.791477462166 0.000874736190338 -0.0735727846732 0.00158574320279
7 16 0.790144722532 0.000728327990523 0.034587858807 0.00207329771112
8 16 0.789529651971 0.000777883841971 0.00508660738336 0.0017116060168
9 16 0.789518813918 0.00075241032737 -0.0317194262998 0.00101641737532
10 16 0.7897780036 0.000937371765447 0.0394665175781 0.00136894746539
11 16 0.789518703155 0.000715120489065 -0.029146728514 0.00204830036752
12 16 0.789198119744 0.000433943183322 0.00809078552119 0.00203635038048
13 16 0.78864926505 0.00053521462421 0.0139070618496 0.00168273692877
14 16 0.789395400772 0.000628205443804 -0.0280040736662 0.00180113305245
15 16 0.790409183466 0.000413495615761 0.028509378931 0.00224131142325
16 16 0.789730740669 0.000360304435854 -0.0151962505437 0.00210244760236
17 16 0.789294426616 0.000801795129418 -0.00670880896413 0.00159180974059
18 16 0.790663305689 0.000806776731768 0.0282623847995 0.00198513989488
19 16 0.792330293406 0.00093125790433 -0.0393537213518 0.0025492637367
20 16 0.792428498137 0.00112584551257 0.031962572198 0.00239576361045
21 16 0.792785123036 0.000816534392255 -0.00472750253226 0.00171165291997
22 16 0.793447131602 0.00082385731409 -0.0355126038467 0.0010253801133
23 16 0.794342232078 0.000620738708397 0.0748153747926 0.00161446220558
24 16 0.794575598884 0.00042039782294 -0.0934595069507 0.00219979053796
25 16 0.79222308432 0.00083971478901 0.0701846072002 0.00223029124021
26 16 0.789092394031 0.000509274338079 0.0108704684284 0.00185494968093
27 16 0.79143991515 0.000514946192135 -0.150091616449 0.00145108344989
28 16 0.819302408649 0.000871081492295 0.319303965353 0.00105025440577
29 16 0.905690426445 0.000727613871366 -0.452845213223 0.000363806935683
0 17 0.905919026598 0.000468049163452 -0.452959513299 0.000234024581726
1 17 0.819913003508 0.000933131940869 0.319976551019 0.000933134549805
2 17 0.791704630731 0.00130420774136 -0.151587194978 0.00193626434236
3 17 0.790162429308 0.00158943195907 0.0134393733634 0.00253296208287
4 17 0.793482753053 0.00162872661071 0.0664015174086 0.00217566202097
5 17 0.794467460692 0.00159248114525 -0.08951590886 0.00165744860081
6 17 0.79411813085 0.0013002762416 0.0723287919592 0.0020879246988
7 17 0.791949645549 0.000841802110735 -0.0350205740667 0.00244067670356
8 17 0.791503575618 0.00117040287857 -0.00357881233784 0.00230204464743
9 17 0.792619209142 0.00119740448983 0.0298437706439 0.00197630521249
10 17 0.792755536948 0.000887606689258 -0.0375286349152 0.00162794304294
11 17 0.791970465371 0.000443163034505 0.0276676929406 0.00155382736545
12 17 0.791250994138 0.000478632314605 -0.00706583688382 0.00183341440523
13 17 0.790801281003 0.000614998168564 -0.0146254446407 0.00227081896645
14 17 0.790624416984 0.000651616941984 0.0282596967754 0.00268624255241
15 17 0.790451178456 0.000553973524477 -0.0290656865907 0.00254058037679
16 17 0.789568898371 0.000968346591401 0.0169454429934 0.00227216818706
17 17 0.789877683354 0.000723602384958 0.00385399415262 0.00255291274881
18 17 0.790832098953 0.000938185629793 -0.0251306834194 0.00287900713629
19 17 0.790505321238 0.00113377946609 0.0373277895953 0.00238741051139
20 17 0.789898045105 0.00111702101787 -0.0324912060287 0.00139733441007
21 17 0.78912322341 0.00118152055229 0.00825482489018 0.001949986205
22 17 0.788354831721 0.00113708103457 0.0299764163015 0.00259003477175
23 17 0.78877419599 0.00103747716815 -0.0692414703254 0.00220912275901
24 17 0.789650130276 0.00117467895454 0.0900328656 0.00164116993812
25 17 0.78904436207 0.00111259816295 -0.0702261404428 0.00240748416371
26 17 0.785867150451 0.000894652628928 -0.00722567268278 0.003099124534
27 17 0.787232634879 0.00128630696186 0.144410248776 0.00281813899802
28 17 0.815049099708 0.00150867478446 -0.314720490212 0.00163576625245
29 17 0.902528586528 0.000979599862138 0.451264293264 0.000489799931069
0 18 0.906284140847 0.00073018292785 0.453142070423 0.000365091463925
1 18 0.820503448682 0.00124190213615 -0.320766735825 0.00116826415052
2 18 0.792637746685 0.00112073690453 0.1537472368 0.00185394300948
3 18 0.789893043762 0.00115022321917 -0.0167151374168 0.00238360569178
4 18 0.792103419794 0.00124279515451 -0.0637814352749 0.00312266483292
5 18 0.79309401865 0.000913671070126 0.0881111070447 0.00365883063883
6 18 0.792548573745 0.000592583706434 -0.0714526019326 0.0035399299042
7 18 0.791940066384 0.000563396893297 0.0338885530867 0.00305914994851
8 18 0.791093264837 0.000787981107619 0.00562146193351 0.00250925474748
9 18 0.790901942601 0.000850986681786 -0.03208547673 0.00222415904255
10 18 0.790517250765 0.000987154688281 0.0382517841347 0.00217334643527
11 18 0.789829503431 0.00111025531069 -0.0260981570772 0.00210982977273
12 18 0.789450779434 0.000853607019224 0.00448030438539 0.00185578681242
13 18 0.790577616852 0.000680075250526 0.0165176660544 0.00167557814835
14 18 0.791686033658 0.000608429800277 -0.0292657746372 0.0017337396004
15 18 0.791400140021 0.000536331166449 0.0293348112207 0.00174868203646
16 18 0.790617979808 0.000715629314483 -0.016771618275 0.00196459495589
17 18 0.789717217 0.000418424213722 -0.00366843618379 0.00219877953925
18 18 0.78938535755 0.000585691030258 0.0244285643884 0.0023265743448
19 18 0.789960556948 0.000688588731831 -0.036666260477 0.00251207400956
20 18 0.790425956992 0.000533407630476 0.0325171848758 0.00268176575645
21 18 0.789933888013 0.00102945667332 -0.00904570450089 0.00292803967601
22 18 0.789556545964 0.00109328229072 -0.0283293470696 0.00294738078214
23 18 0.790334836573 0.000874976941421 0.0670837335878 0.0026347598066
24 18 0.791388903686 0.000782868444139 -0.0881051973892 0.00237326333243
25 18 0.790878887626 0.000642218201344 0.0690257574965 0.00231300932175
26 18 0.787471753139 0.000766583554529 0.00730876620001 0.00236779222581
27 18 0.788575840409 0.000962972227272 -0.143777048314 0.00210433648079
28 18 0.814683618096 0.00125596887 0.314373763494 0.00126715361432
29 18 0.902607668047 0.000739798943084 -0.451303834023 0.000369899471542
0 19 0.906171619317 0.00108967600295 -0.453085809659 0.000544838001477
1 19 0.819937747243 0.00187325662757 0.320297587086 0.00190190152118
2 19 0.7920663553 0.00189226421343 -0.152470383497 0.00313832937198
3 19 0.788547917776 0.00176272957385 0.0142596080603 0.003587481359
4 19 0.791568879186 0.00125306132829 0.0675213124219 0.00334668395331
5 19 0.792852171859 0.00125062440347 -0.0924297830823 0.00315532243934
6 19 0.791614862668 0.00117915411488 0.074931431005 0.00338884985551
7 19 0.791115743531 0.00109754506008 -0.0353956068094 0.00335858233615
8 19 0.791498672732 0.00115026197516 -0.00618109745748 0.00261048251775
9 19 0.79263312514 0.00104661250499 0.0341468350967 0.00167828179468
10 19 0.792439692275 0.00107097782016 -0.0413872756973 0.00188441063505
11 19 0.792762920531 0.000990904707668 0.0297748003623 0.00224072550915
12 19 0.791611053416 0.000680780787638 -0.00739730322601 0.00225247064615
13 19 0.791095897408 0.000751256707657 -0.0153602914768 0.00248652601471
14 19 0.791428327019 0.000719246862543 0.0294509865429 0.00250063938963
15 19 0.789579280225 0.0010425549966 -0.0303983847844 0.00183566087418
16 19 0.788973394689 0.000658114451066 0.0183863888991 0.00121610827494
17 19 0.788792481918 0.000429977498146 0.00289737555827 0.00144800086676
18 19 0.7894446847 0.000715491060989 -0.0255366057907 0.00198651533451
19 19 0.790503807911 0.000575403424232 0.0392570535991 0.00263552537746
20 19 0.790067956067 0.000945757427672 -0.0358037968854 0.0029819348615
21 19 0.789411236601 0.000851682975086 0.0121146638359 0.00278421692012
22 19 0.789566154385 0.000906000488767 0.0276963640198 0.00270792753761
23 19 0.790556349975 0.00152264707599 -0.0692834590432 0.00312676610897
24 19 0.791903815925 0.00140888184154 0.0909786215214 0.00368939924115
25 19 0.790039389198 0.00160994563832 -0.070730290518 0.00402124814898
26 19 0.786565799107 0.00158635430716 -0.00712890742743 0.0040780859729
27 19 0.789068322176 0.00217228079475 0.144342605659 0.00359491346832
28 19 0.815194609613 0.00211318615942 -0.314960504368 0.00217928803436
29 19 0.902987732109 0.00125681420936 0.451493866055 0.000628407104678
0 20 0.905487556529 0.000832047100656 0.452743778265 0.000416023550328
1 20 0.818544720434 0.00132828269737 -0.318885176689 0.00141698580056
2 20 0.79016293746 0.000772567908895 0.149332054763 0.00235077024035
3 20 0.786944522323 0.000602305039507 -0.00997043303887 0.00256096444728
4 20 0.79036769651 0.000854183650781 -0.0711092533061 0.00250486997039
5 20 0.791926354963 0.00085396184954 0.0940108722742 0.00264925321467
6 20 0.791508096218 0.000820425260622 -0.0748094515412 0.00260782465184
7 20 0.790633919449 0.00079784825099 0.0348602510987 0.00255291035941
8 20 0.791471576389 0.000963829220517 0.0059881759982 0.00245931023593
9 20 0.792312577313 0.00107787834294 -0.0335994931637 0.00220397828327
10 20 0.791686872477 0.000986007601279 0.0414199174004 0.00200408987066
11 20 0.792044385475 0.000808762999273 -0.0302380618062 0.00172335114009
12 20 0.792363690508 0.000712273066356 0.00746991976224 0.00196105375245
13 20 0.791519351784 0.000744946395118 0.0164099098408 0.00277990134392
14 20 0.791406878451 0.0008374617009 -0.0312568444551 0.00335191664139
15 20 0.791034486259 0.000717940314974 0.0314545887424 0.00316282919781
16 20 0.789512633056 0.000505084311216 -0.0177672711902 0.00250770757718
17 20 0.788073161483 0.000561579548327 -0.00429048509168 0.00208796253214
18 20 0.789744012671 0.000350495751724 0.0264747649998 0.00158336601856
19 20 0.790174706527 0.000373734753183 -0.0385643166677 0.00144569042794
20 20 0.789952082424 0.000326470419422 0.0326283783551 0.00197370751155
21 20 0.789977624867 0.000515068359543 -0.00725495065779 0.00212594724891
22 20 0.78992495586 0.000583078724631 -0.0324670198371 0.00195023683663
23 20 0.791098657589 0.000625639344054 0.0731136904627 0.00209705377303
24 20 0.792248108927 0.000258330053246 -0.0935971451522 0.00242162819688
25 20 0.791145812302 0.000513578453651 0.0719084883322 0.00244655485996
26 20 0.78723052273 0.000707943406236 0.00805168243683 0.0025107761008
27 20 0.789206508908 0.00113526095268 -0.147333640058 0.00218799827014
28 20 0.817411363399 0.00133521597775 0.31771918328 0.0012113268686
29 20 0.904884226714 0.000665638316198 -0.452442113357 0.000332819158099
0 21 0.905346207548 0.00122778930958 -0.452673103774 0.000613894654792
1 21 0.81882522789 0.00156268551953 0.318943423826 0.00185448354482
2 21 0.790673707771 0.0014830822949 -0.150151279626 0.00272532728162
3 21 0.788055008068 0.000999477585486 0.0116515274158 0.00278890233069
4 21 0.791106103648 0.00104461456851 0.0690940870668 0.00254392542869
5 21 0.791800297923 0.00123240527358 -0.0916787446878 0.00233997338517
6 21 0.790501277939 0.000813280345427 0.0720191363707 0.00207304285728
7 21 0.789595218357 0.000627909350502 -0.0323949092744 0.00213687467552
8 21 0.790615901867 0.000959449536173 -0.00765628403767 0.00227841966112
9 21 0.790242415782 0.00107477569807 0.0342197161475 0.00173026639613
10 21 0.790371965857 0.000772957555595 -0.0408765162461 0.000893555796421
11 21 0.790453672735 0.000606073921526 0.0297750683421 0.0014441012613
12 21 0.790181294114 0.000806593253803 -0.00885988235043 0.00210380922244
13 21 0.790075610141 0.000922220076681 -0.0121493346283 0.00235835117967
14 21 0.789255283267 0.000690443631538 0.0253770916225 0.0022733279892
15 21 0.78950574342 0.000946618504136 -0.0263797280089 0.0014944999659
16 21 0.789262042268 0.000671739671509 0.01481452526 0.00090437612502
17 21 0.789225097858 0.000621970935329 0.00524857543111 0.00157643379206
18 21 0.790041967931 0.000685143559128 -0.0260094128537 0.00189178646018
19 21 0.789364973997 0.00049484058463 0.0374704643474 0.00187275355711
20 21 0.789883986002 0.000928115499592 -0.0315483091638 0.00232644375119
21 21 0.790320824551 0.0010451889257 0.00625690205554 0.00294020275515
22 21 0.791180379976 0.00118469431047 0.0327593061761 0.00290892969674
23 21 0.792319511456 0.00070612252546 -0.0716613589987 0.00249201477669
24 21 0.793962544754 0.000778588434206 0.090193274137 0.0026616604701
25 21 0.79302336971 0.00110241905589 -0.0672244745704 0.0029853808637
26 21 0.788960893115 0.0012118081122 -0.0128351872551 0.00274823282964
27 21 0.791642657132 0.00128368035419 0.150563675292 0.00197664910258
28 21 0.818825455616 0.00110838962519 -0.318978927668 0.000930863181562
29 21 0.905381359307 0.000415606391711 0.452690679653 0.000207803195856
0 22 0.904496401084 0.000983172940395 0.452248200542 0.000491586470198
1 22 0.818415362103 0.00145604792793 -0.317835728608 0.00156334459364
2 22 0.791584518066 0.00131103509884 0.149205983674 0.0025217871418
3 22 0.789137401636 0.00142456092265 -0.0125090836949 0.00278389092503
4 22 0.792748498156 0.00115036380178 -0.0654255217957 0.00223676116421
5 22 0.793633909445 0.000906576861303 0.0865573655758 0.00124672133538
6 22 0.79255133863 0.00113247696453 -0.067858746011 0.0013965534255
7 22 0.791576729387 0.00123623835162 0.0307446673629 0.00277592073438
8 22 0.790705696263 0.000725190706293 0.00659955166559 0.00357636514116
9 22 0.79090246908 0.000769865091061 -0.0314955630971 0.00327315384851
10 22 0.791683905257 0.000404369966234 0.0381919655601 0.0024581869751
11 22 0.792125678394 0.00067477014922 -0.0283573344894 0.00201315418428
12 22 0.790569509117 0.00075117507248 0.00851680608724 0.00183683290674
13 22 0.790243173961 0.00071939481308 0.012465241271 0.00161224073997
14 22 0.789677155302 0.000804365810199 -0.0266466183738 0.00131016633058
15 22 0.78923927315 0.000699668841717 0.0282634363943 0.00121389912663
16 22 0.789901235333 0.00068983818726 -0.0158697958119 0.00189453133489
17 22 0.790584379936 0.00073025350955 -0.00589978981598 0.00279740710512
18 22 0.790545648788 0.00102677927287 0.02781459325 0.00345431331501
19 22 0.789414775074 0.00114781230396 -0.0394326903468 0.00334061486841
20 22 0.789901835388 0.00101379413953 0.0334359542904 0.00235190389154
21 22 0.789179201047 0.000960567170423 -0.0075547707211 0.00133908387854
22 22 0.789155029864 0.00119325349396 -0.0323911779156 0.00109005028409
23 22 0.790536981579 0.00102065105206 0.0717656167591 0.0014680468326
24 22 0.792219331137 0.00110524850413 -0.0908494973448 0.00202422959255
25 22 0.791095216972 0.00112974682331 0.0685817053669 0.00213990339159
26 22 0.78690483742 0.00123910969088 0.0106298589039 0.00231242914617
27 22 0.790142498486 0.0014720389929 -0.147751955544 0.00236680957767
28 22 0.817303771286 0.0015164364083 0.316769446196 0.00167948361944
29 22 0.903824238659 0.00110941669458 -0.45191211933 0.000554708347292
0 23 0.905423237867 0.000776328434071 -0.452711618933 0.000388164217035
1 23 0.819231510907 0.00127672165707 0.319154233918 0.00131104253484
2 23 0.792132868233 0.00115595724206 -0.151325865278 0.00200997752339
3 23 0.789080066103 0.00107268681593 0.0153181689474 0.00205279610138
4 23 0.791712600454 0.000965585756988 0.0625997567063 0.00188964200616
5 23 0.792287273762 0.00099260099193 -0.0839207796977 0.00203431741651
6 23 0.791342952334 0.00113008287083 0.0648455607644 0.0024729294545
7 23 0.789846980209 0.00114223353871 -0.0273053875091 0.0026323735795
8 23 0.788931455812 0.000802830516492 -0.00909343482358 0.0023036814208
9 23 0.788965695439 0.000679266385926 0.0316430274925 0.00209915260526
10 23 0.788648837731 0.000796308078739 -0.0359988116749 0.00220383788749
11 23 0.789420175442 0.000818206288935 0.0247381069902 0.00245221008145
12 23 0.789718916822 0.00080234822947 -0.00524908944919 0.00269683494511
13 23 0.789256968832 0.000806444395568 -0.0140758091663 0.00267774554115
14 23 0.790105386114 0.000504456936007 0.0257178135688 0.00271063469358
15 23 0.790337860801 0.000446712380614 -0.0250384672731 0.00294923625524
16 23 0.789718589314 0.000447133634413 0.0124159347278 0.00273577314813
17 23 0.789677219547 0.000747448240863 0.00838234476393 0.00229241544118
18 23 0.790417280688 0.000603002435027 -0.0292024570501 0.00205255723375
19 23 0.790729314149 0.000788542959251 0.0401009988946 0.00188409636821
20 23 0.790241479826 0.000632994331478 -0.0338915309926 0.00144975115369
21 23 0.790474011278 0.0010870975455 0.00845214388843 0.00105636020124
22 23 0.791487871783 0.000845894299906 0.0306084778855 0.00112199370139
23 23 0.793032014207 0.0009731128141 -0.0698357271561 0.00156226432541
24 23 0.79410187343 0.000896044771716 0.089435264212 0.00187253735259
25 23 0.792116345336 0.000922878530969 -0.0676491235216 0.00186553390621
26 23 0.787764161997 0.0009873369813 -0.0116902633722 0.00175385020077
27 23 0.790344231924 0.000840473537564 0.149559212583 0.00167606819979
28 23 0.818675899836 0.00114828697203 -0.318371139357 0.00119360027534
29 23 0.904776919824 0.000739635155114 0.452388459912 0.000369817577557
0 24 0.90503070659 0.000885887555655 0.452515353295 0.000442943777828
1 24 0.818750988737 0.00161471868679 -0.318771877657 0.00161607547913
2 24 0.791004208516 0.00134266352917 0.150871036692 0.00267496694575
3 24 0.787613214037 0.000960245171543 -0.014213806783 0.00287704211449
4 24 0.791426293234 0.00102460749678 -0.0643155629798 0.00260920717433
5 24 0.792028277782 0.00126519984408 0.0856500067433 0.00238592434604
6 24 0.791270203122 0.00131816231998 -0.0666339415433 0.00208819051055
7 24 0.789585383737 0.00112931617076 0.0290480363246 0.00227463967171
8 24 0.788984641488 0.00101010286405 0.00801873700577 0.00284933364281
9 24 0.789856369064 0.00113906130202 -0.0310331123917 0.00274655865352
10 24 0.790519699398 0.000948650853464 0.0357071045383 0.00209859832393
11 24 0.791207286069 0.00110715826403 -0.0249815041108 0.00251453505186
12 24 0.791409692943 0.00106700292757 0.00469084801045 0.00364892918657
13 24 0.790878981952 0.0010530509799 0.0155643504934 0.0036781363402
14 24 0.790825473996 0.000629344441503 -0.0269564159246 0.00279788511619
15 24 0.790338188821 0.000848156042513 0.0255878823104 0.00251233862761
16 24 0.790656036237 0.00100236495089 -0.0123270926449 0.00268781313047
17 24 0.7917787306 0.00101691752256 -0.00783606924663 0.00241995787247
18 24 0.791097361281 0.000956623442696 0.027493398539 0.00164967345207
19 24 0.791760069174 0.00100199552435 -0.0374572189292 0.00109871564142
20 24 0.791839503798 0.000901773712967 0.0300359827588 0.00163943540582
21 24 0.791138042937 0.00076792696819 -0.00383814117141 0.00236354238057
22 24 0.79097580069 0.00102522721688 -0.034884145354 0.00279563572105
23 24 0.79179472067 0.000983159324015 0.0729894949835 0.00282795763127
24 24 0.7920221106 0.000732166119544 -0.0916308020801 0.00259798207526
25 24 0.790013422321 0.00105590031791 0.0697482140288 0.00249424606127
26 24 0.786875461376 0.000912886567007 0.00916872913812 0.00291514861906
27 24 0.789340460622 0.00142759935909 -0.146755123977 0.00283581169465
28 24 0.81630461426 0.00171494822968 0.316382667907 0.00188584933451
29 24 0.903674055948 0.00117904669417 -0.451837027974 0.000589523347083
0 25 0.905831486904 0.00111161028495 -0.452915743452 0.000555805142474
1 25 0.819387647163 0.00195855428344 0.319764226681 0.00201981541594
2 25 0.790918644357 0.00164245863776 -0.151305933299 0.0033463876382
3 25 0.788001953558 0.00159327055244 0.0127591762789 0.00359408382787
4 25 0.791718536432 0.00159338737168 0.068222725181 0.00298372994094
5 25 0.793503316984 0.00166914116171 -0.091546637691 0.0023970576935
6 25 0.792051231885 0.00176136828981 0.0725749598003 0.00237222729584
7 25 0.791221901336 0.00142255837116 -0.0334525330489 0.0026330076926
8 25 0.791436786491 0.00101005484438 -0.0058211852992 0.00269360700252
9 25 0.791353176343 0.000820070728956 0.031972756582 0.00249145972234
10 25 0.791075101337 0.00102994948299 -0.0388855857715 0.00280557425337
11 25 0.790708542723 0.0011841408785 0.0279019498309 0.00329035024887
12 25 0.791282349814 0.000871620999685 -0.00622474915112 0.00332727725147
13 25 0.791556268273 0.00116735314887 -0.015703206613 0.00295718841755
14 25 0.79152181013 0.00093910544723 0.028962117887 0.00257706648488
15 25 0.791168591914 0.000891547541447 -0.0288900993685 0.00286149557291
16 25 0.79097622182 0.00102920059605 0.0151000509446 0.00292847329232
17 25 0.790976452298 0.000953905813088 0.00764038246279 0.00249647673076
18 25 0.790620108004 0.00117524760849 -0.0297409606409 0.00174798041697
19 25 0.791496276567 0.00119473953739 0.040421780911 0.00148796758582
20 25 0.791274367314 0.00118469975705 -0.0325320206521 0.00219927614803
21 25 0.790138523406 0.00123970292462 0.00550929773667 0.00279994516358
22 25 0.789846088134 0.000730940824303 0.0344372636554 0.00303187047632
23 25 0.790115060734 0.000806432942151 -0.0740226185816 0.00311845203469
24 25 0.791025737764 0.000993552985969 0.0936541974207 0.00307833498484
25 25 0.788458951903 0.000987132121591 -0.0717065282276 0.00268404253688
26 25 0.784795136894 0.00101065424931 -0.00777866765226 0.00243199793653
27 25 0.788302986773 0.00109929026026 0.145643250522 0.00226289875439
28 25 0.816165467546 0.00138732740525 -0.315573304045 0.00147688637594
29 25 0.9030712752 0.000959809201722 0.4515356376 0.000479904600861
0 26 0.905785805943 0.000712764464532 0.452892902971 0.000356382232266
1 26 0.819897936466 0.00121872313689 -0.319674619681 0.00124242585769
2 26 0.791567650058 0.00108026554571 0.151005091039 0.00196270508536
3 26 0.789251697484 0.00102006501356 -0.0122546220054 0.00209811852008
4 26 0.792989466289 0.00122241393067 -0.0691248126795 0.00179617861532
5 26 0.793872661115 0.00112687248967 0.092915676043 0.00167318436709
6 26 0.793049630446 0.00102169949862 -0.0739795956776 0.00209116120817
7 26 0.792087341121 0.00127117085863 0.0339842420799 0.00249079889776
8 26 0.792221240994 0.00104633983377 0.00607954725781 0.00241113120094
9 26 0.792481149231 0.000766824632161 -0.0320447902378 0.00209394398756
10 26 0.79219194388 0.000955438608484 0.0389612181688 0.00221848596961
11 26 0.791747060839 0.000976650346802 -0.0287757840613 0.00250051275384
12 26 0.791731362379 0.00085268259038 0.00837441497196 0.00240831402181
13 26 0.791522142455 0.000835708070083 0.0133957473262 0.00235288378152
14 26 0.792051011324 0.000924414154288 -0.0281906330007 0.0023741839467
15 26 0.792220569119 0.000693472522418 0.0303893803244 0.00229421970012
16 26 0.790989478221 0.000778088967284 -0.0184665979852 0.00203821018731
17 26 0.789635878293 0.000762028131359 -0.0034603840686 0.00173356250777
18 26 0.790559738168 0.000662291191816 0.0258828885132 0.00194419965552
19 26 0.79094001434 0.000744242049845 -0.0389920698565 0.0024329150367
20 26 0.790726305915 0.000945629601143 0.0353213267164 0.00251436612989
21 26 0.788912781328 0.00075023792196 -0.0115052424281 0.00239415541378
22 26 0.788034538258 0.000843391810198 -0.0287039112625 0.0025190570134
23 26 0.789112681633 0.00115407467476 0.0715503499603 0.00244544734647
24 26 0.78996898863 0.00127260687817 -0.0948735730132 0.00189245269989
25 26 0.78815332131 0.00130846884921 0.0757239824982 0.00152432635005
26 26 0.785194418153 0.00112684242764 0.0024010241615 0.00154122073739
27 26 0.786830619403 0.00118617427651 -0.141327731298 0.00178243163386
28 26 0.813959759195 0.00126581611269 0.313652979228 0.00140798213611
29 26 0.902312808011 0.000975956121258 -0.451156404005 0.000487978060629
0 27 0.905355568394 0.00102248462242 -0.452677784197 0.000511242311212
1 27 0.818717854008 0.00178735880578 0.319004345852 0.00176145996805
2 27 0.790223447791 0.00166393643791 -0.15018345375 0.00282890217642
3 27 0.787670548082 0.00159505416283 0.0119311352137 0.00313342465772
4 27 0.792295687164 0.00120363434948 0.0678983299206 0.00268771556171
5 27 0.792717840026 0.00131667655078 -0.0896657362739 0.00164848497972
6 27 0.792373732436 0.000991462880368 0.0701647877531 0.000841003840512
7 27 0.790519168967 0.00113087917743 -0.0314341691345 0.00141791297516
8 27 0.79004226853 0.000732196953152 -0.00763137881411 0.00241080371375
9 27 0.789713106609 0.000461456526575 0.0336737759221 0.00278603348821
10 27 0.789441441127 0.000654284072362 -0.0397869386503 0.00262051118259
11 27 0.789967628631 0.000627985072808 0.0277441691742 0.00234281227967
12 27 0.791005772942 0.000988917209734 -0.00596299600436 0.00238691213108
13 27 0.792258538911 0.000976338791165 -0.0157701600692 0.00291368489977
14 27 0.791481645313 0.00074932360059 0.0288454986592 0.00320769597559
15 27 0.790514964175 0.000857293179069 -0.0286038138895 0.00272702780863
16 27 0.790100226344 0.000850163781194 0.0155264931138 0.00223639554934
17 27 0.789525508643 0.000569703533925 0.00530979900581 0.00214674754908
18 27 0.789426922095 0.000821968234135 -0.026224486505 0.00192844384033
19 27 0.790511996274 0.000873488592839 0.0387459857666 0.00191839881284
20 27 0.790967623488 0.000599786761582 -0.0357715148483 0.00195056379368
21 27 0.790527809289 0.000872231142167 0.0133619307586 0.00168208835835
22 27 0.790237799491 0.000905107165331 0.025440041046 0.00179637449041
23 27 0.791780477068 0.00122917787109 -0.0666071387016 0.0018445893118
24 27 0.792701982126 0.000919925358996 0.0889475438503 0.00207015422561
25 27 0.791553364566 0.00121280589709 -0.0698734264937 0.00231249780604
26 27 0.788783644731 0.00131538071997 -0.00772508857601 0.00205106375782
27 27 0.789574947734 0.00105496366737 0.145501857265 0.00160377291189
28 27 0.816378039689 0.000936743876481 -0.315992830071 0.0012177537156
29 27 0.903630429536 0.000888086264543 0.451815214768 0.000444043132272
0 28 0.901419521206 0.000526736713126 0.450709760603 0.000263368356563
1 28 0.814287713854 0.000760971527173 -0.312938993531 0.000839373350789
2 28 0.790434374534 0.000980228414315 0.142957918141 0.00135194007879
3 28 0.790131132905 0.000434767987504 -0.00883995412596 0.00158019972027
4 28 0.793221634514 0.00084512262711 -0.0646831378877 0.00199833729194
5 28 0.794384157341 0.00119663791333 0.0827888316884 0.00237869532618
6 28 0.793526027972 0.00140731996433 -0.0641730388263 0.0023090421078
7 28 0.792505452073 0.0014181413824 0.0295118263121 0.00198722971813
8 28 0.793243556351 0.00127239513629 0.00459279586357 0.00144775537908
9 28 0.793133011864 0.000990551022194 -0.0280386628371 0.00135615685545
10 28 0.792948348967 0.000867312576865 0.0356256417162 0.00157976347943
11 28 0.793106540316 0.000753745258714 -0.0270033856275 0.00168624429535
12 28 0.792205255015 0.000934062717225 0.00802688587626 0.001524848706
13 28 0.793013872848 0.000888758626841 0.0122022884292 0.00162293112805
14 28 0.792376057596 0.000640016697505 -0.0254027257743 0.00201995475014
15 28 0.79226787569 0.000484932387427 0.0266250093094 0.00219210923211
16 28 0.791527395088 0.000335421953417 -0.0159000129028 0.00274835896546
17 28 0.791782718592 0.000286677259999 -0.00216356538125 0.00350798582874
18 28 0.790415643244 0.000628125482956 0.0217942570394 0.00341981554534
19 28 0.789810370081 0.000865164635413 -0.0355167000896 0.00230858019461
20 28 0.790234391287 0.000339196734698 0.0343339850496 0.00163666525105
21 28 0.789744209145 0.000616152449308 -0.0138553584939 0.00251113937046
22 28 0.789030452071 0.000429341879875 -0.0224224755525 0.00284178077437
23 28 0.78908552393 0.000469367967471 0.0621271296412 0.00233754626209
24 28 0.789594870876 0.000875190760378 -0.0856281193502 0.00198517580907
25 28 0.789508875797 0.0011646962109 0.0701877812944 0.00242447838328
26 28 0.786707094047 0.00131406884327 0.00323071734484 0.00289802955422
27 28 0.787327952656 0.00145301004506 -0.139110975334 0.00266052513676
28 28 0.812561863398 0.00161034598802 0.311194330776 0.00158529413989
29 28 0.900464106742 0.000880441860985 -0.450232053371 0.000440220930493
0 29 0.881423537087 0.000906642520631 -0.440711768543 0.000453321260316
1 29 0.802955685774 0.00128893068644 0.288158495219 0.00142188273549
2 29 0.790710626381 0.00130116099126 -0.118393664033 0.00210282252621
3 29 0.791707406274 0.00105749532885 -0.00225556107071 0.00212128947753
4 29 0.792586444365 0.00118331665146 0.0611475490506 0.00192922416122
5 29 0.792502053286 0.00101478589179 -0.0708686480995 0.00162472558195
6 29 0.792300700535 0.000949780705529 0.0507223535563 0.00148018045274
7 29 0.793024646069 0.000903266990713 -0.0193476711567 0.00200731579041
8 29 0.792707840939 0.00122030838832 -0.00871484836293 0.00230720462303
9 29 0.792958594419 0.00126142311199 0.0254344297345 0.00240501741032
10 29 0.793890787749 0.00093900936575 -0.0286553824991 0.00301662280139
11 29 0.79324473075 0.000841678382814 0.020208349919 0.00346107068928
12 29 0.793797810879 0.000898032958977 -0.00487352162017 0.00284192273066
13 29 0.793905794104 0.000831379814469 -0.0113390427126 0.00132787323839
14 29 0.794128072549 0.000551798746386 0.0222942329391 0.00107891193139
15 29 0.795352472091 0.00083512724418 -0.0235061331493 0.0022534667329
16 29 0.794722065608 0.000820633936082 0.0142804645885 0.00283083816055
17 29 0.795093874704 0.000789194010505 0.00242140085264 0.00293780477359
18 29 0.794128380441 0.000397599632907 -0.0204366096704 0.00239545814086
19 29 0.794158286367 0.000850843904748 0.03221967 0.00141397693067
20 29 0.79465890748 0.00076159091061 -0.0309336042225 0.00165030119132
21 29 0.793449798472 0.000986471837205 0.0131664844118 0.00220370883909
22 29 0.793009575031 0.000990229862417 0.0186244684968 0.00207743890005
23 29 0.793038333666 0.000910032491282 -0.0544175596137 0.00136336972666
24 29 0.79375182863 0.00100979727969 0.0772160579804 0.000956909293005
25 29 0.793896213731 0.00113793560563 -0.0661804869627 0.00190098842533
26 29 0.792045411376 0.00106412293002 0.00281684502109 0.00249900482371
27 29 0.791567402802 0.00135906687603 0.121526752776 0.00239993210304
28 29 0.805303297844 0.0012466920234 -0.291592763129 0.00163551034921
29 29 0.883979420601 0.00115908482144 0.4419897103 0.000579542410722
