0.1	14.075567537973848	0.01997353139150154
0.25	12.775840902013693	0.04281469543354419
0.5	10.362918528593202	0.05144428476243985
0.626	9.022996273981358	0.0583297223779101
0.73	7.959822472763044	0.0625526468814212
0.74	7.913659752341841	0.062413282861561545
0.75	7.798107978897332	0.062178802847414026
0.76	7.675339042278473	0.06389419933838728
0.764	7.619096905587611	0.04806558042105515
0.77	7.577535253743761	0.06151090339570315
0.78	7.513678063029021	0.061416520034464
0.8	7.280545784336203	0.04731489434400476
0.82	7.081835724265005	0.04762867205819251
0.85	6.8447024435116575	0.04421169269429323
0.9	6.337767903421118	0.0442441963544876
0.95	5.870393281790129	0.04000065202848835
1.	5.395237924466613	0.03931936033667913
1.05	4.95725485393574	0.03545390578945886
1.1	4.569517022503083	0.03238173381518057
1.15	4.150439012909673	0.029977524068627345
1.2	3.7408132082771792	0.02725762416659064
1.35	2.7340877436798467	0.0235754685527096
1.5	1.9158822784811713	0.014865604055375707
1.75	0.7616658924972941	0.007651011432529917
2	0.5125135515778916	0.005268203956913143
2.5	0.06479778329209997	0.00015225394497501217