0.1	0	0
0.25	0	0
0.5	0	0
0.626	0	0
0.73	7.539722656999065	0.024622983016620283
0.74	7.414568972926043	0.025262061356220986
0.75	7.313700281374782	0.025946106563501853
0.76	7.157685126089666	0.02631702233490502
0.764	7.143205359632481	0.025710504000028774
0.77	7.063609910525047	0.026276592569493513
0.78	6.933793804402255	0.02692196296403968
0.8	6.7083554534550425	0.027676470965931663
0.82	6.4900328561996545	0.028230696492584105
0.85	0	0
0.9	0	0
0.95	0	0
1.	0	0
1.05	0	0
1.1	0	0
1.15	0	0
1.2	0	0
1.35	0	0
1.5	0	0
1.75	0	0
2	0	0
2.5	0	0