0.1	14.083101389203398	0.014198867999789146
0.25	12.762897664513709	0.036214743550120096
0.5	10.316011410500629	0.0503734677819645
0.626	8.92063489341901	0.06520260291662086
0.73	7.775511095304255	0.05903246725009427
0.74	7.657324768068037	0.057794442487415984
0.75	7.558731927314274	0.060922158423074385
0.76	7.37708074550022	0.0590752087837357
0.764	7.351400876678085	0.05433694247664059
0.77	7.338201232550735	0.05864402101337666
0.78	7.192211894151598	0.05837219646900957
0.8	6.997361799421774	0.053862850674418324
0.82	6.717094142107774	0.05577880471540593
0.85	6.460558739044698	0.04526160783024106
0.9	5.8785565079715365	0.04961092318358551
0.95	5.39499983136791	0.046091082311109706
1.	4.85126713318666	0.040101470483902384
1.05	4.3788501796026065	0.0356981885824971
1.1	3.8634880945404855	0.03373997254151119
1.15	3.4656727137348544	0.028429496755639348
1.2	2.977597548957866	0.024910550571592853
1.35	1.893419807103995	0.016803358379537486
1.5	1.0269517443345761	0.0067996257037272285
1.75	0.2418556290492722	0.0023916032200108125
2	0.04841312486803622	0.00010517216306998825
2.5	0.	0.