0.1	14.06460354211157	0.013863888556884533
0.25	12.796205334237182	0.035361453097833666
0.5	10.470460024915464	0.06326877549023488
0.626	9.220260145711581	0.0717744006353414
0.73	8.264454445740476	0.07435452179802139
0.74	8.208029381718985	0.07451451672757138
0.75	8.109986203499599	0.07510744331491921
0.76	7.995090938005983	0.07336265015912757
0.764	7.989954180208807	0.05401293450697308
0.77	7.873189307135547	0.07605767560357155
0.78	7.815378842345997	0.0720511040170818
0.8	7.651864492567434	0.05461395105647136
0.82	7.484909897202581	0.054462388629988825
0.85	7.1803805442027215	0.049398358979994214
0.9	6.797593011311382	0.04795155634212944
0.95	6.356234466586484	0.0463133285933041
1.	5.971184209870209	0.04551142835429525
1.05	5.586480766220348	0.043122563371040354
1.1	5.249990972230812	0.04079869227294614
1.15	4.832516633250545	0.03813273973674373
1.2	4.523550078910112	0.03510933007159574
1.35	3.5339851085627787	0.03095469902816483
1.5	2.7752257534420584	0.026083916758869178
1.75	1.6966758140412237	0.014943388031006902
2	1.0971261217264348	0.009159255445326185
2.5	0.38241407794010085	0.0020474208086694373