0.1	0	0
0.25	0	0
0.5	0	0
0.626	0	0
0.73	7.44252957827532	0.023932224320645977
0.74	7.262314169267912	0.04589163407941914
0.75	7.152392196766906	0.022165104476541478
0.76	7.003293514445371	0.024272385158261058
0.764	6.992841025093735	0.023359784217663992
0.77	6.882526554276544	0.027430143344975372
0.78	6.8048876120529105	0.02754339940345492
0.8	6.498627140477204	0.056683218489746674
0.82	6.2532592013063075	0.059654945039749725
0.85	0	0
0.9	0	0
0.95	0	0
1.	0	0
1.05	0	0
1.1	0	0
1.15	0	0
1.2	0	0
1.35	0	0
1.5	0	0
1.75	0	0
2	0	0
2.5	0	0