0.1	14.087936815747875	0.0099542817149737
0.25	12.814019757212616	0.02490258865387608
0.5	10.597327231867181	0.07921680702975858
0.626	9.498409275139604	0.0870730247657792
0.73	8.676475839461487	0.09425079746332564
0.74	8.513334528117886	0.08884465516398803
0.75	8.491355982061032	0.08984526886975788
0.76	8.373030886102242	0.09097525087815904
0.764	8.418470160621379	0.06883040236747338
0.77	8.32038146128427	0.08994956934692393
0.78	8.262438386271391	0.08879438696007728
0.8	8.108569959520745	0.06817688475430678
0.82	7.966121626760929	0.06495298132826124
0.85	7.725565600047893	0.06032594192813117
0.9	7.34349248176879	0.06004510824255663
0.95	7.001715096919922	0.05842080666771607
1.	6.644773476140373	0.05688299361170789
1.05	6.300777908821968	0.05556331538212941
1.1	5.973283922095163	0.05311189345819281
1.15	5.7045289752207236	0.05260618699599545
1.2	5.429241564189645	0.049500156558549606
1.35	4.48104776625905	0.04657126741626469
1.5	3.8527977121433565	0.03920750864374157
1.75	2.881327927737722	0.02367277418628158
2	2.097285964419177	0.017117611115555372
2.5	1.0770511964597023	0.007504866696115379