0 0 0.932494401813 0.000593197581599 0.466247200906 0.000296598790799
1 0 0.819598243881 0.00126876947923 -0.342455951185 0.00120343877718
2 0 0.75601462946 0.00165344844438 0.133109273668 0.00259271648255
3 0 0.767376455824 0.000943857299352 0.0871289837425 0.00348355806019
4 0 0.802475584525 0.000344638323265 -0.237751041221 0.0029918729862
5 0 0.810492552672 0.000674338728704 0.275914769797 0.00203308431844
6 0 0.793058988577 0.000959740869471 -0.202362452013 0.00269393635082
7 0 0.779069874024 0.000862769507397 0.0556468134893 0.00348875291262
8 0 0.785011306052 0.000642772305319 0.102246880449 0.00312047011096
9 0 0.799061678149 0.000477257489054 -0.209640126008 0.00153950886259
10 0 0.801311882209 0.000892296460112 0.228072516898 0.00187874116621
11 0 0.791053445077 0.000897461648912 -0.154695688779 0.00382633986197
12 0 0.782929480178 0.000812889380027 0.0214516870597 0.00430244247047
13 0 0.787746295039 0.000935300119029 0.117435901926 0.00311421785488
14 0 0.797647569743 0.000601887300565 -0.206521082581 0.00112620943023
15 0 0.798378837137 0.000649077501342 0.210533062454 0.00204151314322
16 0 0.788664598182 0.000588406261955 -0.127589972578 0.00369135105321
17 0 0.782343693096 0.00078165252659 -0.00950171797882 0.00419747864561
18 0 0.78878988297 0.000871479079227 0.145607304062 0.00332958601047
19 0 0.800041321634 0.000987838747946 -0.224820673453 0.00203864005722
20 0 0.79946515836 0.000493173929285 0.212454746776 0.00234777363692
21 0 0.785772583268 0.000626921817867 -0.109369968939 0.0031890696348
22 0 0.777958938375 0.000553062025255 -0.0477060820293 0.00334493274577
23 0 0.791143048786 0.00101592841745 0.197845191031 0.00243940388958
24 0 0.810304934982 0.00110264724908 -0.27679314088 0.00151749974402
25 0 0.80260043451 0.000541909069664 0.242710657088 0.00200228965021
26 0 0.767137917491 0.000632384482707 -0.0933925686229 0.00252331826733
27 0 0.752838779541 0.0010046276148 -0.128564513884 0.00220650827738
28 0 0.817353851371 0.00116162967802 0.340691807342 0.00124783006673
29 0 0.931863633075 0.000725335847733 -0.465931816537 0.000362667923866
0 1 0.945595257444 0.000436941031088 -0.472797628722 0.000218470515544
1 1 0.829580532042 0.00118552112413 0.360436016543 0.0010232012302
2 1 0.743823821827 0.00138614139133 -0.148380796667 0.00223038851643
3 1 0.753911703838 0.00103832240253 -0.0922758775216 0.00309294805601
4 1 0.805939012819 0.000968022481716 0.26447492217 0.0028719525639
5 1 0.821392269097 0.000632046064553 -0.312815244266 0.00198813407743
6 1 0.79395549542 0.0011673781401 0.233670149347 0.00249363693668
7 1 0.769998655926 0.00104454337178 -0.0670183770727 0.00380771097525
8 1 0.780456644618 0.000735339912605 -0.115569547813 0.00382900426648
9 1 0.803750793475 0.000544610995779 0.241004307995 0.00228601925147
10 1 0.807461114142 0.000848486268134 -0.263939121194 0.00229883989644
11 1 0.78953612671 0.00103690315729 0.179916820838 0.00416171378346
12 1 0.776458940371 0.000978848732474 -0.0251870934025 0.00470566506864
13 1 0.78485619941 0.00101184663298 -0.137078518324 0.00357741345169
14 1 0.802663044932 0.000446201052989 0.241208758927 0.00165429833471
15 1 0.803882224757 0.000952688406517 -0.245960743391 0.00245489700717
16 1 0.786174512795 0.00102595671889 0.149065886882 0.00424826262646
17 1 0.775360431099 0.00115240176587 0.0114976268213 0.00443756456353
18 1 0.787750048157 0.00106804342831 -0.170357754978 0.00318227733726
19 1 0.806341416476 0.000998305296624 0.261985532753 0.00181366262948
20 1 0.802869551138 0.000482418653787 -0.246711497783 0.00217156012651
21 1 0.779128022466 0.000665485830727 0.12568406116 0.0031661103619
22 1 0.767957964477 0.000468110279207 0.0569850017825 0.00328557478966
23 1 0.791084100179 0.000957229273591 -0.227693549678 0.00241892828357
24 1 0.819826277372 0.000802693775019 0.312534887397 0.00153150922387
25 1 0.805297392491 0.000619183320575 -0.268603155095 0.00200279239041
26 1 0.752613967178 0.00049406804434 0.0983235400498 0.0027716451636
27 1 0.741055541906 0.00116381664677 0.143303688804 0.00244663440141
28 1 0.826670905958 0.00143895512442 -0.3580063113 0.00127286614472
29 1 0.94460803148 0.000584635868048 0.47230401574 0.000292317934024
0 2 0.947675142933 0.00056534174286 0.473837571467 0.00028267087143
1 2 0.831662936603 0.00159932625673 -0.363556940144 0.00133694174689
2 2 0.739345855534 0.00164472892776 0.150097607304 0.00284318690345
3 2 0.748783977691 0.000524952182918 0.0967416344037 0.003520751017
4 2 0.807114349403 0.000841097533662 -0.275423388076 0.00279428604405
5 2 0.827494325688 0.00058932536709 0.327034095148 0.00159325610363
6 2 0.795872578714 0.00109860770921 -0.24582760083 0.00227836878829
7 2 0.766500327461 0.000667444531543 0.0714802845853 0.00342259042909
8 2 0.776564912941 0.000455946725346 0.122320683371 0.00325761796218
9 2 0.805888370506 0.000542569215526 -0.257665803019 0.00199949651258
10 2 0.811736148537 0.000818198212382 0.283880840997 0.00186399443542
11 2 0.789302286299 0.00140226543601 -0.194231361932 0.00362029221269
12 2 0.772021213513 0.000810234579647 0.0272792888339 0.00469746592565
13 2 0.783558610922 0.00095356978776 0.147983477912 0.00409017654789
14 2 0.805760552971 0.0004796532634 -0.260604727833 0.0020706849164
15 2 0.807121480408 0.000708418148888 0.265523888779 0.00202205157475
16 2 0.783757517709 0.000779397601472 -0.160167943332 0.00386370890485
17 2 0.770615348955 0.000909853826203 -0.013302655502 0.00430119037079
18 2 0.786529045336 0.00134896541718 0.183800050394 0.00304939203999
19 2 0.810507922029 0.00123985407995 -0.280552528071 0.00141811969058
20 2 0.806195361726 0.000430548714501 0.262188215191 0.00226069553191
21 2 0.7752839293 0.000786195245045 -0.131643688363 0.00308486610492
22 2 0.763071276833 0.00103147445175 -0.0627421622867 0.0027511350731
23 2 0.792738240976 0.000775478806725 0.241352837595 0.00163686339385
24 2 0.825726727849 0.000597761514362 -0.327429507866 0.00107963694682
25 2 0.805643549876 0.000807758026343 0.278503361653 0.00176869815199
26 2 0.747480434387 0.000397396906482 -0.0998325330859 0.00240769720429
27 2 0.738001914001 0.00101061134592 -0.148100835922 0.00214724553536
28 2 0.830566828337 0.0012235458038 0.362797254909 0.00117773056626
29 2 0.947478832563 0.000577213571434 -0.473739416282 0.000288606785717
0 3 0.94827329898 0.00065163982654 -0.47413664949 0.00032581991327
1 3 0.83211733962 0.00145567124958 0.364372928847 0.0013579484747
2 3 0.736847854294 0.00138876816817 -0.149811561432 0.00262812855972
3 3 0.745536484013 0.000741164808881 -0.100610651925 0.00296989133088
4 3 0.807785571161 0.000849164536469 0.282930490552 0.00198915339728
5 3 0.831090828692 0.000972106106688 -0.33613097309 0.00127726719948
6 3 0.797856215685 0.00151681257752 0.253359834776 0.00276563832555
7 3 0.76267812842 0.000684715483825 -0.0731611366609 0.00392491097463
8 3 0.773710124152 0.000445587160767 -0.128169115799 0.00338957926573
9 3 0.808072213489 0.00034220415979 0.268152550012 0.00152756398644
10 3 0.815736381692 0.00108330019065 -0.295073003236 0.00171799914041
11 3 0.789477801134 0.00123689656398 0.202170434388 0.0039156075779
12 3 0.767960145105 0.000717061001599 -0.0282477218836 0.00494869516634
13 3 0.7813749567 0.000864556579919 -0.154001402162 0.00404438772831
14 3 0.807542135345 0.000597235225114 0.269995398046 0.00153030078669
15 3 0.809331535844 0.000871262289108 -0.27417344076 0.00217328599619
16 3 0.783115093686 0.000968709710361 0.164296604067 0.00439934273556
17 3 0.767184390309 0.000527773936398 0.016352614618 0.00478912251013
18 3 0.786060524691 0.000949224761761 -0.193299672188 0.00322143586832
19 3 0.814511015625 0.000671073580244 0.292554404637 0.000926390235635
20 3 0.8078675676 0.000429834264317 -0.271843087203 0.00248482218492
21 3 0.772739316055 0.000759873626606 0.134894492543 0.00385066566759
22 3 0.759813213531 0.000771142788248 0.0668005109012 0.00375322767892
23 3 0.794424478205 0.00100518120746 -0.249452463431 0.00253136126205
24 3 0.829225971565 0.000758604888797 0.335001915561 0.00123496431741
25 3 0.807329308001 0.000365063463456 -0.283041792783 0.00198416966872
26 3 0.746117067277 0.000757252843185 0.101127797719 0.00248375773446
27 3 0.737139527078 0.00116600923243 0.148734081704 0.00190800632493
28 3 0.831081416909 0.00105547314046 -0.363591433898 0.000906032076202
29 3 0.948000095144 0.000397148402147 0.474000047572 0.000198574201073
0 4 0.948583474103 0.00041840669259 0.474291737051 0.000209203346295
1 4 0.83197605461 0.00092400878185 -0.364608142013 0.000866862740009
2 4 0.736401510358 0.000909871100844 0.149626797867 0.00173539333558
3 4 0.744555037666 0.000410329753888 0.102134464413 0.00213888179839
4 4 0.809011891435 0.000528504050225 -0.285914953215 0.00159458967213
5 4 0.832909768008 0.000747637814758 0.33918683508 0.000900179727901
6 4 0.797592757335 0.000846034303275 -0.255203881172 0.00217649614183
7 4 0.761038439167 0.000479896775531 0.072855938767 0.00315660244984
8 4 0.772772174382 0.000372710962872 0.131318824318 0.00286680160332
9 4 0.809168081658 0.000734441404719 -0.273689484251 0.00146498568558
10 4 0.817846063314 0.00103770710288 0.301214322826 0.00143986042672
11 4 0.789288432096 0.00107693307718 -0.206669342514 0.0032427264947
12 4 0.765733511173 0.000869431695567 0.0291704313815 0.00444785744672
13 4 0.779770862171 0.000571386416414 0.157672694401 0.00402141401544
14 4 0.809119258424 0.000534426213694 -0.276550133017 0.00169294583586
15 4 0.810389282837 0.000761806684896 0.280161175432 0.00173456048634
16 4 0.782125774568 0.000850393816049 -0.167092223856 0.00405641329483
17 4 0.765178851834 0.00065194634508 -0.0180455028262 0.00453292622767
18 4 0.786277621774 0.000813989419825 0.198820348568 0.00312395972226
19 4 0.816301914668 0.000912192167777 -0.299549544645 0.00133350005775
20 4 0.809560939703 0.000684580140849 0.277620556254 0.00225077779485
21 4 0.772179096462 0.00087579176336 -0.137768265735 0.00352051461625
22 4 0.758752304779 0.00091681401277 -0.0670388092276 0.00365908687958
23 4 0.794180483582 0.00101021665842 0.251864540414 0.00263799838855
24 4 0.830502286258 0.00117525136933 -0.337731214356 0.00142980898161
25 4 0.807134312079 0.000659749763261 0.284838436624 0.00192004346491
26 4 0.744797972977 0.00051882732404 -0.101552196327 0.00244962992963
27 4 0.736582580089 0.00129748316554 -0.149542409116 0.00184446251012
28 4 0.831918319765 0.00100488362519 0.364354470234 0.000810145016629
29 4 0.948350942724 0.000339344168211 -0.474175471362 0.000169672084105
0 5 0.948702070362 0.000400948983881 -0.474351035181 0.00020047449194
1 5 0.832358991997 0.000865773937222 0.364921713532 0.000819760370531
2 5 0.736887074378 0.000940241721105 -0.150453649145 0.00167912642462
3 5 0.744138146422 0.00062613616758 -0.101123005792 0.00194476568084
4 5 0.807928866629 0.000662452681137 0.286092910524 0.00126692403618
5 5 0.833513571817 0.000667942532955 -0.341159272582 0.000473126136286
6 5 0.797794094248 0.00118586401097 0.257951895928 0.00185133381038
7 5 0.759344511202 0.000552349907623 -0.0744372205311 0.00299461617089
8 5 0.770465526217 0.000589055931302 -0.132448766359 0.00279417171765
9 5 0.809372449227 0.000832068007621 0.276811832213 0.00157353414267
10 5 0.818267461679 0.00128608412865 -0.303993715631 0.00158840815181
11 5 0.788753290989 0.000903964224442 0.207314310891 0.00319658964544
12 5 0.764514040398 0.000623567315329 -0.0271447013424 0.00412674456853
13 5 0.779712393094 0.000875376029849 -0.161460964527 0.00342988741472
14 5 0.810042562344 0.000524388092889 0.280308855163 0.0014457362886
15 5 0.811333019683 0.000635809349404 -0.282592437249 0.00141394139727
16 5 0.781926655415 0.000794589316054 0.167722378107 0.00342171569463
17 5 0.764313091187 0.000463665558993 0.0193429575929 0.00413242678395
18 5 0.787386961873 0.00111237898946 -0.201023689422 0.00314489137021
19 5 0.817005361848 0.000896335861776 0.301017522827 0.00150674457502
20 5 0.809808079127 0.000537932021027 -0.277940361183 0.00190856739795
21 5 0.772334102171 0.000640398824937 0.137581611045 0.00288380328631
22 5 0.759123199989 0.000768126495703 0.0671710751846 0.00303841217332
23 5 0.794995264431 0.000895648927346 -0.251564380112 0.00229341963089
24 5 0.831465138734 0.00119036532403 0.337647600394 0.00139344614429
25 5 0.808103731773 0.000707649211293 -0.285825265583 0.00157672930121
26 5 0.745178212399 0.000353194182232 0.10309135619 0.00195538386875
27 5 0.735547672645 0.000883509673971 0.148418871004 0.00160054334548
28 5 0.831310331934 0.000954150243096 -0.364063488848 0.000796477375404
29 5 0.948374125784 0.000344706036358 0.474187062892 0.000172353018179
0 6 0.948694248138 0.000577416650023 0.474347124069 0.000288708325011
1 6 0.832546771614 0.00121753155099 -0.365000907749 0.00114173643134
2 6 0.736401322247 0.000922182811184 0.150336637816 0.00209511227509
3 6 0.743963997664 0.000308912243891 0.10176705477 0.00224979672088
4 6 0.808526075821 0.0007269315193 -0.286715246269 0.00126939253242
5 6 0.833086409951 0.000575258973392 0.34135873831 0.000757975326965
6 6 0.796849514095 0.00117164804808 -0.257418467988 0.00233425807505
7 6 0.758982677463 0.000586419247057 0.0731175687406 0.00329270062753
8 6 0.77060102118 0.000971733453183 0.134001728896 0.00294245045063
9 6 0.80954519138 0.000538496533154 -0.278194766061 0.00157366220632
10 6 0.818245870245 0.000826893866877 0.304594234986 0.00130239139923
11 6 0.787538456279 0.000846172592337 -0.206510054907 0.00286404338191
12 6 0.764231650303 0.000497729784793 0.0250891687303 0.00355815093434
13 6 0.780018469558 0.000507504326105 0.164281260781 0.00306104993694
14 6 0.810757984387 0.000771188932221 -0.283359292641 0.00168783454869
15 6 0.811539158139 0.000640104337711 0.284722328176 0.00169530251612
16 6 0.780662885177 0.000649944899924 -0.16785496453 0.00326766518759
17 6 0.763603254808 0.000929728297321 -0.0207980413402 0.00362200868617
18 6 0.78677626299 0.000975810087389 0.203060442768 0.0027666405243
19 6 0.817579110051 0.000609936459073 -0.302241483652 0.00157524056896
20 6 0.809693279431 0.000617016178262 0.2772318748 0.00173215088412
21 6 0.772034437389 0.000605474420293 -0.135052165244 0.00275028736244
22 6 0.760067173392 0.000798106792658 -0.0705518733618 0.0029386736203
23 6 0.796836536567 0.0010302102642 0.254582992249 0.00226641268859
24 6 0.832269998526 0.000632332901477 -0.339659767012 0.00133616880117
25 6 0.8080777158 0.000391253678387 0.286559451858 0.00115689996731
26 6 0.744682108628 0.00056133774601 -0.102796668323 0.00124829344612
27 6 0.736547260644 0.000637137801639 -0.148746576108 0.000939093328433
28 6 0.831532158808 0.000621786165366 0.363904167898 0.00046974533556
29 6 0.948108999325 0.000239631142138 -0.474054499662 0.000119815571069
0 7 0.948425874002 0.000557705317236 -0.474212937001 0.000278852658618
1 7 0.832494531023 0.00112251832549 0.364704490236 0.00110616455937
2 7 0.737241455936 0.00110048089404 -0.150395252681 0.00214578987479
3 7 0.74424486088 0.000450822273193 -0.101218151037 0.00246581933857
4 7 0.808180810877 0.000788137240639 0.286250117955 0.00138699701277
5 7 0.833561824354 0.00105314252603 -0.341609277548 0.00103201555261
6 7 0.797569286482 0.0010590987675 0.25853060311 0.00290494704316
7 7 0.75893559791 0.000563668955649 -0.0743643841315 0.00383373984123
8 7 0.77039777647 0.000706526172226 -0.133408531423 0.00322798217467
9 7 0.809840171186 0.000775158148787 0.278287920668 0.00160657529402
10 7 0.818213695393 0.000919108992444 -0.305244955452 0.00169640707433
11 7 0.787878055731 0.000831901180531 0.207323191262 0.00333194748377
12 7 0.76408516221 0.000722341107151 -0.0254057226531 0.00386699737401
13 7 0.7806271635 0.000446077634811 -0.164635242863 0.00311999470391
14 7 0.811421055418 0.000859185703983 0.284463993377 0.00164122503781
15 7 0.810845057217 0.000755537263309 -0.286019200672 0.00219313995716
16 7 0.780172680835 0.000728472418906 0.168468515055 0.00374301811204
17 7 0.762745351143 0.000773449753505 0.0212597315998 0.00408512776491
18 7 0.786484824519 0.00136134539479 -0.204378107406 0.0028972997674
19 7 0.81803780605 0.000964215146054 0.30399912847 0.00137520259974
20 7 0.809868308966 0.000830978510483 -0.278781570516 0.00215921941387
21 7 0.771187958351 0.000622580042 0.135519419321 0.00323827348855
22 7 0.758997709991 0.00125014914946 0.071578044755 0.0029307901594
23 7 0.796651765091 0.00128993812254 -0.25651593239 0.0016863675675
24 7 0.832516419694 0.000456601552239 0.340971265248 0.00113875081229
25 7 0.807709175517 0.00036728001818 -0.28654444364 0.00144515949975
26 7 0.744435971247 0.000643134470076 0.101911565404 0.00146344146204
27 7 0.736968074002 0.000628382240794 0.149625189702 0.00106727740089
28 7 0.831866463024 0.000608824513279 -0.364357023242 0.00052537428911
29 7 0.948395112983 0.00027293635964 0.474197556491 0.00013646817982
0 8 0.948397380434 0.000561636497175 0.474198690217 0.000280818248587
1 8 0.83228761038 0.00125484268427 -0.364579411702 0.00117873473384
2 8 0.737194769554 0.00118782703707 0.150267104342 0.00233068737059
3 8 0.744114285971 0.000162517380361 0.100963928842 0.00269534888823
4 8 0.807601521874 0.000716345879097 -0.285618423421 0.00169014151007
5 8 0.833562810506 0.00106719370234 0.340851618865 0.000837632358673
6 8 0.797836297951 0.00130551269381 -0.258008439314 0.00281770797897
7 8 0.75916566966 0.000384751257964 0.0744953515499 0.00377482741299
8 8 0.770285250648 0.000990858620349 0.132843895256 0.00280975015152
9 8 0.809523172828 0.000384644485018 -0.278141338204 0.00104259057548
10 8 0.819194145449 0.0011460633871 0.305805716016 0.00240521981682
11 8 0.788319736286 0.00107908285208 -0.208344602058 0.00415063003587
12 8 0.764601876484 0.000553081692878 0.0267998452838 0.00467610979427
13 8 0.780375347359 0.00129643674512 0.163551101981 0.00346292220518
14 8 0.811470823908 0.000881258278087 -0.284190739037 0.00162871886446
15 8 0.811527494505 0.000738222855833 0.286480206468 0.00247140420453
16 8 0.779721609793 0.000627373595493 -0.169351469239 0.00362945949815
17 8 0.763259797644 0.000716670601908 -0.0203463750056 0.00370500540368
18 8 0.787807014609 0.00110068008078 0.203403418818 0.00263767372988
19 8 0.818169719335 0.00101924289691 -0.303728332139 0.00147423416082
20 8 0.808892007961 0.000800085590903 0.279601564337 0.00206579020283
21 8 0.770176602168 0.000735882871272 -0.136299292133 0.00287705474593
22 8 0.759404573204 0.000612040552051 -0.071003984827 0.00277983920957
23 8 0.796317456772 0.00104615484168 0.256145670111 0.00165956985245
24 8 0.832590769828 0.00075982819151 -0.34109540834 0.00107730860612
25 8 0.807695740091 0.00101777006568 0.287164728663 0.00161437124313
26 8 0.74396475589 0.000362058677137 -0.102772074954 0.00187823986336
27 8 0.73650910934 0.00083000260161 -0.149138069198 0.0015138261252
28 8 0.831672969364 0.000875074821654 0.364224958924 0.000804688815993
29 8 0.948359680206 0.000406000540979 -0.474179840103 0.000203000270489
0 9 0.94822337101 0.000479239941152 -0.474111685505 0.000239619970576
1 9 0.831819284049 0.00124958529691 0.364176541549 0.00107148272523
2 9 0.737030978999 0.00100647899531 -0.149501860923 0.0020908577921
3 9 0.744905839002 0.000415523631959 -0.10154912243 0.00248680958473
4 9 0.808452809029 0.000713996878911 0.285482208966 0.00209924838406
5 9 0.833559620772 0.000837305782894 -0.340043254249 0.00170465655465
6 9 0.798217427385 0.000991169862682 0.257247184319 0.00250258941786
7 9 0.759040075076 0.00055478610853 -0.0742150388058 0.00326117227549
8 9 0.769946534554 0.000507251333819 -0.132417878763 0.00275122589138
9 9 0.809458636615 0.000867845672231 0.276672218083 0.00156833369445
10 9 0.81902847039 0.00133945174885 -0.303793149963 0.00277643767187
11 9 0.789086877839 0.000836710153791 0.206923945001 0.00437264283676
12 9 0.764286092829 0.000859508476846 -0.0260309411793 0.00452598384463
13 9 0.779387964911 0.00143078840857 -0.164383816976 0.00312561011351
14 9 0.81171170197 0.000871731452533 0.28500184983 0.00160380031586
15 9 0.812117694269 0.000763431278221 -0.287131430049 0.00257083862921
16 9 0.78016606331 0.000613015715616 0.169805615124 0.00389432690953
17 9 0.763093664507 0.000764784856063 0.0203608161949 0.00395513519381
18 9 0.786898351457 0.00122061702863 -0.204296281666 0.00277210634734
19 9 0.818156858519 0.00106982122451 0.305121641535 0.0014674398999
20 9 0.809119741549 0.000834211002699 -0.280615966351 0.00199902709231
21 9 0.769823535024 0.000298711262321 0.136910255231 0.00278984061755
22 9 0.75840357008 0.000739771697739 0.0707864189964 0.00262209951837
23 9 0.796464924343 0.000992028348046 -0.256124481827 0.00162837930388
24 9 0.833413086252 0.000670451060228 0.341254785098 0.00119894165693
25 9 0.80829480489 0.00057083545076 -0.287587151412 0.00196462641309
26 9 0.743543794351 0.000290137139138 0.102924054543 0.00226584202777
27 9 0.735162864072 0.00104043328894 0.149780360696 0.00172281826587
28 9 0.832362224453 0.000951670288493 -0.365057404316 0.000765361633593
29 9 0.948823138496 0.000321316670321 0.474411569248 0.00016065833516
0 10 0.948237890896 0.000431418987749 0.474118945448 0.000215709493875
1 10 0.831811970963 0.00096632969937 -0.364178855075 0.000902630275013
2 10 0.736717277379 0.00108740021779 0.149272511963 0.00181878443685
3 10 0.744909195737 0.000909463377305 0.10211118366 0.00237869690056
4 10 0.808559920782 0.000434270347953 -0.286386161899 0.0020921308478
5 10 0.833458574725 0.000461314469459 0.34106539601 0.00100833402482
6 10 0.797687652169 0.000920527579241 -0.257730587482 0.00190768705324
7 10 0.758879193186 0.000588289211511 0.0738627822334 0.0030393250346
8 10 0.770008856032 0.000627252085575 0.133527113783 0.00285569953714
9 10 0.80912595974 0.000874478611834 -0.277959252017 0.00172073401812
10 10 0.819338357573 0.00141182920739 0.304683891992 0.0024476383325
11 10 0.789137875992 0.00110982940466 -0.207090313404 0.00431942723696
12 10 0.763225764385 0.000598666752418 0.0249704504874 0.0049707325675
13 10 0.779497594551 0.000961023221487 0.166352551113 0.00392635337687
14 10 0.811944854622 0.000731806411965 -0.287120224881 0.0021583325334
15 10 0.812669024172 0.000668041121793 0.288944330566 0.00224715836302
16 10 0.780178166278 0.000541270461677 -0.170819155505 0.00340180807452
17 10 0.76291472876 0.000626110907422 -0.0201074915066 0.00371300222492
18 10 0.786441128875 0.00117546494671 0.204589613792 0.00289824075498
19 10 0.818056055804 0.00110411626909 -0.305378257233 0.00179758360594
20 10 0.809433151569 0.000872257996617 0.280325267045 0.00243656724507
21 10 0.770419578927 0.000509929518784 -0.136310169282 0.00337061863599
22 10 0.757294857724 0.00069829825131 -0.072058607412 0.00307710121537
23 10 0.796127941802 0.00111186287463 0.258140085092 0.00169059500206
24 10 0.834487622504 0.000880181778785 -0.342978408277 0.000871928088218
25 10 0.808738619686 0.000715743458104 0.288301818199 0.00158428567759
26 10 0.74344716873 0.00053234630065 -0.102722450265 0.00193702560553
27 10 0.735719252317 0.000951730105592 -0.150226941222 0.00152425445348
28 10 0.832725391849 0.000898458334149 0.365204120214 0.000705825891526
29 10 0.948806372271 0.000282372346327 -0.474403186135 0.000141186173164
0 11 0.948404160344 0.00041335940434 -0.474202080172 0.00020667970217
1 11 0.832534128936 0.0010347544648 0.364702096178 0.000910256276983
2 11 0.736991664456 0.000901441561247 -0.150288521845 0.00181761571082
3 11 0.744795660857 0.00050383255254 -0.101070039552 0.00208236180241
4 11 0.808020229832 0.000406355253967 0.285497705318 0.00147728355102
5 11 0.832316477234 0.000600629064565 -0.340027457272 0.00115316977666
6 11 0.79687236464 0.00103609187624 0.256011227361 0.00239415834971
7 11 0.759377510964 0.000764994846181 -0.0718327254804 0.00351504927704
8 11 0.770319652064 0.000847877616953 -0.134995210085 0.00342812221394
9 11 0.809230962039 0.000706571060277 0.278614478786 0.00218444465193
10 11 0.818841049783 0.000887637503222 -0.304486323811 0.00187739779163
11 11 0.787979100637 0.00109522798835 0.205887191107 0.00370503849035
12 11 0.763282777845 0.000783595459419 -0.0228321295783 0.00487814726995
13 11 0.779868004079 0.000952442789327 -0.168715831365 0.00446282147601
14 11 0.812874637335 0.00092366984022 0.288669342392 0.00302954243603
15 11 0.8132748432 0.000881582039994 -0.289150532603 0.00240131977215
16 11 0.780417367318 0.000594847384511 0.17032036736 0.00295109357551
17 11 0.763063859655 0.00114480591553 0.0206705380864 0.00315153859621
18 11 0.78678721586 0.00104995063958 -0.20511882384 0.00277065066119
19 11 0.818348591281 0.00102000989934 0.305975532326 0.00207736813449
20 11 0.810143683228 0.000721720343263 -0.281156970425 0.00202495097431
21 11 0.770503598471 0.000756687979643 0.137171988931 0.00248645271163
22 11 0.757527182765 0.000581096230749 0.0713724183952 0.00249955827446
23 11 0.796644872883 0.000771105037463 -0.25795198603 0.00179828273752
24 11 0.834443382493 0.000505117358062 0.34369292548 0.00109380837935
25 11 0.808654014993 0.000470686126371 -0.289953179332 0.00142792710363
26 11 0.743869911456 0.000500942621148 0.105105320628 0.00190016844602
27 11 0.735128585587 0.000886425281356 0.147861773451 0.00160359994532
28 11 0.831217993798 0.000856005133458 -0.363904352393 0.000768606331771
29 11 0.948266515968 0.000368665124199 0.474133257984 0.000184332562099
0 12 0.948748895779 0.000503944093939 0.474374447889 0.000251972046969
1 12 0.833058032691 0.00117810308875 -0.365318476705 0.00102889974476
2 12 0.736594960578 0.000980574378 0.151003121319 0.0019995756257
3 12 0.744542834605 0.000467514157254 0.10076066852 0.00230833701583
4 12 0.807791998452 0.000559587604634 -0.285898497164 0.00167376684104
5 12 0.833212165973 0.000545317890829 0.341130024857 0.000764293393475
6 12 0.797452851894 0.00144293848819 -0.257471595333 0.00271291397164
7 12 0.758281718223 0.000911424897672 0.0729332381261 0.00448019925153
8 12 0.769743947583 0.000872870706002 0.134828158686 0.0043649300869
9 12 0.809277800458 0.000706964790813 -0.279144711187 0.00246658852914
10 12 0.81807236422 0.000949388885423 0.304578952698 0.00163827868589
11 12 0.785959142796 0.00104451450111 -0.204135423674 0.00410684673313
12 12 0.762987319048 0.000644820066919 0.0197826031211 0.00548066496939
13 12 0.7816440119 0.00112759201678 0.171199839229 0.00494272018272
14 12 0.81383206864 0.00110796228031 -0.289701371757 0.00324465333997
15 12 0.812927754319 0.00127898320303 0.288790402472 0.00259081187321
16 12 0.779199883376 0.000710852591489 -0.168619273256 0.00374690255
17 12 0.762696138244 0.000888763319527 -0.0233453729129 0.00413682535138
18 12 0.787934661333 0.0012185539119 0.207571150313 0.003131094432
19 12 0.818964129433 0.000978448041157 -0.307589584275 0.00164030996093
20 12 0.81034436803 0.000942841438557 0.281893141459 0.00208707711982
21 12 0.769714972249 0.000470299742473 -0.136641598815 0.0030162852862
22 12 0.758307970737 0.00107676552639 -0.0725689649469 0.00287258007098
23 12 0.797209045137 0.000952265020353 0.258551315572 0.00204479370441
24 12 0.834335920083 0.000779028240867 -0.343736697244 0.00106474687629
25 12 0.80920967352 0.000509967726129 0.290043217065 0.00105394126372
26 12 0.743039834923 0.000760896370165 -0.10492455237 0.00169538195239
27 12 0.734908704003 0.000529785640132 -0.148388853374 0.00174611489016
28 12 0.83176036182 0.00108520280011 0.364167926663 0.00100131551434
29 12 0.948246469954 0.000482311729904 -0.474123234977 0.000241155864952
0 13 0.948575905649 0.000473339108949 -0.474287952825 0.000236669554474
1 13 0.832229843078 0.00117271081949 0.364717831583 0.00103355332459
2 13 0.736442681438 0.00133977921674 -0.149858618762 0.0022025667711
3 13 0.744130326335 0.000604763624994 -0.102229664069 0.00288547215861
4 13 0.808354086005 0.000720317390818 0.287480399715 0.00228604557111
5 13 0.833659002388 0.000541299602454 -0.342457393975 0.00119068996297
6 13 0.796175206023 0.00135977272333 0.257856287092 0.00260149371904
7 13 0.757533293241 0.00112102292184 -0.0719049022029 0.00440434453823
8 13 0.769683147716 0.000597281706288 -0.136776472467 0.00472266669092
9 13 0.809776494012 0.000816444434969 0.281133359433 0.00309712414545
10 13 0.817765246891 0.000830434529463 -0.30586697776 0.00164590941072
11 13 0.785770863582 0.00137184031598 0.204305782143 0.00394469996037
12 13 0.762208803655 0.000838817007519 -0.0184056010489 0.00554948535809
13 13 0.781960878334 0.00118917979934 -0.173270466456 0.00506653841901
14 13 0.814691682536 0.000812625630205 0.2909332816 0.00294512625251
15 13 0.812875559537 0.000899722164586 -0.288916753795 0.00221807867303
16 13 0.779389925459 0.000760498322746 0.168050217339 0.00421745068883
17 13 0.763243750718 0.0012205833107 0.023979378885 0.00476489831715
18 13 0.788753196778 0.00143721123447 -0.207853174781 0.00363366573145
19 13 0.819426111632 0.000797665575351 0.307387074103 0.00189815359395
20 13 0.809750109477 0.00092212398069 -0.281294292476 0.00221457294617
21 13 0.770553291348 0.000975453596507 0.136308263151 0.00337046910999
22 13 0.758960617094 0.00118898376702 0.072172740642 0.00379982400066
23 13 0.796857885787 0.00125817948 -0.258393823885 0.00308046446754
24 13 0.834338598696 0.00113074973315 0.34420511796 0.00138158076779
25 13 0.80887698073 0.000849659107522 -0.290381703615 0.000986961714668
26 13 0.742997173736 0.000863155168733 0.105041711849 0.00224928746218
27 13 0.734919966426 0.000873484657385 0.148408632031 0.00240117142803
28 13 0.831256883625 0.00143524428113 -0.364503523446 0.00130620216246
29 13 0.948842488074 0.000609776886317 0.474421244037 0.000304888443159
0 14 0.948355650157 0.000550047347158 0.474177825079 0.000275023673579
1 14 0.831561868455 0.00144508208357 -0.364175595455 0.00124477901066
2 14 0.735739226085 0.00148801679047 0.148759680438 0.00259001263951
3 14 0.744099109761 0.00037756756231 0.103297654775 0.00307997197797
4 14 0.808462520614 0.000554137325405 -0.287648584633 0.00208045849796
5 14 0.832997913171 0.000689374923382 0.34139090512 0.00115931358084
6 14 0.795723335953 0.00132588939208 -0.255843725419 0.00301928807149
7 14 0.758320188623 0.00114876109051 0.0699011220789 0.00471466324757
8 14 0.770492895249 0.000491052960245 0.137750593362 0.00481220298095
9 14 0.809890223684 0.00100441985487 -0.281067248562 0.00300992427674
10 14 0.818457644834 0.00103931424795 0.305302299879 0.00154874008232
11 14 0.786523772659 0.00177604641655 -0.203929104547 0.00420075949778
12 14 0.762389410733 0.000783909501326 0.0188406496439 0.00595260721721
13 14 0.781551871712 0.00109179834315 0.172240392733 0.00523319485423
14 14 0.814384188438 0.000839508772707 -0.290047517324 0.00262071926613
15 14 0.813221619514 0.000684978552852 0.288709986283 0.00236129036009
16 14 0.78024122387 0.000949598338201 -0.168669271964 0.00479372681664
17 14 0.762763441893 0.00112707129686 -0.0230651137807 0.00564260263103
18 14 0.787478693179 0.00133283301344 0.207044188706 0.00436340727228
19 14 0.819057008305 0.00110575093372 -0.306471841572 0.00196419683127
20 14 0.809973850593 0.000892515951346 0.280596462035 0.00252246744092
21 14 0.770653286064 0.000661962131279 -0.1361862052 0.00423735711267
22 14 0.758170122938 0.00108483610754 -0.0723186273183 0.00451887954367
23 14 0.797376325457 0.00151457085744 0.258148995898 0.00335608976708
24 14 0.833968739137 0.00112852461366 -0.343238148135 0.00152991171724
25 14 0.808358835479 0.00070284596301 0.288993120982 0.00142103238858
26 14 0.743200279742 0.000460323318307 -0.103368874415 0.00217707239638
27 14 0.735772497318 0.000685681034703 -0.149563461045 0.00208179586671
28 14 0.832462337074 0.0012099774171 0.364615402011 0.00122731217953
29 14 0.948351919307 0.000647611944228 -0.474175959654 0.000323805972114
0 15 0.948185996503 0.000416617353128 -0.474092998251 0.000208308676564
1 15 0.832237980943 0.00121670971858 0.364348172169 0.000992864345126
2 15 0.736303687196 0.0011130212341 -0.149511255473 0.00203639791671
3 15 0.743307993648 0.000367978382023 -0.102742447985 0.00241474999115
4 15 0.807694909885 0.000653441754827 0.287589535815 0.00149552753271
5 15 0.833761039708 0.000858187594794 -0.3415141064 0.000808338841066
6 15 0.796974870525 0.00205684278976 0.256371805902 0.00321432892489
7 15 0.758143790519 0.00139428887859 -0.0707080692904 0.00504960197064
8 15 0.770381525922 0.000860918410164 -0.136890691806 0.005138999555
9 15 0.809761009229 0.00112718382097 0.279960778476 0.00330803958896
10 15 0.818452156366 0.000692802625475 -0.304239553137 0.00130605997457
11 15 0.787364161939 0.0016528891735 0.203973013776 0.00411580178174
12 15 0.763073590189 0.00093491490143 -0.0203240517953 0.00623024627062
13 15 0.7803529409 0.00118988717843 -0.170774628253 0.00576230922875
14 15 0.813144089729 0.00115257072276 0.289736002229 0.00296740318159
15 15 0.813254108523 0.00073375956939 -0.288810307985 0.00176617287876
16 15 0.779940577303 0.000959778476618 0.16838705942 0.00468261382226
17 15 0.762274620507 0.00102646416348 0.0237721286892 0.00582877490526
18 15 0.787694655722 0.0012352267586 -0.20793416001 0.00453436562801
19 15 0.818426760576 0.00107470454699 0.307064237427 0.00192525768158
20 15 0.809327485812 0.000817553402966 -0.279939967168 0.0023504513553
21 15 0.770392555131 0.000986765703463 0.134423912126 0.00447761430854
22 15 0.758878587504 0.00087727187441 0.0735458332538 0.00482547545556
23 15 0.797521648952 0.0015166735047 -0.258578334652 0.00313871608599
24 15 0.834677013415 0.000818897084295 0.343449000798 0.000917124222607
25 15 0.808814480299 0.0010005765279 -0.289118643389 0.00228773553512
26 15 0.743544008359 0.000201115976655 0.1036590427 0.00332117993023
27 15 0.735432262034 0.00143947618555 0.149276481196 0.00276141056008
28 15 0.832184424478 0.0014958756027 -0.364626322472 0.00135135209649
29 15 0.948497068184 0.000610205586503 0.474248534092 0.000305102793252
0 16 0.947894485413 0.000513061521311 0.473947242707 0.000256530760656
1 16 0.831242664229 0.00157327255391 -0.363559459914 0.00127521931101
2 16 0.735675405911 0.00118505805298 0.147999107878 0.00259139759603
3 16 0.743048800125 0.000546161384249 0.104427804902 0.00300396075141
4 16 0.808429327261 0.000383893995646 -0.288775023257 0.00220177461653
5 16 0.833578005706 0.000598882533535 0.341478130525 0.000987425668184
6 16 0.797034155883 0.00174516612776 -0.255477496392 0.00290742488009
7 16 0.758172474923 0.00123799292035 0.0695668727851 0.00489651755071
8 16 0.770360898035 0.000759168288691 0.13816242791 0.00498842419014
9 16 0.810124974416 0.000879120454901 -0.281052688557 0.00299238116446
10 16 0.819738523318 0.000522742017432 0.305204599427 0.00126044807004
11 16 0.787822883811 0.00138012241839 -0.204679189523 0.0042441953008
12 16 0.762555275853 0.00102663003585 0.0206428074251 0.00624449581433
13 16 0.77959419464 0.000960183618876 0.170261242103 0.0059090319666
14 16 0.813003682811 0.00140883991117 -0.288347508789 0.0033954986616
15 16 0.812836542779 0.000803104670996 0.287070362562 0.0017981490173
16 16 0.779824999056 0.001062742034 -0.166950452134 0.00463813885628
17 16 0.763098820241 0.000530525465069 -0.0247990994651 0.00606221640696
18 16 0.787783200086 0.00132042709618 0.208398022758 0.0049236186779
19 16 0.818854480565 0.00110781433894 -0.307034069963 0.00185311126227
20 16 0.809923257721 0.000822578792076 0.280151550719 0.00208242123531
21 16 0.770946091389 0.000758867516901 -0.135133574603 0.00446502020231
22 16 0.758217661915 0.000879427969905 -0.0735159319969 0.00484370566126
23 16 0.797302221996 0.0014296750739 0.25914593678 0.00311915884249
24 16 0.834567696096 0.000748727651063 -0.343501561213 0.00083846507528
25 16 0.80898501248 0.000683527508034 0.28900489742 0.00227698039101
26 16 0.742951457725 0.000642136234529 -0.103579993519 0.00330962778493
27 16 0.735736307155 0.00130254427281 -0.149436014545 0.00286631052211
28 16 0.832004444763 0.00166262498699 0.364727084823 0.0014383841299
29 16 0.948692053702 0.000623418981548 -0.474346026851 0.000311709490774
0 17 0.947842502475 0.000597642269937 -0.473921251238 0.000298821134968
1 17 0.831125544634 0.00143234843407 0.363441855571 0.00129396690777
2 17 0.735800655957 0.00149545241875 -0.14780028166 0.00269084412561
3 17 0.743551102469 0.000635808385366 -0.104447327875 0.00332806871051
4 17 0.808020226491 0.000750595664422 0.288398584182 0.00247698074568
5 17 0.832604548098 0.000684740304556 -0.340674201524 0.00100052439514
6 17 0.795879524241 0.001203474778 0.253828837494 0.00265049327438
7 17 0.75928468456 0.000900927367444 -0.0681006964507 0.00437651132932
8 17 0.770509603222 0.000731013568502 -0.138453186215 0.00453918687273
9 17 0.809687504811 0.000858218965203 0.280677760804 0.00293088253831
10 17 0.818478037984 0.000663197681932 -0.303986430491 0.00164268017959
11 17 0.787563926361 0.00114952599468 0.202758390953 0.00398805885112
12 17 0.762673413295 0.00120410818998 -0.0185301873383 0.00544125337964
13 17 0.78075969402 0.00105483463329 -0.17170430257 0.00504139663775
14 17 0.812821708541 0.00122324959135 0.288478773413 0.00310568005793
15 17 0.812480883873 0.00093532398069 -0.285963919813 0.00235351535592
16 17 0.780531138262 0.00080481571864 0.16526788504 0.00442237307479
17 17 0.764055895069 0.000398735848611 0.0256121077468 0.00544935526892
18 17 0.788478632717 0.00132069013999 -0.207419970477 0.00428628862706
19 17 0.818373888121 0.00100357479494 0.304971745043 0.00161111772225
20 17 0.809751128762 0.000343612395107 -0.278049063456 0.00172952040792
21 17 0.770221438334 0.00047036191847 0.133321224832 0.00341556147219
22 17 0.759198803857 0.000900031699032 0.0742151219203 0.00343766127075
23 17 0.797289203249 0.00110844984188 -0.258674600505 0.0020773213393
24 17 0.834056955232 0.000578161305175 0.342784208374 0.000658501409427
25 17 0.809286813453 0.00063076205521 -0.288504293902 0.00190876370009
26 17 0.743615550874 0.000468923184833 0.103578871681 0.00261976399714
27 17 0.735604867178 0.00113616566642 0.149157158711 0.0020557650479
28 17 0.832036182155 0.00109462017115 -0.364470783102 0.000973466617648
29 17 0.948415941704 0.000450267565548 0.474207970852 0.000225133782774
0 18 0.94799869658 0.00049044064365 0.47399934829 0.000245220321825
1 18 0.830495509801 0.00119789673504 -0.363280522789 0.00106622652088
2 18 0.734558639926 0.00169734222982 0.146664559084 0.00242841122354
3 18 0.744431889536 0.000737699884478 0.105835868504 0.00338364857278
4 18 0.80867598034 0.00076526583045 -0.289224403334 0.00271706816848
5 18 0.833044071616 0.000589746947822 0.34144126043 0.000819402389598
6 18 0.796062957494 0.00142113432478 -0.25449264088 0.00235910594419
7 18 0.759104465268 0.000855520663638 0.068070997971 0.00435847195398
8 18 0.770864279582 0.000759664649295 0.139162112462 0.00446629205084
9 18 0.809058371016 0.000895804386646 -0.281478688353 0.00250917411099
10 18 0.818059272431 0.000821407830653 0.304212654568 0.0013899588614
11 18 0.786592986431 0.000999860777237 -0.201943969046 0.00367735288005
12 18 0.762838822439 0.000379931317399 0.0176451928658 0.0048706345977
13 18 0.779938124915 0.000788339454642 0.172070698042 0.00406992105357
14 18 0.812613395457 0.000939183682492 -0.288456049025 0.00213757773731
15 18 0.812273822842 0.00120437682621 0.285242047442 0.00312572672887
16 18 0.78010508097 0.000805589735426 -0.164000851105 0.00496083410917
17 18 0.764431643633 0.00105447663144 -0.026943054908 0.00499867073253
18 18 0.788427328706 0.00125462521234 0.208562226937 0.00332598856573
19 18 0.818763891049 0.000539139397316 -0.305840222897 0.00125554265343
20 18 0.809970030039 0.000880984933698 0.278420624078 0.00185268070728
21 18 0.771507244329 0.000577830856389 -0.133477462422 0.00314956121178
22 18 0.759776634793 0.00107834802749 -0.074195806515 0.00305621248622
23 18 0.798082864252 0.00103112349188 0.258871470334 0.00188043041183
24 18 0.834009123191 0.000506059311963 -0.342924165865 0.000776184931904
25 18 0.808192199881 0.000749441153463 0.288187703854 0.00161455182782
26 18 0.743289018915 0.000402072953976 -0.102832777193 0.00228825439569
27 18 0.735814883959 0.00109919286807 -0.149836057455 0.00186211892305
28 18 0.832432089145 0.000976841332396 0.364833247656 0.000894677143595
29 18 0.948586681467 0.000421312946685 -0.474293340733 0.000210656473343
0 19 0.947559924909 0.000629661818694 -0.473779962455 0.000314830909347
1 19 0.8303025615 0.00117562444828 0.362741820966 0.00120980604048
2 19 0.734629294921 0.00096472369918 -0.14601867426 0.00224569687136
3 19 0.743689579596 0.000650568157016 -0.10708124988 0.00257272785997
4 19 0.809304418383 0.000299348557224 0.291219839623 0.00183696589681
5 19 0.833672302264 0.000668340330596 -0.34314348495 0.000749585268829
6 19 0.796067574903 0.00114118055931 0.255397323343 0.00246304004542
7 19 0.757385393918 0.000928204910538 -0.0677860676522 0.00394132954822
8 19 0.770700726959 0.000685848930999 -0.140600598841 0.003837204745
9 19 0.810509950631 0.0009151261028 0.283226254712 0.00223742014594
10 19 0.819342164265 0.000799636554793 -0.305660045674 0.00127038052865
11 19 0.787204683508 0.000928262289444 0.203050095375 0.00329454150846
12 19 0.762821226243 0.000470710438314 -0.0184220757049 0.00430438177568
13 19 0.780698427254 0.000644219234072 -0.171194377312 0.0036017987655
14 19 0.812977796393 0.000696687596216 0.287652785294 0.00185251182539
15 19 0.812382185197 0.00101296448465 -0.285355607611 0.00284239335538
16 19 0.781071383518 0.000706757562644 0.165125019038 0.00448785383612
17 19 0.764471471302 0.000768741573338 0.0254318364903 0.00444801913622
18 19 0.787752735686 0.00135320319848 -0.207842905183 0.00287028575733
19 19 0.818439434031 0.000482578155133 0.306003053083 0.00102018772287
20 19 0.809572479635 0.000899835081351 -0.279048899427 0.00209536577681
21 19 0.771049498153 0.000825191291163 0.13430477868 0.00308966112065
22 19 0.758558351003 0.00127739048473 0.0738123638723 0.00282082138286
23 19 0.797169427417 0.000935217391266 -0.259354380795 0.00183939972438
24 19 0.833645012174 0.000672792629915 0.343550114923 0.00131865289258
25 19 0.808370168463 0.000492183395005 -0.288305463227 0.00186575610187
26 19 0.743796755266 0.000585834646193 0.102822979076 0.00229012852826
27 19 0.736144151532 0.00106218493402 0.149641403256 0.00189182757763
28 19 0.832321292384 0.00111595594218 -0.364580689056 0.000918860562878
29 19 0.948389628592 0.000391526324771 0.474194814296 0.000195763162385
0 20 0.947840767533 0.000375095107803 0.473920383766 0.000187547553902
1 20 0.830759306547 0.000885365944177 -0.363254471686 0.000792472270424
2 20 0.734962417232 0.000908159885559 0.147014321204 0.00160173645659
3 20 0.743656957386 0.000662477150872 0.105569384368 0.0020877176446
4 20 0.808644806094 0.000407642130979 -0.289538421345 0.00170645738653
5 20 0.833578529371 0.000784344519936 0.341993264738 0.000904502626645
6 20 0.796060626979 0.00109078347512 -0.255082744797 0.0021195719824
7 20 0.7569257544 0.000812968896397 0.0680516803761 0.00330680019136
8 20 0.769740695335 0.000587614250633 0.140030165045 0.00316224747739
9 20 0.809973007603 0.00106665253429 -0.282269776434 0.00177982213902
10 20 0.818466552858 0.000845432555718 0.304759968402 0.00136251904721
11 20 0.787554047586 0.000954546773494 -0.202878363874 0.00320937166549
12 20 0.76391720701 0.000413187329491 0.0195131139477 0.00404456388987
13 20 0.780159762808 0.000830730223004 0.169524392587 0.00332875940842
14 20 0.812634147681 0.000760423152339 -0.28654067496 0.00189494645447
15 20 0.812399114349 0.000974666880189 0.285066490706 0.0023139778765
16 20 0.780707778236 0.000818266577527 -0.165400551909 0.00385736229046
17 20 0.764716357015 0.000705729119916 -0.0251543572507 0.00408526676115
18 20 0.788160781444 0.00141237797794 0.20762048072 0.00266190029087
19 20 0.81885645629 0.000785124187401 -0.306118311114 0.00108266494744
20 20 0.810252393431 0.000752089124814 0.279764220401 0.00166412414537
21 20 0.770565933348 0.0012189244825 -0.135072053063 0.00263751172369
22 20 0.758254039006 0.000889169561189 -0.0733557487105 0.00266510663634
23 20 0.797268961608 0.000748938398726 0.258520110184 0.00178091753227
24 20 0.834060274822 0.000710231243328 -0.342328274721 0.00129966356144
25 20 0.808779594302 0.000555653545012 0.287306828318 0.00202213170195
26 20 0.74422514886 0.000774222386095 -0.102353006731 0.00243378427946
27 20 0.736453305767 0.000974481246393 -0.149555163838 0.00208010704275
28 20 0.832001033609 0.00115065870515 0.364459236412 0.00105240784947
29 20 0.948424241489 0.000492760417964 -0.474212120744 0.000246380208982
0 21 0.948293174815 0.000360109755186 -0.474146587408 0.000180054877593
1 21 0.831238771017 0.000870511766811 0.363943879105 0.000787498559327
2 21 0.734578052827 0.000741755192759 -0.147677299923 0.00148005252484
3 21 0.743766778293 0.00055908097363 -0.105546268323 0.00165842091897
4 21 0.809259580192 0.000596713342769 0.289978274202 0.00128260812922
5 21 0.8342681606 0.000484344323568 -0.342783945691 0.00106405732029
6 21 0.796477139347 0.000793471382798 0.256552182071 0.00191645118136
7 21 0.757688694743 0.000932393390925 -0.0700041051287 0.00277540506836
8 21 0.770374182156 0.00059132301806 -0.138442693239 0.0027358076048
9 21 0.80978208958 0.000801869669141 0.281724240384 0.00157521800496
10 21 0.818287542339 0.000843456823269 -0.305278591011 0.00165479889378
11 21 0.786744332367 0.000666160803451 0.203736839159 0.00310067248684
12 21 0.763524665163 0.000624876613926 -0.0196167666924 0.00349364877041
13 21 0.78070676544 0.00096570254602 -0.170442636351 0.00271521800803
14 21 0.812855170349 0.000787485080287 0.287451552655 0.00148899563285
15 21 0.812216847265 0.000711953001781 -0.2851530213 0.00175607919634
16 21 0.780104422416 0.00083138437855 0.164961338857 0.00308808850121
17 21 0.764387507897 0.000397272236017 0.0255379336105 0.00347425650912
18 21 0.788748517212 0.0012381278578 -0.207520367338 0.00244751563719
19 21 0.818039236858 0.000712670698883 0.305443914625 0.000793130129224
20 21 0.808891608195 0.000770998159278 -0.278516790748 0.00121212046439
21 21 0.770049552778 0.00106625311301 0.133589437013 0.00204905205252
22 21 0.75840580609 0.000455388425235 0.0741903481256 0.00214029093178
23 21 0.797003349115 0.000809756186211 -0.258536799947 0.00152064313694
24 21 0.834229853488 0.00062547622825 0.341954566813 0.000884095901124
25 21 0.808163199494 0.000503588455073 -0.286686355852 0.00120242758699
26 21 0.743844967424 0.000806916856056 0.101393884699 0.00148004037208
27 21 0.736889068052 0.000691619524488 0.150519670675 0.00134736497741
28 21 0.832656281742 0.000907952458773 -0.364888174413 0.000739728187798
29 21 0.948524682742 0.000317890485393 0.474262341371 0.000158945242697
0 22 0.948299050722 0.000264788914069 0.474149525361 0.000132394457034
1 22 0.831089227672 0.00071504129751 -0.363875531593 0.000580461049351
2 22 0.735572819942 0.000575570634733 0.148046351928 0.00111894236579
3 22 0.744052906313 0.000567602631163 0.104244280025 0.00124099739657
4 22 0.808528297999 0.000532276936328 -0.288177492855 0.00119530657945
5 22 0.833230327647 0.000961885224807 0.341015191276 0.00166624119197
6 22 0.796059397852 0.00100411867178 -0.254938066956 0.00256161309372
7 22 0.75881350356 0.000808493604884 0.069464474453 0.00321089227102
8 22 0.771437933861 0.000856991493009 0.137140076729 0.00284860665093
9 22 0.809591916519 0.00079606704602 -0.279744556335 0.00150341161392
10 22 0.817512413347 0.000919506859608 0.303793070999 0.00140186215431
11 22 0.788000090432 0.00126055612923 -0.203590561589 0.00326286947874
12 22 0.763605786037 0.000620358703322 0.0210413361562 0.00413301894507
13 22 0.779262307543 0.00116087603876 0.168722048444 0.00330164249628
14 22 0.811704120873 0.000767178295364 -0.286474633673 0.00146193724997
15 22 0.811203095869 0.000970605116563 0.284514196203 0.00216740028844
16 22 0.779336570135 0.00128843084624 -0.164036235904 0.0038376011225
17 22 0.764474192677 0.000575802081941 -0.0265072364175 0.00407266533126
18 22 0.789028143164 0.00110278983238 0.207649052861 0.00267285396418
19 22 0.817628382628 0.000808941417897 -0.304477912218 0.000958308277022
20 22 0.808867191349 0.000465740526689 0.27697637139 0.00187624988634
21 22 0.770699697388 0.000689486675144 -0.132100135356 0.00266584220525
22 22 0.759241143389 0.000790524594504 -0.0750673955723 0.00243011353855
23 22 0.797647276551 0.00064282159577 0.258428317286 0.00154261922738
24 22 0.833792442277 0.000522801123336 -0.340844913171 0.000843573562119
25 22 0.80855077357 0.000616904742038 0.285323094526 0.00138304677153
26 22 0.744009346142 0.000546255339488 -0.100364820407 0.00172281491248
27 22 0.737081130435 0.000678636445099 -0.151185246321 0.00134226921498
28 22 0.832984823945 0.00074102052852 0.365225195812 0.000642291372044
29 22 0.948695690163 0.000345322402751 -0.474347845081 0.000172661201376
0 23 0.947717608906 0.000295648208675 -0.473858804453 0.000147824104337
1 23 0.831390442469 0.000412982519015 0.363444897762 0.000486220919048
2 23 0.736091769044 0.000792210151388 -0.148049945716 0.000840635835412
3 23 0.744854826074 0.000866603989576 -0.103377174071 0.00124609323988
4 23 0.807895126864 0.00067200421079 0.286738295771 0.00135513002762
5 23 0.833222137444 0.00113816028633 -0.339821831652 0.00148814448491
6 23 0.796025492663 0.00130370039219 0.254711016367 0.00244921362413
7 23 0.758419824494 0.000831268867043 -0.069913281431 0.00346812443559
8 23 0.771194201016 0.000796810416302 -0.136647978232 0.00323910622453
9 23 0.809343630753 0.000867013054907 0.279184233788 0.00172379088282
10 23 0.817607353484 0.00117347316673 -0.30336058903 0.00154118465178
11 23 0.787180848891 0.00103156527574 0.202952926282 0.00323118598676
12 23 0.764288226974 0.000515656382699 -0.0201936749329 0.00403083403517
13 23 0.780833920283 0.000965021493646 -0.168654510229 0.00337225830256
14 23 0.811654065931 0.00112825743833 0.285607538902 0.00182414012451
15 23 0.81080517837 0.00116837239876 -0.283974570923 0.00231275115623
16 23 0.779468015367 0.0010041422234 0.163768891957 0.00406346059097
17 23 0.764885660704 0.000545868588192 0.0265258148929 0.00440871115537
18 23 0.788658403889 0.00106097615378 -0.207513145533 0.00302207400551
19 23 0.818298905764 0.000743976417021 0.304458373685 0.00119542428213
20 23 0.808902925281 0.000683611064514 -0.277380990228 0.00214301411203
21 23 0.769944608024 0.000566505169484 0.132744803648 0.00337265567779
22 23 0.759980244815 0.000783775511567 0.0743492921094 0.00323674201117
23 23 0.798312490994 0.00123722125574 -0.257748335349 0.001780488942
24 23 0.83364933711 0.000502596186781 0.341132357653 0.000805982374178
25 23 0.808493526524 0.00033902317543 -0.286768456694 0.0016443958078
26 23 0.743834413172 0.000386698026262 0.102254050361 0.00195629303836
27 23 0.736336244537 0.001115647171 0.149783365673 0.00138080067271
28 23 0.832353706973 0.000795749004756 -0.364571001969 0.000571564794203
29 23 0.948356863187 0.000261889275021 0.474178431594 0.000130944637511
0 24 0.948226147585 0.000287436681028 0.474113073792 0.000143718340514
1 24 0.831102584001 0.000736299657974 -0.363818550469 0.000637159276879
2 24 0.736195253956 0.000739837282257 0.148436042199 0.00129252035423
3 24 0.743929814322 0.000668124815421 0.103269728225 0.00159962312377
4 24 0.808302159542 0.000540807351578 -0.287218037659 0.00125115831145
5 24 0.833358682959 0.00110438277679 0.340639132797 0.00105703119499
6 24 0.796230596365 0.00149365223967 -0.255570014861 0.00253578712241
7 24 0.758309993603 0.00102647601904 0.0706158092205 0.00409401756625
8 24 0.771647677656 0.000591453140603 0.135647651885 0.00437359668694
9 24 0.808498008385 0.00150445118164 -0.2780709722 0.00297728273279
10 24 0.817727489178 0.000547865973602 0.302791087097 0.000959614423394
11 24 0.78741654662 0.00152109698092 -0.203124722047 0.00239795169248
12 24 0.764308562266 0.000829869471525 0.0209696250666 0.00402880793818
13 24 0.780801439149 0.000530329930398 0.167455778288 0.00386181352277
14 24 0.811059492278 0.000800986081909 -0.284091902557 0.0020902127246
15 24 0.811301969204 0.000714686768483 0.282378187434 0.00190514101428
16 24 0.780721378774 0.000690356498472 -0.16294540381 0.00373466922334
17 24 0.76458474779 0.000873330906662 -0.0267121476379 0.00409910292655
18 24 0.789218449043 0.00113017403859 0.207940762246 0.00302518754592
19 24 0.819105882224 0.000901191589057 -0.305242971234 0.0015829707694
20 24 0.808908481044 0.000698166313817 0.278283643778 0.00211185871253
21 24 0.769906081021 0.000719879284309 -0.133746392593 0.00294628026993
22 24 0.759022693986 0.000910056492186 -0.0733208796676 0.00256610788496
23 24 0.796785115954 0.000704170808184 0.257115525409 0.00136733503667
24 24 0.832979101166 0.000539387224876 -0.340680908198 0.00102613369315
25 24 0.807814252247 0.00038289707799 0.285904719386 0.00194329313714
26 24 0.744088385047 0.000582625455251 -0.100975888955 0.00238484481378
27 24 0.737336825651 0.00122998666162 -0.150626830635 0.00186917790554
28 24 0.8324355595 0.00104722020017 0.364923170441 0.000917264061467
29 24 0.948676629482 0.000439313621421 -0.474338314741 0.00021965681071
0 25 0.948313390673 0.000443018739644 -0.474156695336 0.000221509369822
1 25 0.831712234966 0.00128674744678 0.364199976548 0.00108267769988
2 25 0.736538647425 0.00083512785373 -0.149163540725 0.00210890548692
3 25 0.743872134984 0.00041409059608 -0.102730182831 0.0024145627214
4 25 0.808834851261 0.000536375698381 0.286624392891 0.0017561935948
5 25 0.832472509214 0.000892225233927 -0.339697888395 0.000716978252196
6 25 0.796121214063 0.0014827015319 0.254850085128 0.00234685052731
7 25 0.759497702492 0.000981413348935 -0.0707994227576 0.00394942509459
8 25 0.771622425344 0.000703624061511 -0.134636721718 0.00403587090325
9 25 0.808724634881 0.00118588526281 0.276378694501 0.00265426940289
10 25 0.815943174025 0.00049073405693 -0.300370465207 0.00136819794847
11 25 0.786640391742 0.0012826280073 0.20095783434 0.00298493399518
12 25 0.764823242628 0.000834892713912 -0.0202599467665 0.0044487141544
13 25 0.781156292133 0.000945126281274 -0.166287075605 0.00402462572889
14 25 0.809979068893 0.000872241269735 0.281541325407 0.00204117384878
15 25 0.809854017952 0.000934537160292 -0.27946488095 0.00195140962612
16 25 0.781092736067 0.000993068997631 0.160980586541 0.00389800504793
17 25 0.766255690154 0.000899579354533 0.0266778129968 0.00456017007588
18 25 0.789345857123 0.00112004449111 -0.205904474041 0.00365571799646
19 25 0.817533131851 0.00108616914828 0.302023191239 0.00182533648888
20 25 0.808235032572 0.000581935416008 -0.275106184246 0.0019115203585
21 25 0.771201178584 0.000594221890901 0.131860052476 0.00303229161569
22 25 0.759695235994 0.000808361277048 0.073578247847 0.00273676869846
23 25 0.796205158041 0.00100545417203 -0.25644138136 0.00136507524393
24 25 0.832038724387 0.000564432284802 0.339149052875 0.000776690767756
25 25 0.806827541182 0.00058056553813 -0.283034980812 0.00172746833813
26 25 0.745004446491 0.000882281308685 0.0980589697799 0.00222313277473
27 25 0.738418305296 0.00109628254309 0.152239128382 0.0018601146603
28 25 0.83324865657 0.00109707795571 -0.365461696709 0.000855001176711
29 25 0.94879237301 0.000356526782986 0.474396186505 0.000178263391493
0 26 0.947902447443 0.000392168423816 0.473951223722 0.000196084211908
1 26 0.8315806309 0.00137010368851 -0.363731067232 0.00104089961799
2 26 0.737593735175 0.00147106644463 0.149211627631 0.00237391359984
3 26 0.745893672495 0.000383534933902 0.100730654734 0.0028865210258
4 26 0.807218972949 0.000545420227567 -0.282907894492 0.0019964816146
5 26 0.830597299335 0.000733543643746 0.335681403916 0.000711540482256
6 26 0.796530101545 0.00157377767056 -0.25164765272 0.00222625206837
7 26 0.761525493406 0.00103742108605 0.0701236645839 0.0040082343459
8 26 0.772968776899 0.000939731362119 0.131594073635 0.00401078376607
9 26 0.807449307583 0.000914272941347 -0.270133719784 0.00224654708673
10 26 0.813892574755 0.000488270530949 0.293217365574 0.000765022593647
11 26 0.78706332524 0.00104641007661 -0.195857141136 0.0025054600652
12 26 0.767582134735 0.000772305480916 0.0194174491948 0.00352192909229
13 26 0.782248533097 0.000725621276711 0.162651572829 0.00309540313762
14 26 0.808205974265 0.000614193173164 -0.275197291967 0.00151127223699
15 26 0.80733562661 0.000528673362047 0.273451944904 0.00137406751381
16 26 0.781404488652 0.000839486638447 -0.158219297837 0.00307082760071
17 26 0.767280476821 0.000680102307611 -0.024583557643 0.00379187885802
18 26 0.788256327854 0.00102977669821 0.199490215732 0.00313956326811
19 26 0.81524962403 0.00106246128352 -0.293810876185 0.00172513557911
20 26 0.807081195955 0.000535090421196 0.267494891495 0.00178159587247
21 26 0.772298276856 0.000776949119053 -0.127062138345 0.00300166455308
22 26 0.762171316528 0.000615215855338 -0.0743059415203 0.00338042544043
23 26 0.797250507051 0.000935697870861 0.253873274116 0.00237885363671
24 26 0.829890957704 0.00069908049793 -0.335218573646 0.000653538943856
25 26 0.80552195713 0.000680492481814 0.279474252706 0.00166125919749
26 26 0.74559099478 0.000627266664898 -0.0955468953351 0.00251464724817
27 26 0.739611379207 0.00110441562249 -0.153579113424 0.00216141013093
28 26 0.833848126982 0.00119237624336 0.365915428504 0.00110461195483
29 26 0.948955764018 0.000524474833307 -0.474477882009 0.000262237416654
0 27 0.947367577331 0.000425275004366 -0.473683788666 0.000212637502183
1 27 0.830850818692 0.00131243472895 0.362835232054 0.00104633853928
2 27 0.739351286011 0.000940069700509 -0.148962997755 0.00214342702739
3 27 0.747500038521 0.000579844552932 -0.0986537769668 0.00260670472037
4 27 0.806535569743 0.000666716394378 0.278695374202 0.00198260104899
5 27 0.827751417951 0.000826534393311 -0.330159002148 0.00126495320206
6 27 0.795472513813 0.00118925721837 0.246750239543 0.00251160633826
7 27 0.764508166921 0.000959343058163 -0.0692678496832 0.00369175770165
8 27 0.77503969369 0.000662910952851 -0.126612709023 0.00365060447784
9 27 0.805223974633 0.00106865860795 0.260907907949 0.00235683277594
10 27 0.810462041609 0.000942570542087 -0.283367416363 0.00159493679801
11 27 0.786754584578 0.000751607306927 0.189322411235 0.0031425511495
12 27 0.770431901767 0.000626401222297 -0.0195437065034 0.00388351342898
13 27 0.784016621236 0.000961937166967 -0.155246005117 0.00292041356414
14 27 0.806484926492 0.000613321256512 0.263587764204 0.00113948577268
15 27 0.805463076138 0.000821388319771 -0.262435671612 0.00172209432361
16 27 0.782600620995 0.000637735589881 0.152582406543 0.00322791745744
17 27 0.770672062624 0.000883475082824 0.0222418052133 0.00377296918606
18 27 0.787927506102 0.00118901415082 -0.190688779455 0.00303726769033
19 27 0.812033190326 0.000709145613293 0.282458555335 0.00159925861318
20 27 0.804650965999 0.000720023473323 -0.258135866207 0.00106234366304
21 27 0.774578476119 0.000762531059993 0.123259189867 0.00219425882467
22 27 0.765251958201 0.000752592722759 0.0712437096617 0.00291024736264
23 27 0.795580232133 0.0008723677497 -0.245881880771 0.00245411187523
24 27 0.826907302236 0.000858626951085 0.326677695272 0.00118835638909
25 27 0.806502204686 0.000531171648568 -0.273826891865 0.00140348670783
26 27 0.747386266258 0.00061859393641 0.0935365538722 0.00223787701694
27 27 0.741345114641 0.000899459951803 0.153086006563 0.00217083756972
28 27 0.833146192518 0.00118811600046 -0.364820358397 0.00117508014665
29 27 0.948203698034 0.00058906679239 0.474101849017 0.000294533396195
0 28 0.945351570949 0.000567363760725 0.472675785475 0.000283681880362
1 28 0.82807640604 0.00124153200278 -0.359442665732 0.00116404537974
2 28 0.741343873918 0.00126962272858 0.14541037989 0.00229604392211
3 28 0.752275307405 0.000449817939321 0.0972056405623 0.00283059356824
4 28 0.805746339452 0.000646716311845 -0.269702024831 0.0024231274905
5 28 0.821580850956 0.00127330012727 0.315534934679 0.00169120039372
6 28 0.79342881263 0.00133142981924 -0.232009794178 0.00243144611012
7 28 0.769087047164 0.00101248708822 0.0620405825334 0.00379718634876
8 28 0.779741397624 0.000703502321952 0.121333490832 0.00390515990489
9 28 0.802545374448 0.000969013742027 -0.244717426354 0.00270973237469
10 28 0.80543484112 0.00131283493449 0.262826955247 0.00228311382458
11 28 0.787544189166 0.000777196951687 -0.173448466877 0.00381371427914
12 28 0.775662249388 0.00036975943148 0.0158357915181 0.00458665576935
13 28 0.786022480901 0.000807435998409 0.145339055084 0.00369568069942
14 28 0.802559982576 0.000624196163857 -0.245006334111 0.00170818617403
15 28 0.802134655736 0.000579533713613 0.243471183534 0.00219047887253
16 28 0.784828351124 0.000658874471949 -0.140983319454 0.00362526917001
17 28 0.776045327904 0.00109568757086 -0.0212267956109 0.00406631926717
18 28 0.789574329733 0.000952029012375 0.176889588617 0.00356999342644
19 28 0.80715715378 0.00101139568516 -0.262352568388 0.00241085038124
20 28 0.802983410979 0.000675060111655 0.241165982119 0.00145547455437
21 28 0.780116902853 0.00101234754035 -0.117274099202 0.00231327884105
22 28 0.770780300713 0.000752064340199 -0.06447571071 0.00321487461252
23 28 0.793813696699 0.00082121649401 0.231765834682 0.00275746452339
24 28 0.821041999078 0.000804362777573 -0.312972240968 0.00133082225743
25 28 0.805270229093 0.000567422434411 0.266397215186 0.00134197084473
26 28 0.753130368918 0.000551045579852 -0.0946057079943 0.00207410042143
27 28 0.741859697059 0.000948995824652 -0.147164104223 0.00183215950312
28 28 0.829216851089 0.00100664984689 0.360311839426 0.000951301939512
29 28 0.945646001503 0.000458976330069 -0.472823000752 0.000229488165034
0 29 0.932118257576 0.000630006167646 -0.466059128788 0.000315003083823
1 29 0.818262766012 0.0013019169428 0.341408980599 0.00123992023599
2 29 0.754081584585 0.00133481010275 -0.130442932894 0.00236686441857
3 29 0.766979270545 0.000662868781867 -0.0910870177339 0.0028176962454
4 29 0.803430533716 0.000557203771863 0.241080331741 0.00230950181101
5 29 0.811211603637 0.000799396285137 -0.276624036215 0.00151846782143
6 29 0.792696548028 0.000965097459767 0.200336735762 0.00216458247263
7 29 0.778448785066 0.000965964016203 -0.0521339860152 0.00332221524855
8 29 0.784949851071 0.000701732390572 -0.105192254039 0.00307787511378
9 29 0.798053702962 0.000868671031974 0.20989486342 0.00165058071064
10 29 0.799980819568 0.00106772820722 -0.224443848563 0.00246094584496
11 29 0.789686321195 0.000836100843868 0.147502321322 0.00428430178278
12 29 0.78253549906 0.000463130271432 -0.0133114933808 0.00470532903114
13 29 0.78775780925 0.000918537433541 -0.122881881532 0.0036134670335
14 29 0.797198012556 0.000469176265651 0.206901803344 0.00182753076049
15 29 0.796953104066 0.00042656688681 -0.205778380771 0.00245488392594
16 29 0.787646476056 0.000854605241866 0.12004235273 0.00422547676425
17 29 0.783009522813 0.000906216196403 0.0162978160637 0.00470681233982
18 29 0.79084327096 0.000981827108106 -0.14870730271 0.00389514940965
19 29 0.801038609739 0.000821457466564 0.223551015538 0.00232431465805
20 29 0.79869622135 0.000549412795918 -0.207897918866 0.00172185270051
21 29 0.785835821844 0.000873880580919 0.103176297228 0.00293394382492
22 29 0.779766017421 0.000660799651056 0.0529334592652 0.00373866112449
23 29 0.793168199427 0.000607863363799 -0.199773862773 0.00305914929575
24 29 0.810337936674 0.000794942726414 0.275438590702 0.00120714061009
25 29 0.802115523304 0.000472252453736 -0.239637429193 0.00124858684352
26 29 0.766932385159 0.000622903112261 0.0895175649463 0.0023501614639
27 29 0.754493848241 0.000856529330069 0.13192849776 0.00228216998528
28 29 0.819032214662 0.00133812521323 -0.342408898673 0.00131763596334
29 29 0.932739483454 0.000662744365823 0.466369741727 0.000331372182912
