0 0.946943287382 0.000311375395363 1.8364658312e-05 2.10261238935e-05
1 0.830636852979 0.000782208724476 -1.46705400362e-05 7.09572715134e-05
2 0.738098406885 0.000654075416179 -3.54021775785e-05 0.000123701982556
3 0.746627299599 0.000129889594447 1.48992151454e-05 0.000139292698814
4 0.807690878314 0.000253818392542 5.44596652532e-05 0.000128195796867
5 0.830474653385 0.000329673762957 -9.81889469309e-05 0.000112510221651
6 0.796254519763 0.000825991501328 0.000144674906991 0.000117647403929
7 0.761415387853 0.000538012598516 -0.000114002726691 0.00011129295759
8 0.772733121274 0.000266290288157 2.15173599637e-05 6.81430014703e-05
9 0.80797698853 0.000425924091519 -1.1305203399e-05 6.81198645083e-05
10 0.815630028433 0.000562613350697 6.11430360512e-05 8.78190909496e-05
11 0.787891286132 0.000763732327157 -0.000101093261247 8.44568615316e-05
12 0.766518599709 0.000296703830243 0.000166454217115 9.37426610692e-05
13 0.781541997894 0.000469020910597 -0.000132988406307 9.10303662588e-05
14 0.809825325195 0.000393735460535 -2.23486457702e-05 6.1833423978e-05
15 0.809810960477 0.00044643569247 0.000139296464329 7.84494553059e-05
16 0.78150993249 0.000345514780289 -0.000128508745092 0.000105462684132
17 0.7665674597 0.00034480812508 3.7413323856e-05 8.24126178813e-05
18 0.787935119128 0.00077839166669 1.96086088342e-05 8.03837415751e-05
19 0.815610112351 0.000585400479492 -3.98084804316e-05 0.000117581497413
20 0.807966632219 0.000335594996182 5.83228532143e-05 0.00011963038258
21 0.772727255529 0.000258353695007 -7.95807347609e-05 0.000141670158419
22 0.761366982371 0.000398506720649 1.69353536692e-05 0.000136321670204
23 0.795981757448 0.000628931566135 5.5530108241e-05 9.02646154521e-05
24 0.830309986767 0.000394730947783 -5.62948449062e-05 4.07783012538e-05
25 0.807447058851 0.00018128638202 2.98099044955e-05 9.53518723467e-05
26 0.74639166946 0.000186116338705 2.42085000304e-05 0.000145964244739
27 0.73804532399 0.000601209117496 -6.29960233363e-05 0.000140728449047
28 0.83092201062 0.000617977055739 3.47949677962e-05 8.0936340297e-05
29 0.947149105269 0.000255142288251 -2.44406810303e-07 2.02379643961e-05
