# d | Cx(d) | CI_lower | CI_upper
1.000000000000000000e+00 2.022129804662885777e-01 1.225490443184204525e-02 9.424843520268871844e-03
1.414213562373095145e+00 1.914779808163551145e-01 1.395568624705362248e-02 9.529799995332433049e-03
2.000000000000000000e+00 1.979924385633270445e-01 1.564975425330814018e-02 1.099402646502833925e-02
2.236067977499789805e+00 1.800136525939928511e-01 1.529653434152489222e-02 9.588153749212374732e-03
2.828427124746190291e+00 1.699976370510397072e-01 1.577835538752364597e-02 1.428998109640833292e-02
3.000000000000000000e+00 1.746108560626519202e-01 9.758746961922803997e-03 1.531731028895491620e-02
3.162277660168379523e+00 1.614246706874306048e-01 1.394852221922163182e-02 9.497548534221494920e-03
3.605551275463989125e+00 1.614069673237915059e-01 1.086848501215231799e-02 1.102403456656766978e-02
4.000000000000000000e+00 1.506439823566477487e-01 1.869247637051038580e-02 1.787563957151860894e-02
4.123105625617660586e+00 1.543877336693972036e-01 1.794513757613946936e-02 1.066896310298953710e-02
4.242640687119284770e+00 1.634103622545426682e-01 2.222371050499594158e-02 8.909039003124868961e-03
4.472135954999579610e+00 1.515737240075614167e-01 1.280491493383739687e-02 1.525425330812857361e-02
5.000000000000000000e+00 1.454696272888863773e-01 1.252399627571029739e-02 9.128211494512317170e-03
5.099019513592784492e+00 1.525040957781978457e-01 1.017554295316108748e-02 1.621138416299100493e-02
5.385164807134503739e+00 1.397277882797731685e-01 1.724370510396976142e-02 1.360567107750471072e-02
5.656854249492380582e+00 1.156899810964083231e-01 1.489182944759505356e-02 1.949304767905901681e-02
5.830951894845300743e+00 1.462036186875506349e-01 9.965714285714272203e-03 1.422777207669453925e-02
6.000000000000000000e+00 1.435992438563327145e-01 1.437625708884690545e-02 1.309973534971645148e-02
6.082762530298219339e+00 1.294202898550724790e-01 1.370947279983199263e-02 9.581936567947924033e-03
6.324555320336759046e+00 1.369210775047259021e-01 1.004404536862005259e-02 1.239319470699434822e-02
6.403124237432848531e+00 1.373534971644612412e-01 1.101045998739760834e-02 2.038361688720857767e-02
6.708203932499369415e+00 1.466459627329192716e-01 1.514285714285715234e-02 1.254388333783418297e-02
7.000000000000000000e+00 1.227372400756143594e-01 1.735037177063640523e-02 1.728846880907376760e-02
7.071067811865475505e+00 1.383340910722404560e-01 1.726710535761290244e-02 1.172263884568450210e-02
7.211102550927978250e+00 1.325992438563327047e-01 1.835563957151858938e-02 1.722482671707625812e-02
7.280109889280518054e+00 1.220478890989287885e-01 1.410144927536230441e-02 1.994593572778828594e-02
7.615773105863908654e+00 1.423134395535151642e-01 1.766149968494012956e-02 1.802070393374746726e-02
7.810249675906653977e+00 1.394858223062382108e-01 1.545361058601135706e-02 1.470351606805295197e-02
8.000000000000000000e+00 1.207032136105860021e-01 1.921240075614365217e-02 1.929678638941401125e-02
8.062257748298549132e+00 1.339928586431421986e-01 1.097231674018063485e-02 1.327368199957992823e-02
8.246211251235321171e+00 1.303733459357278024e-01 2.950604914933839529e-02 1.532816635160685892e-02
8.485281374238569541e+00 1.416446124763705017e-01 1.867183364839319903e-02 3.143969754253306270e-02
8.544003745317530374e+00 1.235970834458547107e-01 2.425449635430731998e-02 8.993356737780178189e-03
8.602325267042626677e+00 1.301827347195967099e-01 1.509081285444233145e-02 1.428123503465661415e-02
8.944271909999159220e+00 1.282608695652174002e-01 1.915110270951482507e-02 2.022810333963453999e-02
9.000000000000000000e+00 1.573534971644612590e-01 2.256937618147453195e-02 2.625391304347829413e-02
9.055385138137417300e+00 1.436840999789960049e-01 3.169653434152487625e-02 1.272102499474908610e-02
9.219544457292887074e+00 1.194669187145557671e-01 1.989005671077503923e-02 1.583984877126655422e-02
9.433981132056603158e+00 1.328015122873345832e-01 2.059190926275990263e-02 1.730117202268433019e-02
9.486832980505138124e+00 1.563921145017553582e-01 2.213815825006754112e-02 1.676348906292193797e-02
9.848857801796103928e+00 1.278008821676118456e-01 1.718664146187776076e-02 2.642923755513551520e-02
9.899494936611665352e+00 1.032052089897080305e-01 1.795992438563327742e-02 2.290745641671920740e-02
1.000000000000000000e+01 1.402835538752362776e-01 2.116370510396975435e-02 1.401814744801513357e-02
1.029563014098700080e+01 1.367561436672967701e-01 3.100793950850658232e-02 1.450948960302458901e-02
1.063014581273464998e+01 1.266666666666666774e-01 2.994278512917455948e-02 1.788128544423445154e-02
1.081665382639196871e+01 1.389603024574669332e-01 2.253761814744803527e-02 2.947599243856333096e-02
1.131370849898476116e+01 5.051039697542532986e-02 4.147599243856332774e-02 2.991606805293006016e-02
1.140175425099137918e+01 1.282923755513547537e-01 3.403957151858852392e-02 3.407082545683681740e-02
1.204159457879229578e+01 5.599243856332702940e-02 3.893232514177694115e-02 4.645293005671080611e-02
1.272792206135785520e+01 3.009451795841210087e-02 6.801058601134216119e-02 7.366049149338375901e-02
