# d | Cx(d) | CI_lower | CI_upper
1.000000000000000000e+00 1.827076686844224807e-01 4.251283537514305433e-03 4.485965861246082875e-03
1.414213562373095145e+00 1.887781950092235483e-01 5.879366877246661183e-03 3.372670249529252651e-03
2.000000000000000000e+00 1.803171937315418971e-01 4.857344881357611444e-03 3.991487702797336112e-03
2.236067977499789805e+00 1.744668801952126980e-01 4.881228046296925971e-03 3.774783899881117843e-03
2.828427124746190291e+00 1.637518304123003754e-01 5.393181142177266851e-03 3.954552974595987314e-03
3.000000000000000000e+00 1.584572088324433803e-01 4.379343897762427718e-03 4.618400772796016351e-03
3.162277660168379523e+00 1.615181152430042733e-01 5.233486242043422498e-03 4.192764429345241517e-03
3.605551275463989125e+00 1.552423146569259227e-01 4.119021051250032484e-03 3.493361989678311907e-03
4.000000000000000000e+00 1.470223533235476554e-01 7.383826899316769943e-03 4.730074026097458306e-03
4.123105625617660586e+00 1.482137248851201072e-01 4.818193385666941220e-03 3.412915201456867553e-03
4.242640687119284770e+00 1.497181359017916158e-01 4.760537460199470994e-03 4.436749880265322687e-03
4.472135954999579610e+00 1.471607672536892897e-01 4.310798435232160442e-03 4.807287504972029835e-03
5.000000000000000000e+00 1.393666547528751853e-01 4.954104407999565529e-03 5.268690498137468259e-03
5.099019513592784492e+00 1.399289385446892409e-01 6.553896842186768268e-03 2.687931520677588892e-03
5.385164807134503739e+00 1.384081001024327073e-01 4.550427858875244480e-03 4.761812319378777580e-03
5.656854249492380582e+00 1.415162443224951827e-01 6.424094014356229732e-03 6.891750668120033563e-03
5.830951894845300743e+00 1.370712045470659779e-01 3.791409432557124592e-03 6.053072905221362765e-03
6.000000000000000000e+00 1.297199557181024088e-01 4.500151361017140639e-03 4.958750602804068430e-03
6.082762530298219339e+00 1.260326136058300961e-01 6.640550046718540766e-03 3.234034443822586535e-03
6.324555320336759046e+00 1.284710458254279541e-01 5.323151371577225510e-03 4.845631562644087120e-03
6.403124237432848531e+00 1.265967120632384146e-01 5.595396747732836462e-03 4.426097690043151456e-03
6.708203932499369415e+00 1.228734971384721902e-01 4.645377731224045736e-03 5.781880225663713069e-03
7.000000000000000000e+00 1.136024274083122093e-01 7.136610944692228786e-03 6.623788085189249997e-03
7.071067811865475505e+00 1.203055193391658895e-01 4.696103659082420667e-03 3.634050142335934486e-03
7.211102550927978250e+00 1.208881357016052399e-01 4.376947013083928861e-03 5.781361650750313497e-03
7.280109889280518054e+00 1.163889954673828636e-01 3.603495148820731742e-03 6.053974282707208499e-03
7.615773105863908654e+00 1.138764947738544059e-01 4.975281891037131032e-03 4.395664738867044452e-03
7.810249675906653977e+00 1.167231043792614081e-01 3.844455434740490229e-03 5.180520893100420965e-03
8.000000000000000000e+00 1.099092185899489260e-01 6.013164888468036651e-03 6.162304770688062372e-03
8.062257748298549132e+00 1.101948782873598681e-01 4.300581077682608111e-03 4.497953692915487856e-03
8.246211251235321171e+00 1.105125726444881745e-01 6.636674598453309870e-03 5.038696060037525792e-03
8.485281374238569541e+00 1.066887269482451051e-01 7.544079496214231573e-03 6.545290384351379331e-03
8.544003745317530374e+00 1.032011220829689713e-01 5.054819339814525803e-03 5.283004873221308628e-03
8.602325267042626677e+00 1.119590456981204019e-01 4.412887041267563037e-03 3.311429399472265445e-03
8.944271909999159220e+00 1.050098589995858145e-01 4.276139402323464456e-03 6.024881287202243918e-03
9.000000000000000000e+00 9.163765580504699970e-02 6.202556241177922813e-03 6.398698999257310116e-03
9.055385138137417300e+00 9.664107609469801963e-02 6.610839091505352205e-03 6.168313451066387287e-03
9.219544457292887074e+00 1.006663844781036932e-01 6.060577847083151171e-03 6.156194009623763841e-03
9.433981132056603158e+00 1.014073054570926724e-01 6.250456723069175435e-03 7.679913689019990386e-03
9.486832980505138124e+00 9.292296729948308631e-02 8.517858840011383048e-03 7.290818822873953997e-03
9.848857801796103928e+00 8.461007524637231825e-02 6.330228672470003537e-03 6.738797818054684252e-03
9.899494936611665352e+00 1.029761408885556534e-01 9.482630834390298746e-03 5.987959172418996778e-03
1.000000000000000000e+01 9.330229699143577360e-02 8.186017410036980357e-03 7.730007145648032374e-03
1.029563014098700080e+01 9.424616933425791765e-02 8.384231702037031608e-03 7.467026178415936410e-03
1.063014581273464998e+01 8.747156114222420786e-02 1.013299236037532025e-02 1.144181342231953558e-02
1.081665382639196871e+01 8.175584939930796713e-02 7.639243335715237282e-03 8.835276973061259587e-03
1.131370849898476116e+01 9.155669526099216582e-02 1.258908299863775726e-02 1.033952388160049030e-02
1.140175425099137918e+01 7.140895986821031716e-02 1.195652301450133431e-02 1.181998129694097899e-02
1.204159457879229578e+01 7.241788664819827359e-02 7.121518256602676900e-03 9.926237904318749306e-03
1.272792206135785520e+01 4.066331325746508352e-02 2.502370735931344625e-02 1.434205477860814315e-02
