# d | Cx(d) | CI_lower | CI_upper
1.000000000000000000e+00 1.643310657596372126e-01 8.159319727891189977e-03 8.249478458049852581e-03
1.414213562373095145e+00 1.587616528092718471e-01 6.623179642227250419e-03 1.245432098765431039e-02
2.000000000000000000e+00 1.410931122448979558e-01 9.601377551020390255e-03 1.011005102040821169e-02
2.236067977499789805e+00 1.382702664399092785e-01 1.474350907029477187e-02 9.775198412698443695e-03
2.828427124746190291e+00 1.140959821428571275e-01 1.203552295918366988e-02 1.113456632653062051e-02
3.000000000000000000e+00 1.186443148688046539e-01 1.298209912536439636e-02 1.108443148688047220e-02
3.162277660168379523e+00 1.227939747327502357e-01 8.935341755749906523e-03 8.554389374797563561e-03
3.605551275463989125e+00 1.172858965014577232e-01 1.050025510204080637e-02 1.187186588921283759e-02
4.000000000000000000e+00 1.159302721088435323e-01 1.100959183673469455e-02 1.143496598639458239e-02
4.123105625617660586e+00 1.032067271352985760e-01 9.687755102040826460e-03 1.275234315948602093e-02
4.242640687119284770e+00 1.077238650562265670e-01 1.278525614327363780e-02 9.634152436484827442e-03
4.472135954999579610e+00 1.174702380952380859e-01 1.368983843537414924e-02 5.024149659863960671e-03
5.000000000000000000e+00 1.111148339932988144e-01 7.970301553457209698e-03 1.330691440755407684e-02
5.099019513592784492e+00 1.016269841269841351e-01 9.378367346938795701e-03 6.985759637188213023e-03
5.385164807134503739e+00 9.953698979591837914e-02 1.175020408163267305e-02 1.138505102040816841e-02
5.656854249492380582e+00 9.036848072562359002e-02 1.704750566893424579e-02 9.309183673469390019e-03
5.830951894845300743e+00 9.770116618075801174e-02 9.308513119533512459e-03 1.195930029154522456e-02
6.000000000000000000e+00 8.152295918367347127e-02 1.236979591836734338e-02 1.329551020408163697e-02
6.082762530298219339e+00 9.416950113378684539e-02 1.473100907029478712e-02 8.785544217687082935e-03
6.324555320336759046e+00 9.540975765306122791e-02 1.357672193877551559e-02 1.090988520408162077e-02
6.403124237432848531e+00 1.051887755102040856e-01 1.142190476190477200e-02 1.353149659863948917e-02
6.708203932499369415e+00 9.111333819241983212e-02 1.351362973760933395e-02 1.137361516034984810e-02
7.000000000000000000e+00 6.636734693877550939e-02 1.442176870748299727e-02 1.104258503401360503e-02
7.071067811865475505e+00 8.973262722810643188e-02 1.494296047532937821e-02 4.153190390080094274e-03
7.211102550927978250e+00 9.348214285714284699e-02 9.975170068027200410e-03 8.959523809523819993e-03
7.280109889280518054e+00 8.842049319727890433e-02 8.278741496598629457e-03 1.045399659863949227e-02
7.615773105863908654e+00 7.943877551020406269e-02 1.342322643343049626e-02 1.338309037900876908e-02
7.810249675906653977e+00 9.129591836734693433e-02 8.353775510204081156e-03 1.211632653061224529e-02
8.000000000000000000e+00 7.042857142857142372e-02 1.755387755102040537e-02 1.074938775510204947e-02
8.062257748298549132e+00 7.777919501133787050e-02 9.375396825396828393e-03 9.157256235827707092e-03
8.246211251235321171e+00 5.132971938775510168e-02 1.373380102040817202e-02 1.356734693877550968e-02
8.485281374238569541e+00 8.834183673469388209e-02 1.641581632653060785e-02 1.729209183673470485e-02
8.544003745317530374e+00 4.939868804664723084e-02 1.562507288629737950e-02 1.992376093294461609e-02
8.602325267042626677e+00 6.414285714285714035e-02 2.252462585034013115e-02 1.417319727891157288e-02
8.944271909999159220e+00 7.051445578231292644e-02 1.625340136054422013e-02 1.263809523809525381e-02
9.000000000000000000e+00 7.201020408163263942e-02 2.405265306122447017e-02 1.820367346938778219e-02
9.055385138137417300e+00 7.210884353741495167e-02 1.658775510204081594e-02 1.074625850340138467e-02
9.219544457292887074e+00 7.464540816326530048e-02 1.629734693877550600e-02 9.297959183673487615e-03
9.433981132056603158e+00 6.303061224489794889e-02 1.161836734693875994e-02 1.622591836734696424e-02
9.486832980505138124e+00 6.528425655976675956e-02 1.658134110787172488e-02 1.983381924198253377e-02
9.848857801796103928e+00 1.969387755102040838e-02 2.249047619047619267e-02 2.483469387755104368e-02
9.899494936611665352e+00 6.356009070294785235e-02 2.842312925170068644e-02 2.058095238095239421e-02
1.000000000000000000e+01 6.699617346938775697e-02 2.056785714285714467e-02 1.004948979591836766e-02
1.029563014098700080e+01 5.172448979591837137e-02 1.755265306122449215e-02 1.847061224489797426e-02
1.063014581273464998e+01 3.188775510204081703e-02 2.050238095238095942e-02 1.528197278911563872e-02
1.081665382639196871e+01 2.957908163265306201e-02 2.228877551020408410e-02 1.216377551020407510e-02
1.131370849898476116e+01 3.614795918367347261e-02 3.627653061224490189e-02 3.019795918367348952e-02
1.140175425099137918e+01 3.569727891156462135e-02 2.900204081632653391e-02 1.859659863945579278e-02
1.204159457879229578e+01 6.614795918367347149e-02 2.782653061224489577e-02 2.258265306122451965e-02
1.272792206135785520e+01 8.642857142857143793e-02 5.129795918367349716e-02 7.010204081632667727e-02
