# d | Cx(d) | CI_lower | CI_upper
1.000000000000000000e+00 1.511809867735353363e-01 8.997753996564938905e-03 9.214955740520530680e-03
1.414213562373095145e+00 1.432728364071121918e-01 1.335023136934443411e-02 6.517976998445612624e-03
2.000000000000000000e+00 1.238059849385652056e-01 1.006097238736955446e-02 1.176753864447091513e-02
2.236067977499789805e+00 1.204712937273381274e-01 1.016252330412061033e-02 8.095576254018563289e-03
2.828427124746190291e+00 1.031530750429383025e-01 9.926592020081906331e-03 9.887452107279703917e-03
3.000000000000000000e+00 1.089594775682766192e-01 1.309302983975993429e-02 6.608685804880831682e-03
3.162277660168379523e+00 1.062678385310172752e-01 1.019157088122604748e-02 9.789639024676694001e-03
3.605551275463989125e+00 1.035904205122397809e-01 1.041640714946304169e-02 9.387633769322251132e-03
4.000000000000000000e+00 9.671026555687674275e-02 9.345047782622115107e-03 8.640991764654104568e-03
4.123105625617660586e+00 9.592550999936387546e-02 8.388627099817497212e-03 9.285242436253157705e-03
4.242640687119284770e+00 9.373626581032730443e-02 6.724421040711164865e-03 1.150584688889429164e-02
4.472135954999579610e+00 8.306772140749547895e-02 8.167167613511244761e-03 1.159777271326023484e-02
5.000000000000000000e+00 7.967495065299741441e-02 1.070266976650637025e-02 8.939882434833359981e-03
5.099019513592784492e+00 7.992762877820348832e-02 8.426623214574061049e-03 1.275879684678735138e-02
5.385164807134503739e+00 9.072862993790462016e-02 9.240817809486073786e-03 6.282269784647895317e-03
5.656854249492380582e+00 8.000653249365100028e-02 1.037191174527678228e-02 1.071028023663775364e-02
5.830951894845300743e+00 6.853424683389011673e-02 9.675594058471598258e-03 8.285676537757399873e-03
6.000000000000000000e+00 5.510140044920068536e-02 1.069302417756639451e-02 1.212016118377594320e-02
6.082762530298219339e+00 6.523135303357260883e-02 7.729958456276324330e-03 9.963740990296704458e-03
6.324555320336759046e+00 6.616627031311930751e-02 9.319964658475364538e-03 8.801938829435876355e-03
6.403124237432848531e+00 7.705223058968599381e-02 1.082309420002641742e-02 8.516889065046037710e-03
6.708203932499369415e+00 7.271436121019950183e-02 7.939527773059285032e-03 1.186923164033748535e-02
7.000000000000000000e+00 6.035583740696701810e-02 1.211758488571806208e-02 1.057735500066058626e-02
7.071067811865475505e+00 7.303608489658851288e-02 1.250082364608471469e-02 6.520032577920276129e-03
7.211102550927978250e+00 7.444565552472805214e-02 1.285038754569074737e-02 8.248667811688037421e-03
7.280109889280518054e+00 6.115542563967058670e-02 1.058445633505086803e-02 9.196833575549408224e-03
7.615773105863908654e+00 5.369489584709560837e-02 1.241089909341990677e-02 1.099484740388427528e-02
7.810249675906653977e+00 6.714559386973180388e-02 9.437310080591891637e-03 1.065662571013344107e-02
8.000000000000000000e+00 7.356652133703263374e-02 8.779891663363723064e-03 1.777117188532170711e-02
8.062257748298549132e+00 6.906552311328371940e-02 8.846354281352303284e-03 1.063677133336271563e-02
8.246211251235321171e+00 6.924833201215484235e-02 1.935840269520412021e-02 1.069560047562427563e-02
8.485281374238569541e+00 4.930060113621350520e-02 1.338106090632845691e-02 1.119698771304003526e-02
8.544003745317530374e+00 5.310193835758639930e-02 9.719910159862607535e-03 8.411565973991660949e-03
8.602325267042626677e+00 5.193112256132470517e-02 1.416312150438191197e-02 1.015114281939490104e-02
8.944271909999159220e+00 4.271535209406790434e-02 1.698672215616329334e-02 1.308572246443830134e-02
9.000000000000000000e+00 7.219579865239793282e-02 1.313277843836702097e-02 9.609988109393591271e-03
9.055385138137417300e+00 5.493166571248221663e-02 1.564378091924665398e-02 1.855800707564481122e-02
9.219544457292887074e+00 5.895759017043202682e-02 9.678293037389353037e-03 1.672433610780817842e-02
9.433981132056603158e+00 3.539767472585546304e-02 1.031523318800369945e-02 1.622116527942925324e-02
9.486832980505138124e+00 5.684370458448935459e-02 1.537908385708623010e-02 1.077892909046300474e-02
9.848857801796103928e+00 5.882547232131061371e-02 1.956863522261857724e-02 1.844453252301054419e-02
9.899494936611665352e+00 2.083058087814330592e-02 2.402078654159510440e-02 1.630187460548144715e-02
1.000000000000000000e+01 5.003137798916634099e-02 1.865784780023781869e-02 9.645924164354634234e-03
1.029563014098700080e+01 1.930902364909499805e-02 1.388135817148897395e-02 1.862571013343903084e-02
1.063014581273464998e+01 3.859492667459374360e-02 1.320650019817679044e-02 1.419209935262252809e-02
1.081665382639196871e+01 2.542442859030254534e-02 1.727275729951116209e-02 1.794523715153919022e-02
1.131370849898476116e+01 3.002378121284185464e-02 2.045844893645131640e-02 2.425551592020085134e-02
1.140175425099137918e+01 1.541374906416523478e-02 2.907077112784603803e-02 2.503236887303475489e-02
1.204159457879229578e+01 8.967499009116131764e-03 2.727969348659004326e-02 2.652199762187874496e-02
1.272792206135785520e+01 8.759413396749901604e-02 6.646584753600212614e-02 6.591887964063944394e-02
