0.0 0.0 0.0 0.0 0.0 0.0 0.0 0.0 0.0 0.0 0.0 0.0 0.0
1.0 0.05532335 0.00150215600755 0.0 0.0 0.0 0.0 0.05343162 0.00141982101793 0.0 0.0 0.055680145 0.00149552351317
2.0 0.05269659 0.0013716696869 0.00218169575 0.000110803245109 0.0 0.0 0.049670985 0.0012902181044 0.002235855 0.000107133292925 0.0529154125 0.00137809618259
3.0 0.0497756025 0.00128612050297 0.0043468505 0.00013279005788 5.719364935e-05 1.47179661844e-05 0.047545095 0.00122693498153 0.0042898375 0.000127832720337 0.049801025 0.00128541118727
4.0 0.0468661875 0.00121119091133 0.00621718525 0.000171472466162 0.000186949075 1.33667825007e-05 0.04543157 0.00117166332522 0.006214877 0.000169185312033 0.046762015 0.00120843560162
5.0 0.044577955 0.00114917739385 0.00804456625 0.000217558527429 0.0003688045 1.67370840455e-05 0.0433161775 0.0011184035463 0.0079695035 0.000214436133949 0.0446081325 0.00115331255468
6.0 0.04232537 0.00109364626997 0.00961331475 0.000257683533593 0.000638264125 2.20418422934e-05 0.041534575 0.00107117341317 0.00983562875 0.00026558794076 0.0421890925 0.00108978862953
7.0 0.040290705 0.00103899414702 0.011319555 0.000299109639232 0.00092936035 3.30824947662e-05 0.03950277 0.00101953693092 0.0112838675 0.000305449958518 0.0402634075 0.00103909055429
8.0 0.0382099525 0.000988100408813 0.0127632075 0.00033276572373 0.0012287593 3.84754005621e-05 0.0379042325 0.000977245943911 0.012721365 0.000334008680671 0.038207275 0.000986639964227
9.0 0.03640019 0.000938453629141 0.0141016825 0.000366688596452 0.0016168535 5.1717057732e-05 0.0360999675 0.000933387852343 0.014008235 0.000370227255029 0.0363754175 0.000937942517339
10.0 0.03476564 0.000895333636344 0.0153088525 0.000399363491086 0.00203887575 5.84642920342e-05 0.03452999 0.000893933362606 0.0152571 0.000397483018489 0.034652975 0.000895719560535
11.0 0.032908605 0.000850623111599 0.0164476775 0.000427865820306 0.002464732 7.6376363378e-05 0.03303384 0.000853286355471 0.0163488625 0.000426944513474 0.03296455 0.000851328043819
12.0 0.0313415575 0.000810851870146 0.0174809225 0.000459396295439 0.00297498875 8.43212090592e-05 0.0314671475 0.00081230570222 0.0175106025 0.000457419235963 0.031252005 0.000806115333623
13.0 0.0297430325 0.000769020242551 0.018450745 0.000482951344379 0.003446638 0.000100926033432 0.0300824175 0.000774891722965 0.0184295225 0.000480423266472 0.02978818 0.000771379639665
14.0 0.0283745925 0.000737207075529 0.019281475 0.000503999263084 0.003991506 0.000106044247055 0.0285247125 0.000739186545573 0.01923819 0.000501582260373 0.0282572325 0.000728917300402
15.0 0.02690473 0.000696905175237 0.0199784725 0.000520240319012 0.004633052 0.000128269512167 0.02710047 0.000701262870463 0.0198552175 0.000515696326786 0.02695121 0.000695185143941
16.0 0.02556963 0.000660548306568 0.02059926 0.000535591083048 0.005250264 0.00014120974908 0.025836915 0.00066837199568 0.020773265 0.000539157212368 0.0254745125 0.000659546502649
17.0 0.0241602825 0.000625190086139 0.021343775 0.000555410073103 0.005898237 0.000162934322153 0.0245907425 0.00063659466012 0.0211565575 0.000550073308621 0.0242932725 0.000628134369617
18.0 0.02285056 0.000593399095745 0.0219562125 0.000571712865232 0.006457803 0.000174224623572 0.023435905 0.000604337664688 0.021856795 0.000564732598669 0.022879025 0.000592563380736
19.0 0.02167559 0.000562328192404 0.022405585 0.000579574953268 0.0071595465 0.000192021542204 0.02212358 0.000574079540178 0.0220970625 0.000576507846942 0.02182652 0.000568362182111
20.0 0.0205876725 0.000532830296696 0.0227129275 0.000590497285171 0.007841093 0.000211226227398 0.0208828775 0.00053865413252 0.02291161 0.000594981943863 0.020482015 0.000532198285507
21.0 0.01931751 0.000501348986195 0.02278083 0.000593525233886 0.00846378475 0.000225430327477 0.019731895 0.000513248118184 0.02272321 0.00059136095602 0.019438485 0.000506753145634
22.0 0.0183188425 0.000473414490179 0.022952005 0.000598545965878 0.0091969055 0.000243147507769 0.0187639875 0.00048704308297 0.0231794525 0.000601873489518 0.0182220075 0.000474827903283
23.0 0.017431035 0.000454321782448 0.0230899125 0.000599031184285 0.00990656375 0.000261141465355 0.017560805 0.000459796079925 0.0232171 0.000602073041463 0.0174013875 0.000452330043861
24.0 0.0163774325 0.000428256577021 0.02334612 0.000606161208536 0.0106793275 0.000283237248112 0.016776445 0.000435088834106 0.0234582425 0.000606810440302 0.016292435 0.000425145366234
25.0 0.0153880375 0.000403275103049 0.02346869 0.00061081875247 0.011299935 0.000299213313338 0.015673855 0.000407036708874 0.023304435 0.000603980870797 0.015446795 0.000401631362758
26.0 0.0144665525 0.000378308860385 0.0232780025 0.000602989539311 0.0120664625 0.000319736367118 0.01486619 0.000385304641773 0.02361249 0.000610939851679 0.0144819625 0.000378131154812
27.0 0.0136916975 0.000360435395265 0.0233045975 0.000606366317517 0.01278447 0.000339725476695 0.0138516075 0.000366328366332 0.0233604975 0.000602411069503 0.0136430025 0.000356495548512
28.0 0.0127155325 0.00033582254058 0.0231667325 0.000601132902019 0.0135367375 0.000353683655311 0.0130598375 0.000341093106559 0.023244685 0.000602510844892 0.0128045775 0.000336472091053
29.0 0.01198401 0.000316297102559 0.0229606025 0.000596088721181 0.0142137675 0.000372646030546 0.012225095 0.000320811407835 0.02304798 0.000597582789911 0.0118851575 0.000310903680708
30.0 0.0111957175 0.000293511997983 0.022666355 0.000585663820575 0.014911185 0.000390852338315 0.0114764675 0.000299878197525 0.022830165 0.00059206603302 0.011133265 0.000294734848386
31.0 0.0104593665 0.000280068106656 0.0224513475 0.000580301202295 0.01546328 0.000406069849385 0.01080931775 0.000286399381002 0.02226135 0.000575087325688 0.010317938 0.000273678304744
32.0 0.0096109485 0.00025375233198 0.0221538675 0.000573383513558 0.016295645 0.000425871025257 0.0099535385 0.000258504666551 0.0221749225 0.000575635328978 0.00971945925 0.000256535930331
33.0 0.009062869 0.00024067342097 0.0217611325 0.000564701366487 0.0169920525 0.000445287270831 0.00934716375 0.00024756881948 0.0218364275 0.000566092656908 0.00908023875 0.000239385901203
34.0 0.008367242 0.000221443393172 0.0213448175 0.000553096904605 0.017632 0.000460909133989 0.00858447375 0.000227798883671 0.0214106375 0.000555912169572 0.0084151905 0.000223247978518
35.0 0.0077940185 0.000208911059887 0.0209757925 0.000542697618826 0.018221565 0.000474689006095 0.00818297725 0.000218272885621 0.0209089125 0.000542501679132 0.00774380425 0.00020729143768
36.0 0.00726767725 0.000197836028875 0.0203603725 0.000529906652302 0.018704595 0.000486039926092 0.00749835475 0.000198731864344 0.020493805 0.000529433571218 0.0071838505 0.000194593061959
37.0 0.00672526225 0.000181357179368 0.0199201025 0.000517309048897 0.0193214175 0.000500588966489 0.00691950525 0.000184702685978 0.0198770275 0.000516497405372 0.00658473325 0.000177870062656
38.0 0.0060250415 0.000161738418439 0.0193195175 0.000501616467225 0.0197903475 0.000515176911224 0.00634935875 0.000169979115894 0.0195209675 0.000505591932552 0.00610575275 0.000167874095329
39.0 0.005624475 0.00014821640657 0.0190147375 0.000495942938453 0.02051104 0.000534112566029 0.0058882705 0.000156987432718 0.018807355 0.000489579112212 0.00566104625 0.000153792479114
40.0 0.00529325425 0.000147406616218 0.0181299575 0.000476238026324 0.02088862 0.000542362514898 0.0054116265 0.000143157524133 0.0181815375 0.00047381604386 0.00519544525 0.000141805455385
41.0 0.00477285125 0.000129484994506 0.017662815 0.000461497759746 0.0213168 0.00055143989559 0.005032219 0.000135818696372 0.017652815 0.000460348654026 0.004755701 0.000132009093283
42.0 0.00430489225 0.000122332370729 0.01689993 0.000439950642048 0.021600855 0.000561227462821 0.0045051265 0.000124171888115 0.0170279425 0.000445598052519 0.004316715 0.000119012213509
43.0 0.00395071675 0.000114177789413 0.016405415 0.000428114054965 0.02193567 0.000567479162028 0.00422451825 0.000118232105983 0.016337775 0.000424213889836 0.00400378525 0.000109440933577
44.0 0.0035974715 0.000101620108929 0.01568639 0.000410635845754 0.02227883 0.00057847858392 0.003735207 0.000102336633148 0.0157332725 0.000411869210492 0.0036398515 0.000101859421896
45.0 0.00325312075 8.90181411822e-05 0.0152307625 0.000395778001078 0.02264856 0.000585667060149 0.00344849925 9.55574210487e-05 0.0151344125 0.000396570787634 0.0031930895 9.22910288546e-05
46.0 0.002930651 8.46731023141e-05 0.014285245 0.00037262418527 0.0227631725 0.000587641931912 0.0031316275 8.52227974373e-05 0.01442322 0.000378119213585 0.00290349725 8.31523140441e-05
47.0 0.00267369625 7.61273453747e-05 0.0137838925 0.000362743785937 0.02300139 0.00059559508285 0.00282821125 7.97576628785e-05 0.013666395 0.000357313365214 0.0026251025 7.64617095951e-05
48.0 0.00237818425 7.19699514415e-05 0.0130691875 0.00034413453599 0.0231480575 0.000602865718729 0.0025420675 7.20505024918e-05 0.0129852075 0.000342531643614 0.00238103 6.69055413184e-05
49.0 0.002097411 6.20820426024e-05 0.012328045 0.000323905811748 0.0232144875 0.000602264255807 0.0022597985 6.55452804268e-05 0.0122862675 0.000322232194419 0.0021020675 6.31288938802e-05
50.0 0.0018523385 5.98484937352e-05 0.01157148 0.000306315396203 0.023130005 0.000600963691637 0.002031675 6.01343011826e-05 0.0116970275 0.000306787634266 0.001906987 5.66998215495e-05
51.0 0.0016403505 4.71084870993e-05 0.010936402 0.000289658802398 0.02307698 0.000596571889989 0.00181354425 5.69665201258e-05 0.0108275375 0.000284694374425 0.00165504175 5.04917122431e-05
52.0 0.00145441925 4.56898051053e-05 0.0102073885 0.000274638815333 0.0230042925 0.000601121310002 0.00161303875 4.75977160196e-05 0.010262831 0.000272237336607 0.001462964 4.6427111038e-05
53.0 0.00128077745 4.0019367267e-05 0.00965103425 0.000259115693152 0.022664625 0.000589764304353 0.0013998785 3.99842588587e-05 0.00955556775 0.000249980813666 0.00125424925 3.85403600179e-05
54.0 0.001089250225 3.67418369649e-05 0.00883635625 0.000239268942281 0.02257112 0.000585665357479 0.001235895025 3.83417815363e-05 0.008944379 0.000236195016087 0.001118761575 3.40645063971e-05
55.0 0.000933553025 3.14469518961e-05 0.008347936 0.000224643990671 0.0220980275 0.00057116629045 0.001067083325 3.42909183141e-05 0.008215353 0.000218738767613 0.00097647375 3.27016540393e-05
56.0 0.0008150102 2.5518048072e-05 0.00752722325 0.000204986710855 0.02206868 0.000574743320114 0.0009418467 3.06170769697e-05 0.00753496025 0.00020072206386 0.000816824575 2.62364264004e-05
57.0 0.000694301875 2.3606130903e-05 0.006942099 0.000185687138061 0.02143388 0.000557666338945 0.0007829057 2.59553097368e-05 0.00686280875 0.000184312332053 0.000668311225 2.25354608524e-05
58.0 0.00055266035 1.95868028218e-05 0.00635261775 0.000172304374404 0.021044115 0.000547420265012 0.000680932175 2.52366307948e-05 0.0063322195 0.000171864827824 0.000588738275 2.02569666715e-05
59.0 0.00049507525 1.90095389853e-05 0.0057910375 0.000156680334268 0.0202797625 0.000533877251638 0.000565319175 2.09343898707e-05 0.00575387875 0.000154640366821 0.000476994425 1.71879479982e-05
60.0 0.000400989675 1.68412750033e-05 0.00515380475 0.000139867854874 0.01964216 0.000513992892271 0.0004763913 1.79426320748e-05 0.005150768 0.000141462837738 0.000408489825 1.45391171675e-05
61.0 0.00032518425 1.39712472967e-05 0.00461119 0.00013247755605 0.01897098 0.00049676135113 0.000388586875 1.4598351605e-05 0.0046287295 0.000129738982776 0.000320627 1.44856861889e-05
62.0 0.000270007675 1.3989743688e-05 0.0040717335 0.000113322193567 0.0180799575 0.000474863937677 0.0003162134 1.23247880633e-05 0.00412111175 0.000115295338252 0.000264621575 1.1111297186e-05
63.0 0.0002060247 9.02254035992e-06 0.00361994525 0.000105627489905 0.01724372 0.000452241055746 0.000270998675 9.63891222886e-06 0.00349957 9.58724155377e-05 0.000210706075 9.84140605804e-06
64.0 0.0001625097075 9.12229300524e-06 0.00309395125 8.89642639543e-05 0.0162934 0.000430355348327 0.000189490655 9.22467787218e-06 0.00311803525 8.51383621494e-05 0.0001703638775 9.35592811388e-06
65.0 0.000136386735 8.81876777791e-06 0.00270586975 7.78190482371e-05 0.0153334275 0.00040460425486 0.000153426725 7.380135735e-06 0.00266019525 7.83759387258e-05 0.00011820149 7.7336979282e-06
66.0 8.3544865e-05 5.2318280869e-06 0.00222871725 6.31617433028e-05 0.014289505 0.000377478305183 0.0001120671725 6.74578953597e-06 0.0022137055 6.41247808093e-05 9.7525825e-05 5.73761475394e-06
67.0 6.54134825e-05 5.1918863213e-06 0.001850622 5.78480009641e-05 0.0130835725 0.000343253742691 9.7341505e-05 7.41009857852e-06 0.0018351735 5.47473799461e-05 6.63450025e-05 4.26720110427e-06
68.0 5.001834575e-05 4.67167200507e-06 0.0014984555 4.36699309315e-05 0.01191054 0.000316311627598 7.1175655e-05 7.24365527794e-06 0.00145226675 4.3464512693e-05 4.88356825e-05 4.77301549783e-06
69.0 2.978312325e-05 3.28763518257e-06 0.001189854225 3.70303584431e-05 0.0107079375 0.000286172684771 4.44606475e-05 3.37845961127e-06 0.001159430425 3.73826238139e-05 2.73451052e-05 3.13050418927e-06
70.0 1.936078e-05 2.69293121423e-06 0.00087794325 2.74736275386e-05 0.00945335325 0.000255257735323 3.135711475e-05 3.51760025425e-06 0.000906157375 2.89763267067e-05 1.70470585e-05 2.14451472011e-06
71.0 1.19053152e-05 1.77025942008e-06 0.0006469043 2.43607635805e-05 0.00812324825 0.000212878475619 1.829122775e-05 2.43867651129e-06 0.000647702625 2.10072930866e-05 1.0016559325e-05 1.49419725106e-06
72.0 5.2167304e-06 1.3290167811e-06 0.00043184625 1.59260741395e-05 0.0067240125 0.000181021272944 8.619063875e-06 1.44782088078e-06 0.000431901275 1.71737104703e-05 8.7581581e-06 1.60641603134e-06
73.0 2.133852775e-06 8.14471490123e-07 0.00028221055 1.31374604827e-05 0.005390229 0.000146469572662 4.216589575e-06 1.01638890145e-06 0.000279833025 1.04780971485e-05 4.155902425e-06 1.72536580194e-06
74.0 4.61941025e-07 3.76488730396e-07 0.000155045265 7.89275905493e-06 0.00411337675 0.000112113635983 1.1940557e-06 6.25168703899e-07 0.00014323417 8.34450439233e-06 8.17722375e-07 4.95732644229e-07
75.0 0.0 0.0 5.9757555e-05 5.33904190345e-06 0.00264619425 7.20252256032e-05 4.2517825e-07 3.31391565939e-07 6.4704633e-05 5.76958341201e-06 8.815075e-09 8.815075e-09
76.0 0.0 0.0 7.048947725e-06 1.5773932649e-06 0.00131678725 4.10215070358e-05 0.0 0.0 7.25931515e-06 1.21992791322e-06 0.0 0.0
77.0 0.0 0.0 3.90515e-07 3.90515e-07 0.000312796575 1.3353057143e-05 0.0 0.0 1.181905e-06 8.62584709768e-07 0.0 0.0
78.0 0.0 0.0 0.0 0.0 1.986372425e-05 3.54755418741e-06 0.0 0.0 0.0 0.0 0.0 0.0
79.0 0.0 0.0 0.0 0.0 3.008349275e-06 2.07596804255e-06 0.0 0.0 0.0 0.0 0.0 0.0


# 0.247943439378 0.000864388880447
