0.0 0.0 0.0 0.0 0.0 0.0 0.0 0.0 0.0 0.0 0.0 0.0 0.0
1.0 0.04198455 0.00144263981798 0.0 0.0 0.0 0.0 0.0465149425 0.00145678143547 0.0 0.0 0.047160545 0.0014650480284
2.0 0.127497685 0.00410128861626 0.000262441475 1.58503568813e-05 0.0 0.0 0.1371784 0.00406843601917 0.00031381125 1.7211042671e-05 0.13820925 0.00406154052934
3.0 0.219535675 0.00635931367199 0.003292527 0.000180019798439 3.045455e-07 1.16118788107e-07 0.2259096 0.00623985812398 0.00390168925 0.000193468906241 0.2259402 0.00617641683384
4.0 0.243258275 0.00633706276598 0.01832689625 0.000923059149059 1.3005753e-05 1.90140906115e-06 0.239132575 0.00619040433747 0.0209894875 0.000961613781387 0.2377523 0.00613513850336
5.0 0.18450365 0.0050219484857 0.0610670875 0.00277108232615 0.0001816787825 1.73653867228e-05 0.174824475 0.00466668587807 0.0671489025 0.00273384706031 0.173455075 0.00464491886151
6.0 0.1000608675 0.00362922161141 0.133174845 0.00513975205185 0.00147379795 0.000119222550698 0.09402128 0.00312538849519 0.139955025 0.0048676629639 0.0937056825 0.00298796472235
7.0 0.04078373 0.00216596023192 0.19928875 0.00625357846518 0.007919404 0.000577421428263 0.0391969575 0.00180872155802 0.20041195 0.00586972078159 0.03969339 0.00167015893945
8.0 0.01304151675 0.00100534727883 0.212792125 0.00560633924646 0.028857455 0.0018497953177 0.01324552725 0.000880216222227 0.20732015 0.00541363958697 0.01371942425 0.000795997424944
9.0 0.00341500395 0.000367305372325 0.16818485 0.00500750036939 0.074375245 0.00401404271297 0.003796652425 0.000343491925614 0.16095505 0.00466567298042 0.004044957 0.000321100967745
10.0 0.0007465465625 0.000113836380525 0.101901325 0.00440033115005 0.1373182075 0.00584890857219 0.00093526885 0.000114571075417 0.0976732475 0.00380959937306 0.00100307395 0.000111916818877
11.0 0.00014536240025 3.27589569448e-05 0.04892056 0.00312590946381 0.1871617 0.00603693874826 0.0001960036875 3.06620759488e-05 0.04777469 0.00262350693214 0.0002418740125 4.10832027711e-05
12.0 2.32504075e-05 5.85952995535e-06 0.019123786 0.00175942071166 0.193645875 0.00526761687921 3.97361405e-05 8.11091661661e-06 0.01932460525 0.00150562079532 5.629656425e-05 1.5360535312e-05
13.0 3.37062825e-06 1.49979155558e-06 0.006305752275 0.000819226324628 0.15607905 0.0051780506737 6.71758025e-06 3.14853458045e-06 0.0065746685 0.000698380586123 1.3044811e-05 6.2768600024e-06
14.0 5.23358e-07 2.21690985805e-07 0.00179474921 0.000321691311642 0.1004072125 0.00485507369307 1.72168675e-06 1.052146373e-06 0.0019682593 0.000281911412514 4.07182975e-06 2.21952526132e-06
15.0 0.0 0.0 0.00044917756275 0.00010555293654 0.052686195 0.00375900206734 1.0468125e-07 7.3067721347e-08 0.000518381835 9.46783549034e-05 7.2811575e-07 5.93150198688e-07
16.0 0.0 0.0 9.60825395e-05 2.74533640141e-05 0.022919872 0.00236764872161 0.0 0.0 0.00012748137775 2.75897244439e-05 1.0502e-07 1.0502e-07
17.0 0.0 0.0 1.67928305e-05 5.12377244569e-06 0.008411396325 0.00121526914181 0.0 0.0 3.321636475e-05 8.99549871285e-06 0.0 0.0
18.0 0.0 0.0 2.1592005e-06 8.22551163927e-07 0.0026257586225 0.000496525334667 0.0 0.0 8.1751955e-06 2.68557490466e-06 0.0 0.0
19.0 0.0 0.0 1.0408175e-07 7.26482735831e-08 0.00072262008125 0.00016652037509 0.0 0.0 1.059091e-06 5.19891292466e-07 0.0 0.0
20.0 0.0 0.0 0.0 0.0 0.00016424418825 4.34000971548e-05 0.0 0.0 5.37565e-08 5.37565e-08 0.0 0.0
21.0 0.0 0.0 0.0 0.0 3.259864e-05 9.90116902457e-06 0.0 0.0 0.0 0.0 0.0 0.0
22.0 0.0 0.0 0.0 0.0 3.94829775e-06 1.9910127326e-06 0.0 0.0 0.0 0.0 0.0 0.0
23.0 0.0 0.0 0.0 0.0 5.28542e-07 3.12285692253e-07 0.0 0.0 0.0 0.0 0.0 0.0
24.0 0.0 0.0 0.0 0.0 0.0 0.0 0.0 0.0 0.0 0.0 0.0 0.0
25.0 0.0 0.0 0.0 0.0 0.0 0.0 0.0 0.0 0.0 0.0 0.0 0.0
26.0 0.0 0.0 0.0 0.0 0.0 0.0 0.0 0.0 0.0 0.0 0.0 0.0
27.0 0.0 0.0 0.0 0.0 0.0 0.0 0.0 0.0 0.0 0.0 0.0 0.0
28.0 0.0 0.0 0.0 0.0 0.0 0.0 0.0 0.0 0.0 0.0 0.0 0.0
29.0 0.0 0.0 0.0 0.0 0.0 0.0 0.0 0.0 0.0 0.0 0.0 0.0
30.0 0.0 0.0 0.0 0.0 0.0 0.0 0.0 0.0 0.0 0.0 0.0 0.0
31.0 0.0 0.0 0.0 0.0 0.0 0.0 0.0 0.0 0.0 0.0 0.0 0.0
32.0 0.0 0.0 0.0 0.0 0.0 0.0 0.0 0.0 0.0 0.0 0.0 0.0
33.0 0.0 0.0 0.0 0.0 0.0 0.0 0.0 0.0 0.0 0.0 0.0 0.0
34.0 0.0 0.0 0.0 0.0 0.0 0.0 0.0 0.0 0.0 0.0 0.0 0.0
35.0 0.0 0.0 0.0 0.0 0.0 0.0 0.0 0.0 0.0 0.0 0.0 0.0
36.0 0.0 0.0 0.0 0.0 0.0 0.0 0.0 0.0 0.0 0.0 0.0 0.0
37.0 0.0 0.0 0.0 0.0 0.0 0.0 0.0 0.0 0.0 0.0 0.0 0.0
38.0 0.0 0.0 0.0 0.0 0.0 0.0 0.0 0.0 0.0 0.0 0.0 0.0
39.0 0.0 0.0 0.0 0.0 0.0 0.0 0.0 0.0 0.0 0.0 0.0 0.0
40.0 0.0 0.0 0.0 0.0 0.0 0.0 0.0 0.0 0.0 0.0 0.0 0.0
41.0 0.0 0.0 0.0 0.0 0.0 0.0 0.0 0.0 0.0 0.0 0.0 0.0
42.0 0.0 0.0 0.0 0.0 0.0 0.0 0.0 0.0 0.0 0.0 0.0 0.0
43.0 0.0 0.0 0.0 0.0 0.0 0.0 0.0 0.0 0.0 0.0 0.0 0.0
44.0 0.0 0.0 0.0 0.0 0.0 0.0 0.0 0.0 0.0 0.0 0.0 0.0
45.0 0.0 0.0 0.0 0.0 0.0 0.0 0.0 0.0 0.0 0.0 0.0 0.0
46.0 0.0 0.0 0.0 0.0 0.0 0.0 0.0 0.0 0.0 0.0 0.0 0.0
47.0 0.0 0.0 0.0 0.0 0.0 0.0 0.0 0.0 0.0 0.0 0.0 0.0
48.0 0.0 0.0 0.0 0.0 0.0 0.0 0.0 0.0 0.0 0.0 0.0 0.0
49.0 0.0 0.0 0.0 0.0 0.0 0.0 0.0 0.0 0.0 0.0 0.0 0.0
50.0 0.0 0.0 0.0 0.0 0.0 0.0 0.0 0.0 0.0 0.0 0.0 0.0
51.0 0.0 0.0 0.0 0.0 0.0 0.0 0.0 0.0 0.0 0.0 0.0 0.0
52.0 0.0 0.0 0.0 0.0 0.0 0.0 0.0 0.0 0.0 0.0 0.0 0.0
53.0 0.0 0.0 0.0 0.0 0.0 0.0 0.0 0.0 0.0 0.0 0.0 0.0
54.0 0.0 0.0 0.0 0.0 0.0 0.0 0.0 0.0 0.0 0.0 0.0 0.0
55.0 0.0 0.0 0.0 0.0 0.0 0.0 0.0 0.0 0.0 0.0 0.0 0.0
56.0 0.0 0.0 0.0 0.0 0.0 0.0 0.0 0.0 0.0 0.0 0.0 0.0
57.0 0.0 0.0 0.0 0.0 0.0 0.0 0.0 0.0 0.0 0.0 0.0 0.0
58.0 0.0 0.0 0.0 0.0 0.0 0.0 0.0 0.0 0.0 0.0 0.0 0.0
59.0 0.0 0.0 0.0 0.0 0.0 0.0 0.0 0.0 0.0 0.0 0.0 0.0
60.0 0.0 0.0 0.0 0.0 0.0 0.0 0.0 0.0 0.0 0.0 0.0 0.0
61.0 0.0 0.0 0.0 0.0 0.0 0.0 0.0 0.0 0.0 0.0 0.0 0.0
62.0 0.0 0.0 0.0 0.0 0.0 0.0 0.0 0.0 0.0 0.0 0.0 0.0
63.0 0.0 0.0 0.0 0.0 0.0 0.0 0.0 0.0 0.0 0.0 0.0 0.0
64.0 0.0 0.0 0.0 0.0 0.0 0.0 0.0 0.0 0.0 0.0 0.0 0.0
65.0 0.0 0.0 0.0 0.0 0.0 0.0 0.0 0.0 0.0 0.0 0.0 0.0
66.0 0.0 0.0 0.0 0.0 0.0 0.0 0.0 0.0 0.0 0.0 0.0 0.0
67.0 0.0 0.0 0.0 0.0 0.0 0.0 0.0 0.0 0.0 0.0 0.0 0.0
68.0 0.0 0.0 0.0 0.0 0.0 0.0 0.0 0.0 0.0 0.0 0.0 0.0
69.0 0.0 0.0 0.0 0.0 0.0 0.0 0.0 0.0 0.0 0.0 0.0 0.0
70.0 0.0 0.0 0.0 0.0 0.0 0.0 0.0 0.0 0.0 0.0 0.0 0.0
71.0 0.0 0.0 0.0 0.0 0.0 0.0 0.0 0.0 0.0 0.0 0.0 0.0
72.0 0.0 0.0 0.0 0.0 0.0 0.0 0.0 0.0 0.0 0.0 0.0 0.0
73.0 0.0 0.0 0.0 0.0 0.0 0.0 0.0 0.0 0.0 0.0 0.0 0.0
74.0 0.0 0.0 0.0 0.0 0.0 0.0 0.0 0.0 0.0 0.0 0.0 0.0
75.0 0.0 0.0 0.0 0.0 0.0 0.0 0.0 0.0 0.0 0.0 0.0 0.0
76.0 0.0 0.0 0.0 0.0 0.0 0.0 0.0 0.0 0.0 0.0 0.0 0.0
77.0 0.0 0.0 0.0 0.0 0.0 0.0 0.0 0.0 0.0 0.0 0.0 0.0
78.0 0.0 0.0 0.0 0.0 0.0 0.0 0.0 0.0 0.0 0.0 0.0 0.0
79.0 0.0 0.0 0.0 0.0 0.0 0.0 0.0 0.0 0.0 0.0 0.0 0.0


# tau : 0.00959085268855 0.000540201456673
