0.0 0.0 0.0 0.0 0.0 0.0 0.0 0.0 0.0 0.0 0.0 0.0 0.0
1.0 0.4999364 0.0130838362737 0.0 0.0 0.0 0.0 0.04489893 0.00170099198605 0.0 0.0 0.49822155 0.0129375999858
2.0 0.20450845 0.00528864336452 0.02076081 0.000702191966647 0.0 0.0 0.0299921975 0.0010326649708 0.0205625425 0.000699502319417 0.204196475 0.00527117895609
3.0 0.103124115 0.00266842515788 0.02321955 0.000738313518024 0.01017448625 0.000365598116692 0.027040205 0.000866670513975 0.023250285 0.00076047504201 0.103520145 0.00270381543365
4.0 0.057234605 0.0015140738212 0.024289755 0.000761027106503 0.01561157 0.000529612860835 0.026043685 0.000807872111972 0.02430511 0.000765524046515 0.0579445275 0.00153697900385
5.0 0.034488845 0.000952284825571 0.0248679175 0.00077970430202 0.0188275975 0.000612793927606 0.025102195 0.000753075942096 0.024675615 0.000750408409327 0.0350801075 0.0009407781571
6.0 0.0218875375 0.000632715736337 0.024845825 0.000742511234705 0.020857035 0.000639120150571 0.02450023 0.000715752610707 0.0248183325 0.000753052124038 0.022359685 0.000638274338037
7.0 0.0144876225 0.000460387411617 0.0245874325 0.000735504176873 0.0222135875 0.000658146663173 0.02402164 0.000686711196824 0.0244547375 0.000725751453868 0.01500707 0.000465634784794
8.0 0.0100113345 0.000349499123297 0.0244386875 0.00071242315772 0.0228522 0.000677913317666 0.0235348075 0.000686833639567 0.0243027325 0.000722492340075 0.01044067175 0.000350071218292
9.0 0.00716933375 0.000288886376727 0.0240305975 0.000708283794278 0.023262345 0.000674107557146 0.0231947325 0.000666554390633 0.0239205375 0.000703744719657 0.00735892125 0.000278388511997
10.0 0.005222309 0.000231184310333 0.023719565 0.000701080011094 0.0232456125 0.000685116743815 0.02269944 0.000633721862601 0.0237718525 0.000706563717825 0.005271249 0.000231611479132
11.0 0.0038708565 0.000194175796896 0.02335125 0.000673420451158 0.023414055 0.000692814101828 0.0223863975 0.000626650291809 0.02336109 0.000669788277567 0.0039215145 0.000204633078907
12.0 0.00292747525 0.000179835889808 0.0229970625 0.000654276807223 0.023375575 0.000680522545141 0.0219565875 0.000608600380488 0.023031995 0.000657309115734 0.0029006515 0.000176327994721
13.0 0.0021832145 0.000157936983113 0.0225633425 0.000636364023493 0.02327322 0.00067449314794 0.0216756925 0.000616096663301 0.0226467325 0.000646159417809 0.002072351875 0.000141078307592
14.0 0.00171943835 0.000152585217437 0.0222854175 0.000633870969357 0.02299761 0.000674614445175 0.021272235 0.000602535932161 0.0222388575 0.000626962088831 0.001573939875 0.000129186538463
15.0 0.0013261372 0.000146753999543 0.02191823 0.000631173771932 0.022846055 0.000661991038914 0.020985985 0.000586938983086 0.0219097325 0.000610382987394 0.0011594507 0.000113567220908
16.0 0.001006062275 0.000137484204755 0.02149513 0.000615419615845 0.02251009 0.000639507582469 0.02070703 0.000577065308165 0.0214832175 0.000601473963041 0.0008602252 0.000104116076158
17.0 0.000804857125 0.000145927281696 0.0211126825 0.000607695882685 0.0221231225 0.000631658489516 0.020324235 0.000570375365457 0.0210645825 0.000581485055311 0.0006649692875 0.000100561734921
18.0 0.0006337421 0.00014243748408 0.020884365 0.000585051591978 0.0215774425 0.000604508127407 0.019992545 0.000550947713734 0.02080719 0.000581823674484 0.0005092873375 9.76955602062e-05
19.0 0.0005371827775 0.000149798257462 0.0201914025 0.000565010442013 0.02132955 0.00059015074428 0.0197157175 0.000538326846431 0.020444365 0.000575775849744 0.00041446758 9.5077454618e-05
20.0 0.000427763995 0.000142608969242 0.02002911 0.000555146504304 0.020854645 0.00058828134528 0.0193459275 0.000520476092643 0.0201195675 0.000555677778095 0.00034901096 9.25928404577e-05
21.0 0.0003322967275 0.000125408433167 0.01971577 0.000540586897391 0.0205239625 0.000571691870473 0.0189981125 0.000512176767052 0.01977253 0.000543246292956 0.00028155145125 9.14632350594e-05
22.0 0.00025983728625 0.000104847492894 0.0194349875 0.000531583148526 0.0200956825 0.000562293942222 0.018597255 0.00049795935402 0.0194455525 0.000536645059355 0.00020540563735 8.47894832554e-05
23.0 0.00021460499475 8.47684975315e-05 0.0191536975 0.00051389947924 0.019817415 0.000555850539847 0.018275 0.000498050625503 0.01918683 0.000523097023765 0.0001502507035 6.27856520461e-05
24.0 0.0001712938585 7.77729969974e-05 0.0186950025 0.000507921677254 0.0196865325 0.000542470394092 0.0181062075 0.000497841757469 0.01890494 0.000521809251778 0.000120353617 5.91849083115e-05
25.0 0.00011890616225 5.84982257743e-05 0.0185360025 0.000502479203684 0.0192898825 0.000541271478201 0.01757323 0.000493899207448 0.018727095 0.000506661145436 8.73430765e-05 4.69212053694e-05
26.0 9.2874944175e-05 4.51992861316e-05 0.0181151625 0.000498386141932 0.0191485525 0.00053301536722 0.017337525 0.000487718017453 0.0182546875 0.000499251847822 6.26412471e-05 3.5738359852e-05
27.0 7.3620395275e-05 3.84212865955e-05 0.0178349925 0.000482031360034 0.0186914125 0.000524519957067 0.0170056225 0.000488546901083 0.0179642525 0.000498363713296 5.4263661175e-05 3.25792356012e-05
28.0 5.88754075e-05 3.43718782322e-05 0.01748092 0.000486665690092 0.01851456 0.000511501337728 0.0163655125 0.000473867230312 0.01757905 0.000496468251096 4.9377121075e-05 3.27758726601e-05
29.0 4.741919805e-05 3.15798356573e-05 0.0168127225 0.000470260555267 0.018052905 0.00050706233447 0.0159875975 0.00047709007497 0.0170556725 0.000491442597412 4.43474265e-05 2.86610206609e-05
30.0 3.3822793e-05 2.36095037766e-05 0.0165309725 0.000474418884234 0.0176167925 0.000494560245706 0.015494915 0.000455415454657 0.0167481825 0.000475826211028 4.097164845e-05 3.18920671287e-05
31.0 2.925226025e-05 2.38375550005e-05 0.01607009 0.000463276788366 0.01729168 0.000491504122947 0.015084095 0.000452100913343 0.016383365 0.000473857356641 2.757672575e-05 2.37666556571e-05
32.0 1.9290025e-05 1.44861305719e-05 0.0157300825 0.000455533638684 0.01692854 0.000491329694583 0.01471889 0.000433196875178 0.0158264025 0.000459065842932 1.90283277e-05 1.74163130497e-05
33.0 7.8911518e-06 5.36909708833e-06 0.01534492 0.000446651353711 0.0163825425 0.000462450482864 0.0143819075 0.000430651240705 0.01541007 0.000446282551671 1.0279432425e-05 1.00087499264e-05
34.0 5.6175725e-06 3.69122368103e-06 0.0149425825 0.000435273678363 0.016122185 0.000459382068689 0.01399655 0.000427641365246 0.015039505 0.00043910576928 1.022062675e-05 9.5389460055e-06
35.0 6.95839775e-06 4.39929316091e-06 0.014681105 0.00043431144085 0.0156595525 0.00044613315629 0.013488555 0.00041571112062 0.014574905 0.00043469557311 2.81750175e-06 2.75297842926e-06
36.0 5.765405e-06 3.5267490775e-06 0.0141654725 0.000426225381483 0.01527972 0.000441547952113 0.0130806075 0.000419431407451 0.01407368 0.000430033699696 2.2198775e-06 1.95925661947e-06
37.0 3.533185e-06 2.31360518887e-06 0.01378716 0.000426578442343 0.0147927675 0.000440311782883 0.012805375 0.000390506442226 0.0137979425 0.000431514384597 1.95518425e-06 1.89099607529e-06
38.0 3.208505e-06 1.94818029745e-06 0.0134638425 0.000410379686246 0.0144235325 0.000444703380895 0.01245048 0.000374613778961 0.01340218 0.000408300128758 1.76790975e-06 1.61682142388e-06
39.0 2.362732e-06 1.91225443619e-06 0.0131611125 0.000408612919509 0.014009125 0.000427329430476 0.0119367855 0.000372891301764 0.0130832275 0.000388908335617 1.7089875e-07 1.41879855208e-07
40.0 3.0028845e-06 2.42730140692e-06 0.01254072125 0.000393029869489 0.0137120425 0.000411146643452 0.011692171 0.000370635059051 0.012503615 0.000388071052782 6.95425e-07 6.95425e-07
41.0 1.27976125e-06 1.11606582102e-06 0.01234590275 0.000388110796978 0.013206515 0.000412532727584 0.01123586075 0.000364142547499 0.0122892675 0.000377278201617 8.3451e-08 8.3451e-08
42.0 4.5190425e-07 3.32752530394e-07 0.011838032 0.000367145919787 0.01300121 0.000406165749651 0.010814711 0.000348178141296 0.011848237 0.000368154283405 3.33805e-07 3.33805e-07
43.0 2.6407425e-07 1.95361359527e-07 0.01142993575 0.000356442651668 0.012406724 0.000390543698775 0.01067229625 0.000341380181605 0.01132012425 0.000351311048266 2.7817e-08 2.7817e-08
44.0 1.963801e-07 1.74558014545e-07 0.011182017 0.000353428598739 0.0120500445 0.000363495827269 0.01024660125 0.000334862656595 0.0110399055 0.000343073055049 0.0 0.0
45.0 5.70483e-08 4.51698426644e-08 0.01086440175 0.000336291646331 0.011688716 0.000355047073043 0.00996567325 0.000339153326998 0.01066221625 0.000337707635272 0.0 0.0
46.0 0.0 0.0 0.01047029825 0.000341631352824 0.0113146455 0.000348058942896 0.00956394475 0.000322347009071 0.01037522 0.000345198401793 0.0 0.0
47.0 0.0 0.0 0.0101314605 0.00032776333304 0.0109258 0.000355635984849 0.00942486375 0.000311309513417 0.010064949 0.000330241446686 0.0 0.0
48.0 0.0 0.0 0.00995560175 0.000329894573669 0.010608249 0.000338067388872 0.00907170575 0.000303722398503 0.0097696265 0.00032089373757 0.0 0.0
49.0 0.0 0.0 0.009596738 0.000320380073822 0.0102340165 0.000328985672241 0.0087080845 0.000293342277486 0.00956539625 0.00032118314204 0.0 0.0
50.0 0.0 0.0 0.009300338 0.000315992308383 0.01005706525 0.000325955633114 0.00836348425 0.000284432556665 0.0093065035 0.000309675560095 0.0 0.0
51.0 0.0 0.0 0.00893329525 0.000302804955398 0.009792039 0.000319939458048 0.0080393775 0.000291067631018 0.00893424625 0.000297711363994 0.0 0.0
52.0 0.0 0.0 0.00856305775 0.000304073085935 0.0094940505 0.000319747039309 0.0075306215 0.000274086042534 0.00855266875 0.000295346631783 0.0 0.0
53.0 0.0 0.0 0.00819565075 0.000286857339372 0.00911609375 0.000314027898328 0.0071795975 0.000257643150985 0.0080558225 0.000285453491998 0.0 0.0
54.0 0.0 0.0 0.00777823675 0.000277930261955 0.00865370225 0.000301188714163 0.006753461 0.000239357749114 0.0077476575 0.000277836134152 0.0 0.0
55.0 0.0 0.0 0.0074380175 0.000266870205234 0.00832437325 0.0002931024091 0.006318275 0.000236578287788 0.007245889 0.000256757849286 0.0 0.0
56.0 0.0 0.0 0.006909629 0.000255848854756 0.00794811775 0.000267681369125 0.006029648 0.000226801328104 0.006833525 0.000257345910264 0.0 0.0
57.0 0.0 0.0 0.006536977 0.000241579636864 0.00747161375 0.000272741145193 0.0056187085 0.000230129407701 0.0065504155 0.000248767386806 0.0 0.0
58.0 0.0 0.0 0.00614951775 0.000235120149161 0.00714495975 0.000264978596729 0.0053379635 0.000209523392761 0.006116132 0.000234546223727 0.0 0.0
59.0 0.0 0.0 0.0058361485 0.000221598873567 0.0067021065 0.000251507866179 0.004924411 0.000215622490527 0.00577025575 0.000215275072353 0.0 0.0
60.0 0.0 0.0 0.00542331525 0.000227798912527 0.00630714625 0.000231325060993 0.00452384375 0.00017720051823 0.00549059225 0.000233062183069 0.0 0.0
61.0 0.0 0.0 0.00508107975 0.0002109444972 0.005978809 0.000241243599733 0.00407336975 0.000166846849746 0.00503230475 0.000202975250333 0.0 0.0
62.0 0.0 0.0 0.004687935 0.000188748358629 0.0055946445 0.00023151716071 0.00371998425 0.000152910495133 0.004601629 0.000192633788518 0.0 0.0
63.0 0.0 0.0 0.004273272 0.000175667069881 0.005221758 0.000215149537616 0.0034193635 0.000152458156359 0.00424990825 0.000173482023587 0.0 0.0
64.0 0.0 0.0 0.0039150195 0.000164980832863 0.00474899825 0.000190186140306 0.003005856 0.000138768770338 0.003919256 0.000158739367045 0.0 0.0
65.0 0.0 0.0 0.00348000525 0.000152137917127 0.00446171625 0.00017569214079 0.00270011225 0.00012742321074 0.0034923285 0.000150353268337 0.0 0.0
66.0 0.0 0.0 0.00310265 0.000141582709474 0.00400053825 0.000168729779303 0.002386666 0.000116687842352 0.003214815 0.000146370385984 0.0 0.0
67.0 0.0 0.0 0.002771076 0.000126751893586 0.00370069325 0.000158359247248 0.002031034475 0.000110612617905 0.0027724935 0.000133091087578 0.0 0.0
68.0 0.0 0.0 0.00242616625 0.00012167111341 0.0032674875 0.000142878968457 0.001784083025 0.00010129145284 0.0024612535 0.000122687627525 0.0 0.0
69.0 0.0 0.0 0.002093092325 0.00011728212777 0.0028143485 0.000136755316528 0.00142198865 8.2725635996e-05 0.002230562325 0.00011327682435 0.0 0.0
70.0 0.0 0.0 0.001790259375 9.89063245072e-05 0.0025644805 0.000128574049823 0.0011619532 6.9507648452e-05 0.0018432563 0.000103319678353 0.0 0.0
71.0 0.0 0.0 0.001494654075 8.53941296943e-05 0.002229426525 0.000117648157929 0.0008842765 5.78197468711e-05 0.00151673215 8.66904617852e-05 0.0 0.0
72.0 0.0 0.0 0.00117777955 7.40557889077e-05 0.001939957475 0.000107987907567 0.0005967793 4.00702178707e-05 0.0011837405 7.14306600803e-05 0.0 0.0
73.0 0.0 0.0 0.00084580395 4.81356532615e-05 0.00154854665 8.63898143265e-05 0.000374115325 3.20758271208e-05 0.0008569068 4.81833299026e-05 0.0 0.0
74.0 0.0 0.0 0.0005843732625 4.49740893932e-05 0.001163194375 6.39303096386e-05 0.00017791506 1.90666814585e-05 0.000564488555 3.96605653418e-05 0.0 0.0
75.0 0.0 0.0 0.000307922395 2.48247266786e-05 0.000860693925 5.5206039957e-05 0.00011679467775 1.98418701541e-05 0.0003187015875 2.57272583678e-05 0.0 0.0
76.0 0.0 0.0 0.00018659799575 2.40591526416e-05 0.000528239975 3.60204164526e-05 3.936755925e-05 9.03980203061e-06 0.000192167935 2.22143319078e-05 0.0 0.0
77.0 0.0 0.0 7.8860050975e-05 1.42523439945e-05 0.00032032016475 3.03601755741e-05 1.639377125e-05 5.4267274969e-06 7.718578775e-05 1.36045531574e-05 0.0 0.0
78.0 0.0 0.0 3.9431543e-05 1.07776585427e-05 0.000148923715 1.86166956508e-05 0.0 0.0 3.0841666525e-05 8.64031502555e-06 0.0 0.0
79.0 0.0 0.0 0.0 0.0 7.48500575e-05 1.62645106502e-05 0.0 0.0 0.0 0.0 0.0 0.0


#  tau : 0.88421197466 0.000744905636729
