0.00125	-0.00748429	0.000105748
0.00375	-0.0214725	0.000171684
0.00625	-0.035458	0.000112603
0.00875	-0.0494356	0.000128942
0.01125	-0.0628447	0.000134857
0.01375	-0.0762498	0.000101519
0.01625	-0.089627	0.00010501
0.01875	-0.10272	0.000167741
0.02125	-0.115893	0.000131515
0.02375	-0.128575	0.000152405
0.02625	-0.141594	0.000111809
0.02875	-0.154357	0.00012429
0.03125	-0.166998	0.00016175
0.03375	-0.179262	0.000140512
0.03625	-0.191649	0.000146587
0.03875	-0.203787	0.000164741
0.04125	-0.215836	0.000183098
0.04375	-0.228387	0.000160949
0.04625	-0.240332	7.2416e-05
0.04875	-0.252288	0.000206736
0.05125	-0.264379	0.000119178
0.05375	-0.276043	0.000210933
0.05625	-0.28782	0.000206001
0.05875	-0.29955	0.000186835
0.06125	-0.311302	0.000153948
0.06375	-0.322487	0.000161237
0.06625	-0.334127	0.000171077
0.06875	-0.345556	0.000124914
0.07125	-0.357027	0.000185224
0.07375	-0.368197	9.52382e-05
0.07625	-0.379499	0.000143395
0.07875	-0.390566	9.95328e-05
0.08125	-0.401804	0.000171224
0.08375	-0.412484	0.00017329
0.08625	-0.423856	0.000174204
0.08875	-0.43498	0.000128564
0.09125	-0.445644	0.00018035
0.09375	-0.456544	0.000199576
0.09625	-0.467402	0.00011531
0.09875	-0.477958	9.61442e-05
0.10125	-0.488574	0.000150181
0.10375	-0.49941	0.000178377
0.10625	-0.509715	0.000206403
0.10875	-0.520513	0.000189085
0.11125	-0.530932	0.000117649
0.11375	-0.54124	0.000144039
0.11625	-0.551395	0.000159028
0.11875	-0.561943	0.000141388
0.12125	-0.572034	0.000159503
0.12375	-0.58271	0.000191625
0.12625	-0.592475	0.000188245
0.12875	-0.602793	0.000145218
0.13125	-0.612781	0.000193064
0.13375	-0.623173	0.000205535
0.13625	-0.632943	0.00014296
0.13875	-0.643233	0.000206617
0.14125	-0.653037	0.000232458
0.14375	-0.662871	0.000126118
0.14625	-0.672733	0.000132845
0.14875	-0.682656	0.000235668
0.15125	-0.692619	0.000225566
0.15375	-0.702284	0.000258692
0.15625	-0.711854	0.000185754
0.15875	-0.721513	0.000126838
0.16125	-0.73159	0.000259887
0.16375	-0.740392	0.000235375
0.16625	-0.7505	0.000137255
0.16875	-0.759736	0.000184001
0.17125	-0.768984	0.00029141
0.17375	-0.778766	0.000168483
0.17625	-0.78811	0.000192176
0.17875	-0.797998	0.000253979
0.18125	-0.806675	0.000207364
0.18375	-0.816046	0.000150306
0.18625	-0.825344	0.000306765
0.18875	-0.834546	0.000175506
0.19125	-0.843911	0.000216037
0.19375	-0.853288	0.000184999
0.19625	-0.861806	0.000311298
0.19875	-0.871202	0.000256215
0.20125	-0.880459	0.000217584
0.20375	-0.889352	0.000338276
0.20625	-0.898423	0.000308017
0.20875	-0.907348	0.000268159
0.21125	-0.916332	0.000159604
0.21375	-0.92489	0.000215604
0.21625	-0.933649	0.000373823
0.21875	-0.942799	0.000307974
0.22125	-0.951056	0.00020964
0.22375	-0.960421	0.000287407
0.22625	-0.968899	0.000262916
0.22875	-0.977818	0.000326117
0.23125	-0.986515	0.00013299
0.23375	-0.995355	0.00024289
0.23625	-1.004	0.000194814
0.23875	-1.01246	0.000368807
0.24125	-1.02078	0.000318853
0.24375	-1.02942	0.000321237
0.24625	-1.03758	0.000224641
0.24875	-1.0464	0.000330978
0.25125	-1.05516	0.000400601
0.25375	-1.06313	0.000287455
0.25625	-1.07172	0.000384279
0.25875	-1.08003	0.000324319
0.26125	-1.08854	0.000178716
0.26375	-1.09704	0.000352786
0.26625	-1.10457	0.00028886
0.26875	-1.1133	0.000362432
0.27125	-1.12194	0.000225378
0.27375	-1.12954	0.000429251
0.27625	-1.13759	0.000303136
0.27875	-1.14606	0.000333226
0.28125	-1.15452	0.000229608
0.28375	-1.16244	0.000352741
0.28625	-1.1704	0.000299989
0.28875	-1.17872	0.000209925
0.29125	-1.18643	0.000333769
0.29375	-1.1943	0.000481079
0.29625	-1.20214	0.000419374
0.29875	-1.2104	0.000478402
0.30125	-1.21865	0.000441724
0.30375	-1.22615	0.000329921
0.30625	-1.23382	0.000333724
0.30875	-1.24224	0.000395365
0.31125	-1.25013	0.000242425
0.31375	-1.25781	0.000358752
0.31625	-1.26496	0.000394909
0.31875	-1.27271	0.000270442
0.32125	-1.28123	0.000377121
0.32375	-1.28884	0.000317823
0.32625	-1.29704	0.000406835
0.32875	-1.30396	0.000469437
0.33125	-1.31176	0.000214048
0.33375	-1.3192	0.000403211
0.33625	-1.32698	0.000488971
0.33875	-1.33404	0.000510318
0.34125	-1.34181	0.000545968
0.34375	-1.3495	0.000295133
0.34625	-1.357	0.000302808
0.34875	-1.36478	0.000444225
0.35125	-1.37213	0.000408184
0.35375	-1.37948	0.000368287
0.35625	-1.38703	0.000370386
0.35875	-1.39478	0.000342721
0.36125	-1.40179	0.00020298
0.36375	-1.40914	0.000485291
0.36625	-1.41635	0.00029428
0.36875	-1.42361	0.000400029
0.37125	-1.43088	0.000418033
0.37375	-1.43866	0.000462096
0.37625	-1.44595	0.000441725
0.37875	-1.45329	0.000409032
0.38125	-1.46021	0.000429601
0.38375	-1.46756	0.000324178
0.38625	-1.47505	0.000427313
0.38875	-1.48128	0.000497902
0.39125	-1.48923	0.000529323
0.39375	-1.49602	0.000440545
0.39625	-1.50327	0.000382226
0.39875	-1.51012	0.000508696
0.40125	-1.51746	0.000461452
0.40375	-1.52441	0.000349751
0.40625	-1.53094	0.000526568
0.40875	-1.53837	0.000564971
0.41125	-1.5454	0.000499995
0.41375	-1.55243	0.000311652
0.41625	-1.55912	0.000550344
0.41875	-1.56622	0.00056885
0.42125	-1.57284	0.000435958
0.42375	-1.58024	0.000534352
0.42625	-1.58665	0.000477093
0.42875	-1.59368	0.000391653
0.43125	-1.60042	0.000378725
0.43375	-1.60771	0.000384759
0.43625	-1.61369	0.000647762
0.43875	-1.6207	0.000549669
0.44125	-1.62768	0.000538765
0.44375	-1.6347	0.000510259
0.44625	-1.64141	0.000473576
0.44875	-1.6483	0.000500556
0.45125	-1.65476	0.000575831
0.45375	-1.66152	0.000443355
0.45625	-1.66835	0.000617541
0.45875	-1.6743	0.000648221
0.46125	-1.68109	0.000684201
0.46375	-1.68924	0.000446584
0.46625	-1.69523	0.000584891
0.46875	-1.70051	0.000562547
0.47125	-1.70772	0.000532995
0.47375	-1.71449	0.000666488
0.47625	-1.72074	0.00049718
0.47875	-1.72735	0.000569218
0.48125	-1.73448	0.000648722
0.48375	-1.74079	0.000540055
0.48625	-1.7472	0.000755035
0.48875	-1.75367	0.000721522
0.49125	-1.76005	0.000503991
0.49375	-1.76658	0.000443169
0.49625	-1.77315	0.000405246
0.49875	-1.77942	0.000749467
0.50125	-1.78566	0.000652213
0.50375	-1.79184	0.000490278
0.50625	-1.79824	0.000518501
0.50875	-1.80476	0.000602332
0.51125	-1.81083	0.000811785
0.51375	-1.81728	0.000589305
0.51625	-1.82331	0.000743693
0.51875	-1.83023	0.000541798
0.52125	-1.83684	0.000568668
0.52375	-1.84247	0.000743574
0.52625	-1.84844	0.000729624
0.52875	-1.85519	0.00079512
0.53125	-1.86178	0.000627092
0.53375	-1.86767	0.000693556
0.53625	-1.87402	0.000685635
0.53875	-1.87995	0.00066487
0.54125	-1.88646	0.000698466
0.54375	-1.89208	0.000689885
0.54625	-1.89832	0.000831975
0.54875	-1.90415	0.000591283
0.55125	-1.91072	0.0006709
0.55375	-1.91661	0.000722726
0.55625	-1.92269	0.000749595
0.55875	-1.92873	0.000513172
0.56125	-1.93442	0.000740355
0.56375	-1.94074	0.000759354
0.56625	-1.94646	0.00082024
0.56875	-1.95254	0.000885573
0.57125	-1.95852	0.000787993
0.57375	-1.96484	0.000770815
0.57625	-1.97063	0.000812502
0.57875	-1.97571	0.000776153
0.58125	-1.98296	0.000666284
0.58375	-1.98897	0.00089586
0.58625	-1.99422	0.000744184
0.58875	-1.99984	0.000838506
0.59125	-2.00635	0.000938679
0.59375	-2.01239	0.000809603
0.59625	-2.01806	0.00068762
0.59875	-2.02373	0.000621989
0.60125	-2.02992	0.000756874
0.60375	-2.03545	0.000654114
0.60625	-2.04103	0.00092714
0.60875	-2.0466	0.000771871
0.61125	-2.0533	0.000876718
0.61375	-2.05872	0.000935964
0.61625	-2.06495	0.000759723
0.61875	-2.07023	0.000704208
0.62125	-2.07545	0.000661015
0.62375	-2.08139	0.000762762
0.62625	-2.08765	0.000853168
0.62875	-2.09319	0.000848856
0.63125	-2.09961	0.000787773
0.63375	-2.1042	0.0008027
0.63625	-2.11035	0.00108351
0.63875	-2.11618	0.000821199
0.64125	-2.1217	0.00081442
0.64375	-2.12788	0.000616989
0.64625	-2.13272	0.000712114
0.64875	-2.13787	0.00103102
0.65125	-2.14394	0.000933217
0.65375	-2.14992	0.000984067
0.65625	-2.15486	0.00090577
0.65875	-2.16101	0.000844114
0.66125	-2.16556	0.000888591
0.66375	-2.17183	0.000756291
0.66625	-2.17774	0.000883698
0.66875	-2.18189	0.00104664
0.67125	-2.18847	0.00102691
0.67375	-2.19465	0.000857391
0.67625	-2.19967	0.000896549
0.67875	-2.20477	0.000768847
0.68125	-2.20959	0.000824378
0.68375	-2.21635	0.00115326
0.68625	-2.22228	0.000739615
0.68875	-2.22711	0.00129828
0.69125	-2.23211	0.00077347
0.69375	-2.23824	0.00072235
0.69625	-2.24335	0.00116291
0.69875	-2.24884	0.00067812
0.70125	-2.25412	0.000957443
0.70375	-2.25918	0.000759458
0.70625	-2.26495	0.00104153
0.70875	-2.27028	0.00099231
0.71125	-2.27528	0.000801055
0.71375	-2.28103	0.000912102
0.71625	-2.28578	0.000951103
0.71875	-2.29133	0.000942203
0.72125	-2.29708	0.00113964
0.72375	-2.3023	0.00102976
0.72625	-2.30729	0.00111989
0.72875	-2.31246	0.00117938
0.73125	-2.31827	0.00090068
0.73375	-2.32318	0.000990285
0.73625	-2.3285	0.00112724
0.73875	-2.33373	0.000954186
0.74125	-2.33922	0.00109142
0.74375	-2.34503	0.00081803
0.74625	-2.34978	0.000892028
0.74875	-2.35512	0.000916796
0.75125	-2.35983	0.00125474
0.75375	-2.36533	0.00102803
0.75625	-2.37066	0.000969282
0.75875	-2.37509	0.00119328
0.76125	-2.38148	0.00116975
0.76375	-2.38549	0.00101937
0.76625	-2.39168	0.00110239
0.76875	-2.39567	0.000968516
0.77125	-2.4014	0.00106759
0.77375	-2.40619	0.00106115
0.77625	-2.41164	0.00129173
0.77875	-2.41607	0.00119476
0.78125	-2.42117	0.00110126
0.78375	-2.42699	0.00128765
0.78625	-2.43239	0.0010375
0.78875	-2.43678	0.000935237
0.79125	-2.44223	0.00147831
0.79375	-2.44746	0.00125858
0.79625	-2.45255	0.00136959
0.79875	-2.45741	0.00110733
0.80125	-2.46237	0.00113583
0.80375	-2.46771	0.00109671
0.80625	-2.47224	0.00115105
0.80875	-2.47801	0.00149432
0.81125	-2.48191	0.00124693
0.81375	-2.48732	0.00100955
0.81625	-2.49255	0.00125214
0.81875	-2.49818	0.00116501
0.82125	-2.50228	0.000983271
0.82375	-2.50725	0.00108153
0.82625	-2.51284	0.00123307
0.82875	-2.5175	0.00131993
0.83125	-2.52221	0.00136117
0.83375	-2.52717	0.00120824
0.83625	-2.53127	0.00108161
0.83875	-2.5371	0.00138707
0.84125	-2.54211	0.00111626
0.84375	-2.54633	0.00140531
0.84625	-2.55137	0.000941356
0.84875	-2.55554	0.00122237
0.85125	-2.56082	0.0011473
0.85375	-2.56583	0.00132061
0.85625	-2.57143	0.00140257
0.85875	-2.57641	0.00111356
0.86125	-2.58068	0.00130552
0.86375	-2.58566	0.00125357
0.86625	-2.59059	0.00126989
0.86875	-2.59597	0.00120467
0.87125	-2.59973	0.00129738
0.87375	-2.60476	0.00143395
0.87625	-2.60907	0.00144847
0.87875	-2.61484	0.00127063
0.88125	-2.61981	0.00141908
0.88375	-2.62429	0.00121195
0.88625	-2.62864	0.00120075
0.88875	-2.63364	0.00135259
0.89125	-2.63916	0.00102902
0.89375	-2.64354	0.00152884
0.89625	-2.64878	0.00150369
0.89875	-2.65264	0.00159726
0.90125	-2.65782	0.00152587
0.90375	-2.66316	0.00122365
0.90625	-2.66763	0.000972175
0.90875	-2.67214	0.00139588
0.91125	-2.67693	0.00144372
0.91375	-2.68127	0.00153665
0.91625	-2.68598	0.00146279
0.91875	-2.69097	0.00147655
0.92125	-2.69572	0.00131761
0.92375	-2.70028	0.00159246
0.92625	-2.70485	0.00167943
0.92875	-2.70895	0.00113118
0.93125	-2.71397	0.00156212
0.93375	-2.71898	0.00135258
0.93625	-2.7224	0.00167094
0.93875	-2.72743	0.00155736
0.94125	-2.73229	0.00136984
0.94375	-2.73755	0.00135248
0.94625	-2.74214	0.00155162
0.94875	-2.74598	0.00173422
0.95125	-2.75071	0.00156334
0.95375	-2.75574	0.00144793
0.95625	-2.75992	0.00121135
0.95875	-2.76463	0.0013932
0.96125	-2.76972	0.0018482
0.96375	-2.77409	0.00153307
0.96625	-2.77913	0.00112988
0.96875	-2.78269	0.00160159
0.97125	-2.78819	0.00160325
0.97375	-2.79308	0.00131038
0.97625	-2.79756	0.00149539
0.97875	-2.80197	0.00138667
0.98125	-2.80659	0.00141779
0.98375	-2.81111	0.00175798
0.98625	-2.81525	0.0012358
0.98875	-2.8203	0.00127685
0.99125	-2.82517	0.00177941
0.99375	-2.82795	0.00143998
0.99625	-2.83409	0.00150245
0.99875	-2.83854	0.00133046
1.00125	-2.84279	0.00170776
1.00375	-2.84679	0.00140495
1.00625	-2.85187	0.00156958
1.00875	-2.85546	0.00203148
1.01125	-2.86072	0.00107727
1.01375	-2.86484	0.00157614
1.01625	-2.86991	0.00135005
1.01875	-2.87372	0.00172933
1.02125	-2.8786	0.00142766
1.02375	-2.88218	0.00159478
1.02625	-2.88772	0.00145403
1.02875	-2.89156	0.00160402
1.03125	-2.89557	0.00173162
1.03375	-2.90032	0.00157025
1.03625	-2.90597	0.00160798
1.03875	-2.9098	0.00163055
1.04125	-2.91429	0.00159636
1.04375	-2.91809	0.00192933
1.04625	-2.92248	0.00120533
1.04875	-2.92729	0.001486
1.05125	-2.93181	0.0014949
1.05375	-2.93579	0.00181376
1.05625	-2.94029	0.00177872
1.05875	-2.94542	0.00122858
1.06125	-2.94834	0.00187705
1.06375	-2.95337	0.00169235
1.06625	-2.9574	0.00192522
1.06875	-2.96142	0.00138281
1.07125	-2.96714	0.00182548
1.07375	-2.97066	0.00163794
1.07625	-2.97458	0.00177624
1.07875	-2.98116	0.00171337
1.08125	-2.98411	0.00129875
1.08375	-2.98941	0.00155692
1.08625	-2.9926	0.0018994
1.08875	-2.99752	0.00182663
1.09125	-3.00204	0.00181252
1.09375	-3.00551	0.0015525
1.09625	-3.00996	0.00207656
1.09875	-3.01398	0.00207346
1.10125	-3.01847	0.00159507
1.10375	-3.02357	0.00138714
1.10625	-3.02614	0.00204302
1.10875	-3.03116	0.00156116
1.11125	-3.0358	0.00216139
1.11375	-3.04148	0.00167893
1.11625	-3.04368	0.00204486
1.11875	-3.04829	0.00195377
1.12125	-3.05255	0.00185274
1.12375	-3.05652	0.00153098
1.12625	-3.06062	0.00203761
1.12875	-3.06548	0.0015709
1.13125	-3.06915	0.00186671
1.13375	-3.07359	0.00172256
1.13625	-3.07851	0.00187411
1.13875	-3.08354	0.00170619
1.14125	-3.08572	0.00197684
1.14375	-3.09138	0.00168215
1.14625	-3.09434	0.00171543
1.14875	-3.09971	0.00173931
1.15125	-3.10377	0.0015245
1.15375	-3.10744	0.00206708
1.15625	-3.11267	0.00195111
1.15875	-3.11587	0.00182144
1.16125	-3.1202	0.00199928
1.16375	-3.12479	0.00185865
1.16625	-3.12917	0.00191421
1.16875	-3.13271	0.00187643
1.17125	-3.13812	0.00157516
1.17375	-3.14135	0.00195989
1.17625	-3.14639	0.00175415
1.17875	-3.14988	0.0021231
1.18125	-3.15337	0.00182499
1.18375	-3.15839	0.00208665
1.18625	-3.16354	0.00178056
1.18875	-3.16704	0.00180672
1.19125	-3.16993	0.00196105
1.19375	-3.17514	0.00200922
1.19625	-3.17985	0.00176332
1.19875	-3.18272	0.00170852
1.20125	-3.1874	0.00220648
1.20375	-3.19149	0.00181148
1.20625	-3.19505	0.00205502
1.20875	-3.19875	0.00200004
1.21125	-3.20471	0.00243117
1.21375	-3.20882	0.00181321
1.21625	-3.21132	0.00241931
1.21875	-3.21643	0.00227127
1.22125	-3.2207	0.00190771
1.22375	-3.22405	0.00208369
1.22625	-3.22804	0.00214396
1.22875	-3.23234	0.00217423
1.23125	-3.23721	0.0021781
1.23375	-3.24117	0.0016292
1.23625	-3.24486	0.00201697
1.23875	-3.24847	0.00189959
1.24125	-3.25264	0.00241425
1.24375	-3.25695	0.00208442
1.24625	-3.26201	0.00186358
1.24875	-3.26559	0.00198149
1.25125	-3.26784	0.00225271
1.25375	-3.27226	0.00213557
1.25625	-3.27701	0.00211305
1.25875	-3.28354	0.00200028
1.26125	-3.2866	0.00202348
1.26375	-3.29017	0.00166169
1.26625	-3.29333	0.00210899
1.26875	-3.29789	0.00209841
1.27125	-3.30242	0.00231678
1.27375	-3.30619	0.00237082
1.27625	-3.31153	0.00232874
1.27875	-3.31357	0.0019976
1.28125	-3.31835	0.00228328
1.28375	-3.32208	0.00225224
1.28625	-3.32649	0.00223736
1.28875	-3.33097	0.00228187
1.29125	-3.33501	0.00205318
1.29375	-3.33871	0.00227983
1.29625	-3.34298	0.00186119
1.29875	-3.34573	0.00171169
1.30125	-3.35074	0.00216804
1.30375	-3.35334	0.0018672
1.30625	-3.35817	0.0021662
1.30875	-3.36207	0.002357
1.31125	-3.3667	0.00245334
1.31375	-3.37112	0.00183351
1.31625	-3.374	0.00253816
1.31875	-3.37762	0.00188149
1.32125	-3.38302	0.00185634
1.32375	-3.38715	0.00231767
1.32625	-3.39039	0.00183762
1.32875	-3.39522	0.00227566
1.33125	-3.39794	0.00190183
1.33375	-3.4033	0.00234331
1.33625	-3.40621	0.0018419
1.33875	-3.4096	0.00202931
1.34125	-3.41432	0.0020201
1.34375	-3.41765	0.00219868
1.34625	-3.42273	0.00239115
1.34875	-3.42444	0.00261801
1.35125	-3.43024	0.00217049
1.35375	-3.43407	0.00236837
1.35625	-3.43811	0.0023273
1.35875	-3.44173	0.00208787
1.36125	-3.44672	0.00235586
1.36375	-3.45046	0.00225899
1.36625	-3.45436	0.00242093
1.36875	-3.45856	0.00216119
1.37125	-3.46162	0.0024295
1.37375	-3.46497	0.00196729
1.37625	-3.4683	0.00269645
1.37875	-3.47365	0.00235562
1.38125	-3.47713	0.00207403
1.38375	-3.48238	0.00194428
1.38625	-3.48534	0.00223995
1.38875	-3.4883	0.00247811
1.39125	-3.49249	0.00216034
1.39375	-3.49647	0.0024372
1.39625	-3.50102	0.0023985
1.39875	-3.50442	0.0021869
1.40125	-3.50933	0.00239706
1.40375	-3.51236	0.00277939
1.40625	-3.51722	0.00232483
1.40875	-3.52121	0.00185483
1.41125	-3.52346	0.00240036
1.41375	-3.52807	0.00245432
1.41625	-3.53223	0.00200934
1.41875	-3.53541	0.00246569
1.42125	-3.54099	0.00261729
1.42375	-3.54275	0.00271935
1.42625	-3.54798	0.00242158
1.42875	-3.55231	0.00251391
1.43125	-3.55602	0.00223083
1.43375	-3.55972	0.00275225
1.43625	-3.56304	0.00291081
1.43875	-3.56684	0.00242443
1.44125	-3.57172	0.00261583
1.44375	-3.5755	0.00259077
1.44625	-3.57927	0.0019962
1.44875	-3.58144	0.00246303
1.45125	-3.58774	0.00249969
1.45375	-3.59212	0.00224938
1.45625	-3.59317	0.00263789
1.45875	-3.59786	0.00269987
1.46125	-3.60123	0.00275597
1.46375	-3.60557	0.00239435
1.46625	-3.60889	0.00254443
1.46875	-3.61508	0.00235846
1.47125	-3.6174	0.00277515
1.47375	-3.6213	0.00220899
1.47625	-3.62545	0.00195479
1.47875	-3.62832	0.00212453
1.48125	-3.63315	0.00216004
1.48375	-3.63549	0.00254261
1.48625	-3.6393	0.00281689
1.48875	-3.64515	0.00248396
1.49125	-3.64843	0.00243808
1.49375	-3.65123	0.00288888
1.49625	-3.65522	0.00260465
1.49875	-3.65873	0.00241699
1.50125	-3.66314	0.00241013
1.50375	-3.66603	0.00201738
1.50625	-3.67047	0.0028584
1.50875	-3.67535	0.002797
1.51125	-3.6782	0.00277198
1.51375	-3.68195	0.00237843
1.51625	-3.68577	0.00302219
1.51875	-3.6889	0.0021139
1.52125	-3.6936	0.0026824
1.52375	-3.69595	0.00281185
1.52625	-3.70224	0.00237713
1.52875	-3.70589	0.00243542
1.53125	-3.71127	0.00289796
1.53375	-3.71245	0.00275555
1.53625	-3.71665	0.0024966
1.53875	-3.71977	0.00233446
1.54125	-3.72333	0.00255452
1.54375	-3.72574	0.00259629
1.54625	-3.73115	0.00259186
1.54875	-3.73555	0.00250994
1.55125	-3.73977	0.00248459
1.55375	-3.74251	0.00287255
1.55625	-3.74758	0.00281525
1.55875	-3.75135	0.00252282
1.56125	-3.75509	0.00272269
1.56375	-3.75726	0.00302446
1.56625	-3.76179	0.00249072
1.56875	-3.76627	0.002181
1.57125	-3.76908	0.00266888
1.57375	-3.7724	0.00310556
1.57625	-3.77668	0.00250414
1.57875	-3.77992	0.00267758
1.58125	-3.78186	0.00284247
1.58375	-3.78753	0.00192944
1.58625	-3.79242	0.00311496
1.58875	-3.79429	0.00298995
1.59125	-3.79847	0.00232935
1.59375	-3.80343	0.0029471
1.59625	-3.80713	0.00291453
1.59875	-3.80993	0.00279457
1.60125	-3.81529	0.00269486
1.60375	-3.81711	0.00305927
1.60625	-3.82148	0.00277661
1.60875	-3.82592	0.00300199
1.61125	-3.82915	0.00255427
1.61375	-3.83246	0.00319935
1.61625	-3.83752	0.0032007
1.61875	-3.83914	0.00294629
1.62125	-3.84478	0.00255698
1.62375	-3.84569	0.0030878
1.62625	-3.85097	0.00340827
1.62875	-3.85511	0.00303972
1.63125	-3.85926	0.00341351
1.63375	-3.86397	0.00305853
1.63625	-3.86757	0.00248631
1.63875	-3.86943	0.00298429
1.64125	-3.87525	0.00262617
1.64375	-3.87754	0.00252213
1.64625	-3.88142	0.00223871
1.64875	-3.88518	0.00292077
1.65125	-3.88925	0.00274172
1.65375	-3.89258	0.00275069
1.65625	-3.89548	0.00323146
1.65875	-3.90041	0.0033468
1.66125	-3.9054	0.00294111
1.66375	-3.90684	0.00245603
1.66625	-3.9119	0.00306625
1.66875	-3.91532	0.00344485
1.67125	-3.9192	0.00334306
1.67375	-3.92235	0.00339136
1.67625	-3.92529	0.00339331
1.67875	-3.9295	0.00283354
1.68125	-3.93333	0.00306003
1.68375	-3.93739	0.0029777
1.68625	-3.93993	0.00303357
1.68875	-3.94492	0.00287969
1.69125	-3.94896	0.00231948
1.69375	-3.95334	0.00309305
1.69625	-3.95637	0.00339022
1.69875	-3.95789	0.00332298
1.70125	-3.96241	0.00311015
1.70375	-3.96584	0.00278226
1.70625	-3.96963	0.0033347
1.70875	-3.97267	0.00294971
1.71125	-3.97702	0.00342603
1.71375	-3.98154	0.00278311
1.71625	-3.98455	0.00314501
1.71875	-3.98914	0.00311307
1.72125	-3.99188	0.00342268
1.72375	-3.99743	0.00340263
1.72625	-3.9982	0.00254378
1.72875	-4.00222	0.00317995
1.73125	-4.009	0.00340343
1.73375	-4.01154	0.00336881
1.73625	-4.01387	0.00337317
1.73875	-4.01806	0.00283506
1.74125	-4.02144	0.0031378
1.74375	-4.02599	0.00322997
1.74625	-4.02874	0.00324625
1.74875	-4.0327	0.00257371
1.75125	-4.03553	0.00228996
1.75375	-4.0385	0.00290627
1.75625	-4.04167	0.00282427
1.75875	-4.04775	0.00393793
1.76125	-4.05182	0.00260789
1.76375	-4.05199	0.00299395
1.76625	-4.05672	0.00309099
1.76875	-4.06309	0.00335342
1.77125	-4.06568	0.00268562
1.77375	-4.06938	0.00320443
1.77625	-4.07143	0.00336393
1.77875	-4.07553	0.00328822
1.78125	-4.07975	0.00336195
1.78375	-4.08372	0.00326041
1.78625	-4.08706	0.00285243
1.78875	-4.09182	0.00316755
1.79125	-4.09666	0.00303892
1.79375	-4.0973	0.0030981
1.79625	-4.10058	0.00352286
1.79875	-4.10654	0.00289149
1.80125	-4.11008	0.00290888
1.80375	-4.1103	0.00275914
1.80625	-4.11704	0.00345514
1.80875	-4.12058	0.00327993
1.81125	-4.12262	0.00302043
1.81375	-4.12847	0.00319382
1.81625	-4.13037	0.00311335
1.81875	-4.13337	0.0036283
1.82125	-4.13728	0.00372018
1.82375	-4.13983	0.00339051
1.82625	-4.14548	0.00324825
1.82875	-4.14857	0.00359255
1.83125	-4.15287	0.0026817
1.83375	-4.15486	0.00346478
1.83625	-4.15896	0.00404053
1.83875	-4.16513	0.00291442
1.84125	-4.16645	0.00314561
1.84375	-4.17035	0.00292627
1.84625	-4.17454	0.00296436
1.84875	-4.17764	0.00335756
1.85125	-4.18261	0.00310679
1.85375	-4.18588	0.00347449
1.85625	-4.18797	0.00333663
1.85875	-4.19366	0.0034581
1.86125	-4.19493	0.0034376
1.86375	-4.19971	0.00314714
1.86625	-4.20084	0.0032317
1.86875	-4.20575	0.00360679
1.87125	-4.21167	0.00380915
1.87375	-4.21486	0.0033375
1.87625	-4.21923	0.0034891
1.87875	-4.22453	0.0028604
1.88125	-4.22517	0.00316163
1.88375	-4.2291	0.0028344
1.88625	-4.23363	0.00326829
1.88875	-4.23428	0.00352721
1.89125	-4.23878	0.00372034
1.89375	-4.24296	0.00370825
1.89625	-4.24841	0.00381794
1.89875	-4.25115	0.00377232
1.90125	-4.25441	0.00393957
1.90375	-4.25999	0.00276978
1.90625	-4.26043	0.00322763
1.90875	-4.26445	0.00354485
1.91125	-4.26783	0.00390491
1.91375	-4.27234	0.00312657
1.91625	-4.27454	0.00395961
1.91875	-4.27924	0.00348867
1.92125	-4.28365	0.00340292
1.92375	-4.28751	0.00382717
1.92625	-4.28966	0.00427384
1.92875	-4.29513	0.0042929
1.93125	-4.29569	0.00440024
1.93375	-4.29999	0.00285041
1.93625	-4.30627	0.00317681
1.93875	-4.30599	0.00371956
1.94125	-4.30953	0.00334257
1.94375	-4.31552	0.00353201
1.94625	-4.31666	0.00322493
1.94875	-4.32274	0.00296992
1.95125	-4.32682	0.0036324
1.95375	-4.33165	0.00365833
1.95625	-4.3303	0.0031834
1.95875	-4.33731	0.00324979
1.96125	-4.33937	0.00415457
1.96375	-4.34154	0.00352133
1.96625	-4.3471	0.00335898
1.96875	-4.35054	0.00367252
1.97125	-4.35274	0.00358152
1.97375	-4.35716	0.00361594
1.97625	-4.36181	0.00363387
1.97875	-4.36478	0.00407711
1.98125	-4.36651	0.00394631
1.98375	-4.37204	0.00366837
1.98625	-4.37704	0.0044438
1.98875	-4.37798	0.0045289
1.99125	-4.38608	0.00384146
1.99375	-4.38398	0.00352975
1.99625	-4.38994	0.00358726
1.99875	-4.3929	0.00449634
2.00125	-4.39481	0.00427202
2.00375	-4.40099	0.00317253
2.00625	-4.4016	0.00355868
2.00875	-4.40984	0.0034812
2.01125	-4.40951	0.00363152
2.01375	-4.41387	0.00425239
2.01625	-4.41726	0.00332317
2.01875	-4.42151	0.00398772
2.02125	-4.42653	0.00365492
2.02375	-4.42826	0.00379027
2.02625	-4.43096	0.00448441
2.02875	-4.43569	0.00377724
2.03125	-4.43881	0.00430808
2.03375	-4.44484	0.00348936
2.03625	-4.4472	0.00392422
2.03875	-4.45135	0.0027488
2.04125	-4.45444	0.00425771
2.04375	-4.45979	0.00327295
2.04625	-4.46051	0.00343451
2.04875	-4.46317	0.00433011
2.05125	-4.46652	0.00458678
2.05375	-4.47071	0.00434656
2.05625	-4.47515	0.00413924
2.05875	-4.47835	0.0036329
2.06125	-4.48148	0.00333819
2.06375	-4.48679	0.00287163
2.06625	-4.48913	0.00373775
2.06875	-4.49117	0.00386997
2.07125	-4.49585	0.00365628
2.07375	-4.49922	0.00388255
2.07625	-4.50232	0.00393093
2.07875	-4.50658	0.00396897
2.08125	-4.51108	0.0038668
2.08375	-4.51289	0.00395448
2.08625	-4.51487	0.00342143
2.08875	-4.5193	0.00401922
2.09125	-4.52483	0.00459429
2.09375	-4.52882	0.00413761
2.09625	-4.53016	0.00425123
2.09875	-4.53483	0.00348487
2.10125	-4.53707	0.00415447
2.10375	-4.54164	0.00336817
2.10625	-4.54517	0.00413116
2.10875	-4.55044	0.00410776
2.11125	-4.55131	0.00368185
2.11375	-4.55418	0.00417516
2.11625	-4.55961	0.00363016
2.11875	-4.56516	0.00341003
2.12125	-4.56795	0.00335416
2.12375	-4.568	0.00479842
2.12625	-4.57412	0.00373804
2.12875	-4.57717	0.00363306
2.13125	-4.58131	0.00484571
2.13375	-4.58416	0.00405651
2.13625	-4.58815	0.00453862
2.13875	-4.59348	0.00445713
2.14125	-4.59296	0.00370435
2.14375	-4.59747	0.00430602
2.14625	-4.60202	0.00407198
2.14875	-4.60399	0.00420942
2.15125	-4.6109	0.0042904
2.15375	-4.61212	0.0047454
2.15625	-4.61636	0.00396574
2.15875	-4.61831	0.00451685
2.16125	-4.62388	0.00361492
2.16375	-4.62895	0.00475751
2.16625	-4.62939	0.0048519
2.16875	-4.6364	0.00364361
2.17125	-4.63713	0.00407548
2.17375	-4.64077	0.00414181
2.17625	-4.64531	0.00372252
2.17875	-4.64851	0.0043831
2.18125	-4.64965	0.00469892
2.18375	-4.65185	0.00369807
2.18625	-4.65801	0.00399929
2.18875	-4.66402	0.00452576
2.19125	-4.6655	0.00419261
2.19375	-4.66849	0.00461236
2.19625	-4.67171	0.00460886
2.19875	-4.6752	0.00400754
2.20125	-4.68103	0.00435654
2.20375	-4.68451	0.00487239
2.20625	-4.6851	0.00350081
2.20875	-4.68791	0.00488646
2.21125	-4.69621	0.00376254
2.21375	-4.69563	0.00347219
2.21625	-4.69797	0.00407422
2.21875	-4.70396	0.00409396
2.22125	-4.7087	0.00394528
2.22375	-4.71401	0.00415588
2.22625	-4.7126	0.00470229
2.22875	-4.71827	0.00277521
2.23125	-4.72372	0.00392053
2.23375	-4.72458	0.00427378
2.23625	-4.72861	0.00398013
2.23875	-4.7331	0.00405147
2.24125	-4.73364	0.00471197
2.24375	-4.73807	0.00368841
2.24625	-4.74297	0.00391783
2.24875	-4.74541	0.00369567
2.25125	-4.74801	0.00438075
2.25375	-4.75327	0.00414313
2.25625	-4.75617	0.00445634
2.25875	-4.75959	0.00427181
2.26125	-4.76409	0.00401602
2.26375	-4.76766	0.00441598
2.26625	-4.77162	0.00379995
2.26875	-4.77245	0.00471018
2.27125	-4.77699	0.00463664
2.27375	-4.77998	0.00487985
2.27625	-4.78373	0.00435828
2.27875	-4.78952	0.00411705
2.28125	-4.7916	0.00412314
2.28375	-4.79255	0.00404691
2.28625	-4.79655	0.00428626
2.28875	-4.79998	0.00485751
2.29125	-4.80339	0.00473379
2.29375	-4.80878	0.00397267
2.29625	-4.81513	0.00410871
2.29875	-4.81482	0.00419394
2.30125	-4.81994	0.00524011
2.30375	-4.81959	0.00485651
2.30625	-4.82612	0.00375709
2.30875	-4.82913	0.00446477
2.31125	-4.83216	0.00397807
2.31375	-4.83635	0.00446479
2.31625	-4.84179	0.00500304
2.31875	-4.84375	0.00458398
2.32125	-4.84785	0.00448288
2.32375	-4.85338	0.00417812
2.32625	-4.8536	0.00506478
2.32875	-4.85575	0.00425627
2.33125	-4.861	0.0038977
2.33375	-4.86307	0.00492287
2.33625	-4.8675	0.00436831
2.33875	-4.87028	0.00459131
2.34125	-4.87714	0.00526104
2.34375	-4.87966	0.00482178
2.34625	-4.88581	0.00458535
2.34875	-4.88765	0.00464934
2.35125	-4.88791	0.00542738
2.35375	-4.89329	0.00508025
2.35625	-4.89598	0.00366789
2.35875	-4.90085	0.00411133
2.36125	-4.90145	0.0044927
2.36375	-4.90729	0.00464107
2.36625	-4.91067	0.00357439
2.36875	-4.91345	0.00466011
2.37125	-4.91462	0.00478606
2.37375	-4.92003	0.00470354
2.37625	-4.92193	0.0050208
2.37875	-4.92464	0.00429736
2.38125	-4.93269	0.00494582
2.38375	-4.93274	0.00476003
2.38625	-4.93829	0.00452336
2.38875	-4.9409	0.00493804
2.39125	-4.94508	0.00479828
2.39375	-4.95039	0.00407117
2.39625	-4.94962	0.00382177
2.39875	-4.95482	0.00406353
2.40125	-4.95839	0.00510068
2.40375	-4.9612	0.00453914
2.40625	-4.96482	0.00505972
2.40875	-4.96808	0.00420427
2.41125	-4.97129	0.00578278
2.41375	-4.97517	0.00482146
2.41625	-4.97494	0.00488728
2.41875	-4.98138	0.0040943
2.42125	-4.98579	0.00478908
2.42375	-4.98927	0.00448454
2.42625	-4.99243	0.00468821
2.42875	-4.99474	0.0045937
2.43125	-4.99934	0.00474844
2.43375	-5.00208	0.00535744
2.43625	-5.00611	0.00468926
2.43875	-5.01196	0.0051628
2.44125	-5.01494	0.00446761
2.44375	-5.01636	0.00416539
2.44625	-5.02165	0.00448513
2.44875	-5.02324	0.00425162
2.45125	-5.02603	0.00356744
2.45375	-5.03077	0.00603968
2.45625	-5.03225	0.00382921
2.45875	-5.03925	0.00421678
2.46125	-5.04642	0.00421802
2.46375	-5.04392	0.00421776
2.46625	-5.04545	0.00423781
2.46875	-5.05074	0.00453666
2.47125	-5.05437	0.00518099
2.47375	-5.05896	0.00467868
2.47625	-5.05876	0.00427231
2.47875	-5.06797	0.00424553
2.48125	-5.07013	0.00534079
2.48375	-5.07219	0.0047168
2.48625	-5.07642	0.00559005
2.48875	-5.07801	0.00569174
2.49125	-5.08393	0.00526692
2.49375	-5.08427	0.00505327
2.49625	-5.08894	0.00464104
2.49875	-5.09323	0.00513742
2.50125	-5.09487	0.00472566
2.50375	-5.10213	0.00361804
2.50625	-5.10453	0.00594167
2.50875	-5.10397	0.00495656
2.51125	-5.11428	0.00493345
2.51375	-5.11667	0.00506367
2.51625	-5.11931	0.00474111
2.51875	-5.12161	0.00477315
2.52125	-5.12268	0.0047258
2.52375	-5.12777	0.00535315
2.52625	-5.12907	0.00426419
2.52875	-5.13411	0.00459041
2.53125	-5.14031	0.00481444
2.53375	-5.14245	0.00595438
2.53625	-5.14544	0.00488936
2.53875	-5.14949	0.00573981
2.54125	-5.15385	0.00550977
2.54375	-5.15568	0.00431332
2.54625	-5.1575	0.0050074
2.54875	-5.16477	0.00527604
2.55125	-5.16567	0.0046741
2.55375	-5.16978	0.00576897
2.55625	-5.17436	0.00432106
2.55875	-5.17465	0.00462204
2.56125	-5.18087	0.0046007
2.56375	-5.18188	0.00551682
2.56625	-5.1845	0.005577
2.56875	-5.19086	0.0057987
2.57125	-5.19588	0.0051926
2.57375	-5.19792	0.00457977
2.57625	-5.20029	0.00493376
2.57875	-5.20537	0.00438434
2.58125	-5.21027	0.00585388
2.58375	-5.21171	0.00483977
2.58625	-5.21289	0.0055319
2.58875	-5.21737	0.0051319
2.59125	-5.2228	0.00529175
2.59375	-5.22706	0.00596896
2.59625	-5.2285	0.00512632
2.59875	-5.23235	0.00499736
2.60125	-5.23206	0.00528588
2.60375	-5.23743	0.00566166
2.60625	-5.24573	0.00530547
2.60875	-5.24395	0.00459342
2.61125	-5.25095	0.00556093
2.61375	-5.25019	0.00451007
2.61625	-5.25877	0.00529323
2.61875	-5.26084	0.00553889
2.62125	-5.26081	0.00483727
2.62375	-5.26702	0.00472243
2.62625	-5.27125	0.00372156
2.62875	-5.27513	0.00419154
2.63125	-5.27672	0.00576086
2.63375	-5.27577	0.00475124
2.63625	-5.28268	0.00505749
2.63875	-5.28722	0.0060299
2.64125	-5.29229	0.006045
2.64375	-5.29332	0.00571869
2.64625	-5.29684	0.00483998
2.64875	-5.30041	0.00504296
2.65125	-5.30265	0.00571006
2.65375	-5.30401	0.00496287
2.65625	-5.30978	0.00504468
2.65875	-5.31308	0.00500803
2.66125	-5.31547	0.00535583
2.66375	-5.31994	0.00519435
2.66625	-5.32337	0.0058834
2.66875	-5.32907	0.00559104
2.67125	-5.33488	0.00425415
2.67375	-5.3331	0.0054183
2.67625	-5.33635	0.00515015
2.67875	-5.34295	0.00545172
2.68125	-5.34301	0.00540382
2.68375	-5.34869	0.00438486
2.68625	-5.3518	0.00531335
2.68875	-5.35443	0.0050532
2.69125	-5.35801	0.00540587
2.69375	-5.36308	0.00575661
2.69625	-5.36591	0.00580788
2.69875	-5.3708	0.00604685
2.70125	-5.37131	0.00503888
2.70375	-5.37517	0.00596942
2.70625	-5.37854	0.00681524
2.70875	-5.38223	0.0053248
2.71125	-5.38756	0.00647701
2.71375	-5.38986	0.00518187
2.71625	-5.39322	0.00482591
2.71875	-5.39923	0.00475492
2.72125	-5.39944	0.00427454
2.72375	-5.40407	0.00543327
2.72625	-5.40631	0.00637251
2.72875	-5.41055	0.00586251
2.73125	-5.41495	0.00619453
2.73375	-5.41578	0.00531883
2.73625	-5.41971	0.00504898
2.73875	-5.42528	0.00519399
2.74125	-5.42666	0.00623335
2.74375	-5.43036	0.0053284
2.74625	-5.43678	0.00516376
2.74875	-5.43672	0.00639465
2.75125	-5.44278	0.00532284
2.75375	-5.44321	0.00455624
2.75625	-5.45094	0.0060938
2.75875	-5.45271	0.00468946
2.76125	-5.45528	0.00651756
2.76375	-5.46112	0.00468887
2.76625	-5.46339	0.0052536
2.76875	-5.46536	0.00549275
2.77125	-5.46838	0.00510976
2.77375	-5.47192	0.00570409
2.77625	-5.47458	0.00540937
2.77875	-5.47844	0.00636985
2.78125	-5.47561	0.00634794
2.78375	-5.48449	0.00508134
2.78625	-5.48972	0.00503771
2.78875	-5.49532	0.00563638
2.79125	-5.49433	0.00556251
2.79375	-5.49688	0.00535094
2.79625	-5.50476	0.00567863
2.79875	-5.50725	0.0062423
2.80125	-5.50647	0.00429815
2.80375	-5.51407	0.00540567
2.80625	-5.51596	0.00555673
2.80875	-5.51843	0.0053393
2.81125	-5.52281	0.00507199
2.81375	-5.52874	0.00567429
2.81625	-5.53241	0.00480136
2.81875	-5.5372	0.00440582
2.82125	-5.53874	0.00522047
2.82375	-5.54532	0.00523845
2.82625	-5.54279	0.00598128
2.82875	-5.54876	0.00667635
2.83125	-5.54865	0.00563059
2.83375	-5.55409	0.0056139
2.83625	-5.55737	0.00498338
2.83875	-5.56542	0.00588549
2.84125	-5.56491	0.00604152
2.84375	-5.56758	0.00598602
2.84625	-5.57286	0.00660398
2.84875	-5.57429	0.00564812
2.85125	-5.57916	0.00594212
2.85375	-5.58125	0.00541363
2.85625	-5.58366	0.00662501
2.85875	-5.58511	0.00566018
2.86125	-5.59208	0.00509996
2.86375	-5.59647	0.0056016
2.86625	-5.59934	0.00531252
2.86875	-5.60234	0.00706146
2.87125	-5.60664	0.00575965
2.87375	-5.60854	0.00566819
2.87625	-5.61303	0.00539343
2.87875	-5.61379	0.00632173
2.88125	-5.62116	0.0064457
2.88375	-5.62513	0.00569605
2.88625	-5.62458	0.00634811
2.88875	-5.62968	0.00679886
2.89125	-5.63239	0.00648751
2.89375	-5.63832	0.00620055
2.89625	-5.63956	0.00477729
2.89875	-5.64371	0.00557785
2.90125	-5.64717	0.00562472
2.90375	-5.64777	0.00641866
2.90625	-5.65648	0.00571971
2.90875	-5.65953	0.00571782
2.91125	-5.65949	0.00560294
2.91375	-5.66722	0.00500095
2.91625	-5.66895	0.0052152
2.91875	-5.66755	0.00637024
2.92125	-5.67588	0.00554324
2.92375	-5.679	0.00576934
2.92625	-5.68532	0.00531447
2.92875	-5.68486	0.00602317
2.93125	-5.68501	0.00554463
2.93375	-5.68517	0.00703537
2.93625	-5.69451	0.00587176
2.93875	-5.6952	0.00624101
2.94125	-5.70061	0.00640455
2.94375	-5.70427	0.00528946
2.94625	-5.71146	0.00513394
2.94875	-5.71516	0.00648025
2.95125	-5.71543	0.00542837
2.95375	-5.72032	0.00533351
2.95625	-5.71895	0.00602528
2.95875	-5.72432	0.00622162
2.96125	-5.72928	0.00632749
2.96375	-5.73169	0.00650623
2.96625	-5.73537	0.00571845
2.96875	-5.7375	0.00560722
2.97125	-5.74454	0.00649715
2.97375	-5.74475	0.00594293
2.97625	-5.75372	0.00497496
2.97875	-5.75359	0.00474044
2.98125	-5.75377	0.00551773
2.98375	-5.75706	0.00591804
2.98625	-5.76559	0.00485656
2.98875	-5.76708	0.00581402
2.99125	-5.7744	0.00548305
2.99375	-5.77193	0.00562696
2.99625	-5.77416	0.00554689
2.99875	-5.7753	0.0050553
3.00125	-5.78186	0.00607293
3.00375	-5.78596	0.00479402
3.00625	-5.78999	0.00538187
3.00875	-5.79414	0.00571057
3.01125	-5.79507	0.00725537
3.01375	-5.8026	0.00675568
3.01625	-5.80331	0.00631257
3.01875	-5.80574	0.00693848
3.02125	-5.80865	0.00544808
3.02375	-5.81318	0.00730432
3.02625	-5.82034	0.00593491
3.02875	-5.82173	0.00642352
3.03125	-5.82284	0.00642573
3.03375	-5.83039	0.00654156
3.03625	-5.83156	0.00585075
3.03875	-5.83493	0.00689136
3.04125	-5.83929	0.00527662
3.04375	-5.8423	0.00576806
3.04625	-5.83973	0.00633808
3.04875	-5.84573	0.00804371
3.05125	-5.85256	0.00701482
3.05375	-5.85499	0.00592711
3.05625	-5.86086	0.00714709
3.05875	-5.85978	0.00599914
3.06125	-5.86034	0.00620565
3.06375	-5.86942	0.00571789
3.06625	-5.87557	0.00598764
3.06875	-5.87494	0.00614633
3.07125	-5.88228	0.00619637
3.07375	-5.87711	0.00587893
3.07625	-5.88747	0.00614077
3.07875	-5.88576	0.00741648
3.08125	-5.89235	0.0066367
3.08375	-5.89625	0.00679901
3.08625	-5.89654	0.00842312
3.08875	-5.90303	0.00601472
3.09125	-5.90694	0.00613226
3.09375	-5.91233	0.00587138
3.09625	-5.91136	0.00657138
3.09875	-5.91724	0.00611242
3.10125	-5.92173	0.00558389
3.10375	-5.92077	0.00592056
3.10625	-5.92831	0.00592954
3.10875	-5.92849	0.00796372
3.11125	-5.93295	0.00702934
3.11375	-5.94008	0.0067742
3.11625	-5.93805	0.00789608
3.11875	-5.9491	0.00716018
3.12125	-5.95035	0.00678441
3.12375	-5.95113	0.00592927
3.12625	-5.95396	0.00604238
3.12875	-5.9582	0.0066165
3.13125	-5.96551	0.00620891
3.13375	-5.96561	0.00708723
3.13625	-5.96517	0.00620132
3.13875	-5.9694	0.00720025
3.14125	-5.9763	0.00529923
3.14375	-5.97987	0.00847498
3.14625	-5.98228	0.00539451
3.14875	-5.98568	0.00641906
3.15125	-5.98662	0.00812465
3.15375	-5.98926	0.00748901
3.15625	-5.99744	0.00577631
3.15875	-6.00018	0.00685699
3.16125	-5.99751	0.00682899
3.16375	-6.00767	0.00692331
3.16625	-6.00896	0.00818827
3.16875	-6.01542	0.0077141
3.17125	-6.00943	0.00660739
3.17375	-6.02436	0.00529934
3.17625	-6.02327	0.00724279
3.17875	-6.02198	0.00732926
3.18125	-6.02905	0.00509962
3.18375	-6.03482	0.00513094
3.18625	-6.03367	0.0056182
3.18875	-6.03747	0.00674722
3.19125	-6.04223	0.00509695
3.19375	-6.04401	0.00685124
3.19625	-6.05246	0.00633169
3.19875	-6.05124	0.00782925
3.20125	-6.05963	0.00677633
3.20375	-6.06324	0.00668424
3.20625	-6.06288	0.00732229
3.20875	-6.07533	0.0073488
3.21125	-6.07141	0.00834675
3.21375	-6.06942	0.00539661
3.21625	-6.07614	0.00733176
3.21875	-6.07787	0.00616725
3.22125	-6.0859	0.00668039
3.22375	-6.0828	0.00771144
3.22625	-6.08906	0.00666278
3.22875	-6.09105	0.00666859
3.23125	-6.09672	0.00576289
3.23375	-6.10452	0.0067652
3.23625	-6.10881	0.00779328
3.23875	-6.10981	0.00708628
3.24125	-6.11271	0.00561935
3.24375	-6.11496	0.00584987
3.24625	-6.12021	0.00564018
3.24875	-6.12013	0.00623297
3.25125	-6.1231	0.00909842
3.25375	-6.13012	0.00800806
3.25625	-6.12487	0.00850368
3.25875	-6.13145	0.00671908
3.26125	-6.14008	0.0063127
3.26375	-6.14284	0.00773431
3.26625	-6.14699	0.00706937
3.26875	-6.14577	0.00578047
3.27125	-6.15085	0.00534249
3.27375	-6.15978	0.00894615
3.27625	-6.15872	0.00727692
3.27875	-6.15793	0.00539722
3.28125	-6.1712	0.00532481
3.28375	-6.16936	0.00639784
3.28625	-6.17693	0.00625174
3.28875	-6.18076	0.00684929
3.29125	-6.17495	0.00608967
3.29375	-6.18752	0.00616161
3.29625	-6.18169	0.00688792
3.29875	-6.18994	0.00735128
3.30125	-6.18979	0.00660546
3.30375	-6.19813	0.00744491
3.30625	-6.1971	0.0072924
3.30875	-6.20465	0.00541264
3.31125	-6.20966	0.0061529
3.31375	-6.21501	0.00688153
3.31625	-6.21654	0.00727979
3.31875	-6.21568	0.00565467
3.32125	-6.22684	0.00662308
3.32375	-6.22581	0.00868172
3.32625	-6.22988	0.00860012
3.32875	-6.23136	0.00705008
3.33125	-6.23369	0.00643387
3.33375	-6.23197	0.00667096
3.33625	-6.23705	0.0077839
3.33875	-6.24527	0.0061346
3.34125	-6.24611	0.00807862
3.34375	-6.25031	0.00603325
3.34625	-6.25591	0.00691197
3.34875	-6.26474	0.00535554
3.35125	-6.26627	0.00721905
3.35375	-6.26447	0.00498967
3.35625	-6.27223	0.00655073
3.35875	-6.27197	0.00811979
3.36125	-6.27022	0.00805483
3.36375	-6.27788	0.00707428
3.36625	-6.28144	0.00785205
3.36875	-6.29203	0.00856716
3.37125	-6.28702	0.00649126
3.37375	-6.29621	0.00627948
3.37625	-6.29752	0.0075687
3.37875	-6.29779	0.00809565
3.38125	-6.30761	0.0055084
3.38375	-6.30733	0.0074862
3.38625	-6.31092	0.0080342
3.38875	-6.3143	0.0073075
3.39125	-6.31655	0.00511067
3.39375	-6.32517	0.00823604
3.39625	-6.32589	0.00592991
3.39875	-6.32645	0.00698387
3.40125	-6.32513	0.00711728
3.40375	-6.32921	0.00668261
3.40625	-6.34076	0.00665316
3.40875	-6.34018	0.0060979
3.41125	-6.3422	0.00587131
3.41375	-6.34043	0.00798608
3.41625	-6.35352	0.0051914
3.41875	-6.34948	0.0068397
3.42125	-6.3549	0.00747864
3.42375	-6.36085	0.00736098
3.42625	-6.36955	0.00720907
3.42875	-6.36838	0.00561115
3.43125	-6.37611	0.00569627
3.43375	-6.37208	0.00587067
3.43625	-6.37727	0.00652294
3.43875	-6.38011	0.00794894
3.44125	-6.38698	0.00777421
3.44375	-6.38685	0.0066138
3.44625	-6.38636	0.00542872
3.44875	-6.38958	0.00719061
3.45125	-6.38975	0.00652562
3.45375	-6.40212	0.00586379
3.45625	-6.40112	0.00793071
3.45875	-6.40175	0.00822505
3.46125	-6.41626	0.00728507
3.46375	-6.41745	0.00799091
3.46625	-6.42157	0.00737448
3.46875	-6.42215	0.0061599
3.47125	-6.41688	0.00787099
3.47375	-6.43232	0.00738389
3.47625	-6.43407	0.00688405
3.47875	-6.43246	0.00850723
3.48125	-6.43879	0.00771072
3.48375	-6.44223	0.00864427
3.48625	-6.44283	0.00688532
3.48875	-6.44819	0.00702713
3.49125	-6.45003	0.00645029
3.49375	-6.45124	0.00677754
3.49625	-6.45973	0.00850871
3.49875	-6.46401	0.0083156
3.50125	-6.4674	0.00549357
3.50375	-6.46723	0.0068589
3.50625	-6.47652	0.00760567
3.50875	-6.48066	0.00857056
3.51125	-6.47831	0.00894911
3.51375	-6.48035	0.00861009
3.51625	-6.48542	0.0075285
3.51875	-6.48516	0.00825657
3.52125	-6.49836	0.00798693
3.52375	-6.49236	0.00893055
3.52625	-6.49942	0.00764177
3.52875	-6.50311	0.00593766
3.53125	-6.50371	0.00821143
3.53375	-6.51287	0.0067679
3.53625	-6.51146	0.00684454
3.53875	-6.5153	0.0067302
3.54125	-6.51409	0.00842305
3.54375	-6.52519	0.00679802
3.54625	-6.52389	0.00892746
3.54875	-6.52993	0.00781799
3.55125	-6.53675	0.00712437
3.55375	-6.54072	0.00957775
3.55625	-6.53631	0.0081576
3.55875	-6.54132	0.00814867
3.56125	-6.54529	0.0088589
3.56375	-6.5506	0.00841202
3.56625	-6.55904	0.00585418
3.56875	-6.55779	0.00657641
3.57125	-6.56164	0.00702528
3.57375	-6.55929	0.00770628
3.57625	-6.56917	0.00921308
3.57875	-6.56867	0.00636305
3.58125	-6.57421	0.00549982
3.58375	-6.57775	0.00765045
3.58625	-6.57383	0.00631013
3.58875	-6.58658	0.00769655
3.59125	-6.58892	0.00730686
3.59375	-6.59318	0.00588473
3.59625	-6.59208	0.00809319
3.59875	-6.59584	0.0081621
3.60125	-6.59878	0.00846607
3.60375	-6.60868	0.00723868
3.60625	-6.61404	0.00886811
3.60875	-6.61071	0.00726636
3.61125	-6.61504	0.00481653
3.61375	-6.61687	0.0073229
3.61625	-6.61631	0.00717838
3.61875	-6.62546	0.0103415
3.62125	-6.62072	0.00711148
3.62375	-6.63185	0.00717342
3.62625	-6.64403	0.00755267
3.62875	-6.634	0.00780631
3.63125	-6.64712	0.00925448
3.63375	-6.64993	0.00997405
3.63625	-6.65229	0.00876506
3.63875	-6.65302	0.00552
3.64125	-6.65964	0.0094312
3.64375	-6.66118	0.00880664
3.64625	-6.65226	0.00673585
3.64875	-6.66576	0.0091724
3.65125	-6.66608	0.00490616
3.65375	-6.67002	0.00730468
3.65625	-6.67747	0.00819131
3.65875	-6.68158	0.00785505
3.66125	-6.68223	0.00919761
3.66375	-6.68442	0.00899295
3.66625	-6.68689	0.0083437
3.66875	-6.69328	0.0100204
3.67125	-6.69551	0.00903231
3.67375	-6.69729	0.00781776
3.67625	-6.70759	0.00641902
3.67875	-6.70645	0.00997706
3.68125	-6.70223	0.00871426
3.68375	-6.71039	0.00768027
3.68625	-6.70925	0.008646
3.68875	-6.71842	0.00740654
3.69125	-6.7259	0.00715952
3.69375	-6.72666	0.00681711
3.69625	-6.73144	0.00647503
3.69875	-6.73175	0.00839667
3.70125	-6.73398	0.00932092
3.70375	-6.73704	0.00794323
3.70625	-6.74202	0.00509019
3.70875	-6.74135	0.00854782
3.71125	-6.74482	0.00758018
3.71375	-6.75968	0.0074646
3.71625	-6.75289	0.00762889
3.71875	-6.7604	0.00809484
3.72125	-6.7564	0.0095205
3.72375	-6.76897	0.0118328
3.72625	-6.77274	0.00974044
3.72875	-6.7751	0.00971404
3.73125	-6.77828	0.00867636
3.73375	-6.7814	0.00630679
3.73625	-6.79096	0.00886823
3.73875	-6.78501	0.00916721
3.74125	-6.78397	0.0102754
3.74375	-6.80011	0.00761568
3.74625	-6.79788	0.00844006
3.74875	-6.80309	0.00853108
3.75125	-6.8083	0.00759434
3.75375	-6.80062	0.00888431
3.75625	-6.81069	0.0105681
3.75875	-6.81257	0.00820785
3.76125	-6.83242	0.00939529
3.76375	-6.82147	0.00948977
3.76625	-6.82963	0.0106853
3.76875	-6.82799	0.0067224
3.77125	-6.82564	0.00803977
3.77375	-6.8355	0.00907983
3.77625	-6.83496	0.0066533
3.77875	-6.84016	0.00728158
3.78125	-6.84392	0.0086366
3.78375	-6.85151	0.0102534
3.78625	-6.8551	0.00629036
3.78875	-6.84937	0.0078736
3.79125	-6.85969	0.00995612
3.79375	-6.86861	0.0052205
3.79625	-6.86589	0.00820385
3.79875	-6.86548	0.00618895
3.80125	-6.87356	0.00659645
3.80375	-6.88935	0.00883297
3.80625	-6.87566	0.00811838
3.80875	-6.88622	0.0102813
3.81125	-6.88855	0.00834311
3.81375	-6.8833	0.00888653
3.81625	-6.89317	0.00891221
3.81875	-6.9029	0.0106544
3.82125	-6.90099	0.0104084
3.82375	-6.90578	0.00763982
3.82625	-6.90322	0.00982847
3.82875	-6.90692	0.00909411
3.83125	-6.9133	0.00928468
3.83375	-6.91453	0.00730882
3.83625	-6.9176	0.00827931
3.83875	-6.9223	0.0105308
3.84125	-6.9265	0.00741911
3.84375	-6.93113	0.006105
3.84625	-6.93623	0.00866946
3.84875	-6.93147	0.00832567
3.85125	-6.94048	0.00904999
3.85375	-6.95049	0.00811228
3.85625	-6.94961	0.00758521
3.85875	-6.94133	0.00939485
3.86125	-6.95333	0.00986468
3.86375	-6.95985	0.0097974
3.86625	-6.95972	0.00860743
3.86875	-6.96142	0.00790892
3.87125	-6.96784	0.00903381
3.87375	-6.97508	0.00798306
3.87625	-6.97566	0.00894109
3.87875	-6.98691	0.00935072
3.88125	-6.98448	0.00991942
3.88375	-6.98038	0.0107412
3.88625	-6.98578	0.0062655
3.88875	-6.99368	0.00881854
3.89125	-6.99667	0.00613827
3.89375	-6.99711	0.00935056
3.89625	-7.00293	0.00833138
3.89875	-7.00793	0.00792678
3.90125	-7.00865	0.00762262
3.90375	-7.01553	0.0065933
3.90625	-7.01625	0.006942
3.90875	-7.01731	0.00650896
3.91125	-7.02432	0.00866362
3.91375	-7.02407	0.00824812
3.91625	-7.02764	0.0101608
3.91875	-7.02849	0.00820899
3.92125	-7.03493	0.0070901
3.92375	-7.03581	0.0109499
3.92625	-7.04745	0.00827092
3.92875	-7.05251	0.00828487
3.93125	-7.04534	0.0105465
3.93375	-7.0471	0.00972183
3.93625	-7.05244	0.0103962
3.93875	-7.06037	0.00972516
3.94125	-7.06002	0.00896929
3.94375	-7.06384	0.00873908
3.94625	-7.06365	0.00860774
3.94875	-7.07283	0.00965662
3.95125	-7.08337	0.00952856
3.95375	-7.07878	0.0115428
3.95625	-7.08385	0.00900228
3.95875	-7.08588	0.00862646
3.96125	-7.09252	0.00872201
3.96375	-7.09325	0.00959946
3.96625	-7.10353	0.00800366
3.96875	-7.10677	0.0090024
3.97125	-7.104	0.0110432
3.97375	-7.10999	0.0091956
3.97625	-7.1153	0.00893505
3.97875	-7.11829	0.00908958
3.98125	-7.11103	0.00985866
3.98375	-7.11754	0.00841698
3.98625	-7.12272	0.008014
3.98875	-7.12973	0.00898469
3.99125	-7.11977	0.00844922
3.99375	-7.13895	0.00588721
3.99625	-7.13324	0.00976317
3.99875	-7.13577	0.0117279
4.00125	-7.14149	0.00852752
4.00375	-7.1501	0.00861636
4.00625	-7.15991	0.00886564
4.00875	-7.1618	0.00764313
4.01125	-7.16123	0.00863851
4.01375	-7.16513	0.00919524
4.01625	-7.16581	0.0120109
4.01875	-7.16344	0.0104142
4.02125	-7.16745	0.00668117
4.02375	-7.16989	0.0102229
4.02625	-7.17201	0.00759493
4.02875	-7.17219	0.0119573
4.03125	-7.18487	0.00793104
4.03375	-7.18631	0.0102181
4.03625	-7.19477	0.00714919
4.03875	-7.19691	0.00925906
4.04125	-7.20224	0.00759459
4.04375	-7.20747	0.00802432
4.04625	-7.20405	0.0113834
4.04875	-7.20382	0.00836478
4.05125	-7.21216	0.00894212
4.05375	-7.21179	0.00827701
4.05625	-7.21247	0.010274
4.05875	-7.21956	0.00808699
4.06125	-7.22311	0.00863951
4.06375	-7.22571	0.00916974
4.06625	-7.23852	0.00681697
4.06875	-7.23267	0.00994019
4.07125	-7.23865	0.00760716
4.07375	-7.24066	0.00937406
4.07625	-7.24686	0.0108022
4.07875	-7.24579	0.0100735
4.08125	-7.25378	0.00722361
4.08375	-7.25099	0.00699434
4.08625	-7.26803	0.00885234
4.08875	-7.25764	0.00912746
4.09125	-7.26522	0.0101382
4.09375	-7.27231	0.0101482
4.09625	-7.26717	0.00967146
4.09875	-7.27667	0.01143
4.10125	-7.27655	0.00968055
4.10375	-7.28868	0.00800269
4.10625	-7.2876	0.0122109
4.10875	-7.28818	0.00651788
4.11125	-7.29561	0.00941796
4.11375	-7.30096	0.00958234
4.11625	-7.30201	0.00743322
4.11875	-7.30256	0.00845819
4.12125	-7.31466	0.0067236
4.12375	-7.31164	0.00774167
4.12625	-7.31401	0.0109773
4.12875	-7.32276	0.00823797
4.13125	-7.32349	0.0122003
4.13375	-7.33269	0.00876224
4.13625	-7.32691	0.0110461
4.13875	-7.32981	0.00998845
4.14125	-7.33789	0.00759289
4.14375	-7.32902	0.0105758
4.14625	-7.33633	0.00779876
4.14875	-7.34402	0.00864794
4.15125	-7.35511	0.0127987
4.15375	-7.35288	0.0104425
4.15625	-7.34567	0.0124218
4.15875	-7.35638	0.00903103
4.16125	-7.35453	0.0106262
4.16375	-7.36655	0.0107658
4.16625	-7.35257	0.00820196
4.16875	-7.37487	0.0101949
4.17125	-7.37118	0.0101245
4.17375	-7.37605	0.0108695
4.17625	-7.3828	0.00948641
4.17875	-7.38131	0.00831935
4.18125	-7.39438	0.0103648
4.18375	-7.3983	0.00641794
4.18625	-7.3875	0.010063
4.18875	-7.39897	0.00868087
4.19125	-7.39796	0.01017
4.19375	-7.40713	0.00992207
4.19625	-7.40624	0.0108149
4.19875	-7.40632	0.0118197
4.20125	-7.41364	0.00961428
4.20375	-7.42021	0.00872133
4.20625	-7.42008	0.011014
4.20875	-7.42613	0.00693374
4.21125	-7.4233	0.0103578
4.21375	-7.43225	0.00852949
4.21625	-7.42566	0.00925251
4.21875	-7.44115	0.011017
4.22125	-7.44644	0.0104924
4.22375	-7.44652	0.0120675
4.22625	-7.45631	0.0105968
4.22875	-7.45025	0.00983753
4.23125	-7.45078	0.00881092
4.23375	-7.45377	0.0113895
4.23625	-7.46818	0.00923624
4.23875	-7.46154	0.0076128
4.24125	-7.46671	0.0106884
4.24375	-7.47575	0.0106281
4.24625	-7.47783	0.00802465
4.24875	-7.47071	0.0100608
4.25125	-7.48125	0.0059992
4.25375	-7.48624	0.00741053
4.25625	-7.48214	0.00945862
4.25875	-7.48962	0.00860353
4.26125	-7.49616	0.0137959
4.26375	-7.50146	0.0118384
4.26625	-7.50685	0.0083505
4.26875	-7.50235	0.0116915
4.27125	-7.50936	0.0132197
4.27375	-7.50955	0.0103568
4.27625	-7.51195	0.0130657
4.27875	-7.52218	0.0118126
4.28125	-7.51935	0.00845793
4.28375	-7.52644	0.00888056
4.28625	-7.53759	0.0100451
4.28875	-7.544	0.00900439
4.29125	-7.52922	0.00981773
4.29375	-7.55112	0.00998587
4.29625	-7.54307	0.0125534
4.29875	-7.54266	0.014045
4.30125	-7.54524	0.0125116
4.30375	-7.55316	0.00934019
4.30625	-7.55022	0.0106665
4.30875	-7.55631	0.0108884
4.31125	-7.56027	0.00788096
4.31375	-7.57518	0.0127796
4.31625	-7.5748	0.0129909
4.31875	-7.5761	0.0152728
4.32125	-7.58494	0.00839989
4.32375	-7.58689	0.0076336
4.32625	-7.57933	0.0105021
4.32875	-7.58237	0.014598
4.33125	-7.60148	0.0132742
4.33375	-7.58587	0.011341
4.33625	-7.58359	0.014279
4.33875	-7.59381	0.0100837
4.34125	-7.60194	0.00846543
4.34375	-7.6139	0.00865571
4.34625	-7.6162	0.0116202
4.34875	-7.61955	0.00910605
4.35125	-7.63115	0.0092046
4.35375	-7.6143	0.0101696
4.35625	-7.62765	0.00752228
4.35875	-7.62603	0.0120715
4.36125	-7.6332	0.0107616
4.36375	-7.64234	0.0113492
4.36625	-7.6331	0.0122641
4.36875	-7.64361	0.00924829
4.37125	-7.63678	0.00875315
4.37375	-7.65387	0.0141265
4.37625	-7.65545	0.0129026
4.37875	-7.65754	0.011624
4.38125	-7.66564	0.00919142
4.38375	-7.6607	0.0126414
4.38625	-7.66433	0.0111907
4.38875	-7.67964	0.0096338
4.39125	-7.67119	0.0145924
4.39375	-7.66341	0.00909128
4.39625	-7.68059	0.0109409
4.39875	-7.6725	0.0131325
4.40125	-7.69364	0.00912304
4.40375	-7.69665	0.00994689
4.40625	-7.70095	0.0113383
4.40875	-7.69594	0.00906938
4.41125	-7.69172	0.0131688
4.41375	-7.69901	0.0113312
4.41625	-7.70699	0.0104283
4.41875	-7.71303	0.011835
4.42125	-7.70508	0.0130059
4.42375	-7.71177	0.0101962
4.42625	-7.72039	0.0131108
4.42875	-7.71724	0.0117345
4.43125	-7.73742	0.0125018
4.43375	-7.72506	0.0103298
4.43625	-7.72352	0.0117342
4.43875	-7.73896	0.0106834
4.44125	-7.73028	0.0108677
4.44375	-7.74561	0.0139695
4.44625	-7.75448	0.00940484
4.44875	-7.73591	0.00974634
4.45125	-7.75464	0.0118324
4.45375	-7.76287	0.011461
4.45625	-7.75959	0.0118783
4.45875	-7.77779	0.00930947
4.46125	-7.75397	0.0138778
4.46375	-7.7734	0.0106668
4.46625	-7.76909	0.016099
4.46875	-7.78016	0.0103101
4.47125	-7.77105	0.0101606
4.47375	-7.7877	0.012322
4.47625	-7.78594	0.0109092
4.47875	-7.78564	0.0122407
4.48125	-7.79869	0.00731853
4.48375	-7.80602	0.0119539
4.48625	-7.78295	0.0133703
4.48875	-7.81935	0.0103388
4.49125	-7.80439	0.00850928
4.49375	-7.81899	0.00892743
4.49625	-7.81059	0.0135625
4.49875	-7.82662	0.00834069
4.50125	-7.818	0.0134585
4.50375	-7.83211	0.0125069
4.50625	-7.81928	0.0121287
4.50875	-7.82748	0.0107002
4.51125	-7.84127	0.0119998
4.51375	-7.83262	0.010222
4.51625	-7.84588	0.0067284
4.51875	-7.84582	0.0133257
4.52125	-7.83758	0.0117575
4.52375	-7.84544	0.0133857
4.52625	-7.85327	0.0104804
4.52875	-7.85678	0.012987
4.53125	-7.85955	0.00924446
4.53375	-7.86758	0.0121491
4.53625	-7.87166	0.010414
4.53875	-7.87005	0.0104651
4.54125	-7.87832	0.014127
4.54375	-7.88122	0.0111284
4.54625	-7.87723	0.00738198
4.54875	-7.8943	0.0115062
4.55125	-7.88518	0.00966809
4.55375	-7.89001	0.0106593
4.55625	-7.89123	0.0115167
4.55875	-7.90469	0.00988426
4.56125	-7.90153	0.0102598
4.56375	-7.90747	0.00811702
4.56625	-7.91027	0.01508
4.56875	-7.91843	0.00641957
4.57125	-7.9151	0.0109666
4.57375	-7.92378	0.0127223
4.57625	-7.92225	0.00926961
4.57875	-7.91982	0.0130459
4.58125	-7.9359	0.0136999
4.58375	-7.92038	0.0115195
4.58625	-7.92986	0.0153
4.58875	-7.94088	0.0126422
4.59125	-7.94521	0.0133804
4.59375	-7.94486	0.0114087
4.59625	-7.95129	0.0132598
4.59875	-7.95684	0.010257
4.60125	-7.97232	0.0103811
4.60375	-7.96267	0.0121564
4.60625	-7.97499	0.0101195
4.60875	-7.96972	0.0124973
4.61125	-7.97539	0.0118114
4.61375	-7.97182	0.013919
4.61625	-7.97812	0.0107226
4.61875	-7.96882	0.014184
4.62125	-7.98155	0.0108109
4.62375	-7.97786	0.0128951
4.62625	-7.99095	0.0112315
4.62875	-7.98646	0.0123367
4.63125	-7.98179	0.0122174
4.63375	-7.99726	0.0115835
4.63625	-7.99465	0.0142329
4.63875	-7.99818	0.0139121
4.64125	-8.00976	0.0148394
4.64375	-8.02374	0.00994125
4.64625	-8.02793	0.0116805
4.64875	-8.02685	0.014461
4.65125	-8.03191	0.0102891
4.65375	-8.02472	0.0108405
4.65625	-8.0332	0.00845385
4.65875	-8.03289	0.0150912
4.66125	-8.03209	0.00733652
4.66375	-8.04336	0.0148067
4.66625	-8.04397	0.0133405
4.66875	-8.05869	0.0102383
4.67125	-8.04957	0.0132164
4.67375	-8.04732	0.0127331
4.67625	-8.06879	0.0126373
4.67875	-8.07394	0.0135032
4.68125	-8.06844	0.0100518
4.68375	-8.06913	0.013591
4.68625	-8.07348	0.0119812
4.68875	-8.06828	0.0110652
4.69125	-8.07299	0.0152848
4.69375	-8.07468	0.0104665
4.69625	-8.07894	0.0141535
4.69875	-8.09337	0.0114208
4.70125	-8.10509	0.0109257
4.70375	-8.09879	0.0130065
4.70625	-8.09682	0.0150241
4.70875	-8.10605	0.0104201
4.71125	-8.10288	0.012466
4.71375	-8.11561	0.0143749
4.71625	-8.10938	0.00896932
4.71875	-8.12122	0.0167949
4.72125	-8.10867	0.0142436
4.72375	-8.12328	0.0108206
4.72625	-8.11877	0.0105673
4.72875	-8.13271	0.0107856
4.73125	-8.12508	0.00993
4.73375	-8.13963	0.0105597
4.73625	-8.1344	0.0116161
4.73875	-8.13914	0.012328
4.74125	-8.14833	0.0137116
4.74375	-8.15313	0.0174236
4.74625	-8.15874	0.0175457
4.74875	-8.15925	0.00955412
4.75125	-8.15824	0.0151
4.75375	-8.1766	0.0166633
4.75625	-8.15395	0.0135158
4.75875	-8.16889	0.0129398
4.76125	-8.16826	0.0106251
4.76375	-8.17023	0.0152445
4.76625	-8.18836	0.0108389
4.76875	-8.18249	0.0116501
4.77125	-8.17672	0.00895955
4.77375	-8.20408	0.0141992
4.77625	-8.1919	0.0131205
4.77875	-8.21065	0.0138545
4.78125	-8.19209	0.00920982
4.78375	-8.21286	0.00931488
4.78625	-8.21373	0.0125796
4.78875	-8.20817	0.0159311
4.79125	-8.20787	0.0107345
4.79375	-8.20926	0.0124751
4.79625	-8.2214	0.0120613
4.79875	-8.22927	0.0132529
4.80125	-8.2276	0.0183047
4.80375	-8.24258	0.0141403
4.80625	-8.2358	0.0104056
4.80875	-8.23673	0.012851
4.81125	-8.23044	0.0131249
4.81375	-8.25459	0.0133492
4.81625	-8.24867	0.0155798
4.81875	-8.25219	0.0138677
4.82125	-8.25233	0.0152656
4.82375	-8.25083	0.0129098
4.82625	-8.2735	0.0159155
4.82875	-8.25609	0.00972386
4.83125	-8.27078	0.00837148
4.83375	-8.26777	0.0132464
4.83625	-8.26459	0.0125672
4.83875	-8.27502	0.0178224
4.84125	-8.28845	0.0121905
4.84375	-8.29443	0.019075
4.84625	-8.27508	0.00958689
4.84875	-8.28885	0.0141169
4.85125	-8.29721	0.0108656
4.85375	-8.29995	0.0114118
4.85625	-8.2953	0.01389
4.85875	-8.28459	0.0171627
4.86125	-8.31319	0.00843391
4.86375	-8.30899	0.012208
4.86625	-8.31096	0.0164963
4.86875	-8.31025	0.0110604
4.87125	-8.32882	0.0150556
4.87375	-8.31815	0.0140443
4.87625	-8.33714	0.00894631
4.87875	-8.32902	0.0148771
4.88125	-8.33739	0.0157066
4.88375	-8.34757	0.0166452
4.88625	-8.34935	0.0126413
4.88875	-8.35869	0.0148799
4.89125	-8.35246	0.0157788
4.89375	-8.35696	0.0112406
4.89625	-8.35535	0.0131823
4.89875	-8.36516	0.0133728
4.90125	-8.36197	0.0181351
4.90375	-8.3689	0.0137316
4.90625	-8.3621	0.0152047
4.90875	-8.37617	0.00998009
4.91125	-8.38336	0.0119623
4.91375	-8.37413	0.01517
4.91625	-8.38846	0.0121411
4.91875	-8.38597	0.0107017
4.92125	-8.40462	0.0139728
4.92375	-8.38209	0.013428
4.92625	-8.37976	0.0164329
4.92875	-8.41305	0.0172241
4.93125	-8.39732	0.00984599
4.93375	-8.41992	0.0142208
4.93625	-8.42573	0.0128909
4.93875	-8.41042	0.0106862
4.94125	-8.41344	0.0136548
4.94375	-8.41403	0.0159286
4.94625	-8.40618	0.0124254
4.94875	-8.43355	0.0134968
4.95125	-8.44352	0.00905007
4.95375	-8.41241	0.0151823
4.95625	-8.44371	0.0135839
4.95875	-8.44522	0.0106709
4.96125	-8.44327	0.0112522
4.96375	-8.44505	0.0130527
4.96625	-8.45331	0.0105502
4.96875	-8.46897	0.0117129
4.97125	-8.46031	0.0139475
4.97375	-8.48249	0.0156853
4.97625	-8.47058	0.0149243
4.97875	-8.46848	0.013407
4.98125	-8.48793	0.0135032
4.98375	-8.47937	0.0114999
4.98625	-8.48355	0.0162402
4.98875	-8.47587	0.0137764
4.99125	-8.5026	0.00803539
4.99375	-8.48929	0.0135734
4.99625	-8.49872	0.0116494
4.99875	-8.48407	0.0117794
5.00125	-8.48736	0.0110219
5.00375	-8.50112	0.0162074
5.00625	-8.49933	0.00965849
5.00875	-8.51666	0.00839065
5.01125	-8.50286	0.0148036
5.01375	-8.49566	0.0158448
5.01625	-8.50698	0.0182398
5.01875	-8.52966	0.017171
5.02125	-8.52251	0.0139334
5.02375	-8.50781	0.0179081
5.02625	-8.53666	0.0137786
5.02875	-8.53473	0.00932902
5.03125	-8.53693	0.013866
5.03375	-8.53329	0.0174948
5.03625	-8.55479	0.0162413
5.03875	-8.56714	0.0129047
5.04125	-8.55461	0.0170684
5.04375	-8.56388	0.0118999
5.04625	-8.54769	0.0108281
5.04875	-8.5737	0.0170127
5.05125	-8.57924	0.011988
5.05375	-8.56931	0.0110015
5.05625	-8.57531	0.00905649
5.05875	-8.57593	0.0176333
5.06125	-8.59896	0.0170461
5.06375	-8.58826	0.0148173
5.06625	-8.59292	0.0167956
5.06875	-8.57399	0.0135471
5.07125	-8.59954	0.0100856
5.07375	-8.60085	0.0137951
5.07625	-8.59022	0.0163684
5.07875	-8.58817	0.01726
5.08125	-8.61473	0.0142367
5.08375	-8.60958	0.0164677
5.08625	-8.61184	0.0122497
5.08875	-8.62016	0.0175528
5.09125	-8.62019	0.00867696
5.09375	-8.63768	0.0167976
5.09625	-8.64245	0.0151446
5.09875	-8.61734	0.0143229
5.10125	-8.62041	0.0141258
5.10375	-8.65324	0.0139313
5.10625	-8.63142	0.0166646
5.10875	-8.65097	0.00715134
5.11125	-8.64028	0.0118446
5.11375	-8.65856	0.0131211
5.11625	-8.658	0.0125206
5.11875	-8.65771	0.0158306
