0.00125	-0.00745975	0.00014868
0.00375	-0.0216914	0.00013615
0.00625	-0.0355752	0.000111709
0.00875	-0.0492618	0.000201071
0.01125	-0.0628973	0.000139945
0.01375	-0.0766708	0.000206721
0.01625	-0.0893794	0.00010718
0.01875	-0.102812	6.89221e-05
0.02125	-0.116064	0.000149122
0.02375	-0.128631	0.000317728
0.02625	-0.141514	0.000113461
0.02875	-0.154281	0.000139681
0.03125	-0.166749	0.000177627
0.03375	-0.179188	0.000159723
0.03625	-0.191867	0.000175184
0.03875	-0.203833	0.000218142
0.04125	-0.216317	0.00016462
0.04375	-0.228316	0.000180665
0.04625	-0.240572	0.000184881
0.04875	-0.252412	0.000151054
0.05125	-0.264346	0.000121823
0.05375	-0.276139	0.000121187
0.05625	-0.287603	0.000115686
0.05875	-0.29934	0.000112904
0.06125	-0.311092	0.00018399
0.06375	-0.322448	0.000189542
0.06625	-0.334116	0.000118953
0.06875	-0.345745	0.000239766
0.07125	-0.356503	0.000164897
0.07375	-0.368235	0.000238302
0.07625	-0.379698	0.000179979
0.07875	-0.390805	0.000169475
0.08125	-0.401679	0.000203778
0.08375	-0.412812	0.000264104
0.08625	-0.423424	0.00014852
0.08875	-0.434159	0.000178386
0.09125	-0.445444	0.000223794
0.09375	-0.456358	0.000189375
0.09625	-0.467158	0.000196267
0.09875	-0.47787	0.000217218
0.10125	-0.488417	0.000163703
0.10375	-0.499095	0.000219362
0.10625	-0.50967	0.000227294
0.10875	-0.520279	0.000175469
0.11125	-0.531188	0.000183143
0.11375	-0.540921	0.000207856
0.11625	-0.551416	0.000293309
0.11875	-0.562024	0.000148271
0.12125	-0.572401	0.000253217
0.12375	-0.582468	0.000142217
0.12625	-0.592522	0.000220852
0.12875	-0.602945	0.000202441
0.13125	-0.612836	0.000287001
0.13375	-0.622937	0.000132572
0.13625	-0.633226	0.000247161
0.13875	-0.643185	0.000178909
0.14125	-0.653401	0.000255181
0.14375	-0.662997	0.000167379
0.14625	-0.672632	0.000303464
0.14875	-0.682156	0.000117883
0.15125	-0.692216	0.000248023
0.15375	-0.701932	0.000182101
0.15625	-0.711408	0.000219134
0.15875	-0.721327	0.000137682
0.16125	-0.731153	0.000196143
0.16375	-0.740686	0.000174202
0.16625	-0.749544	0.000367089
0.16875	-0.759449	0.000268646
0.17125	-0.76934	8.77697e-05
0.17375	-0.778958	0.000118113
0.17625	-0.78764	0.000228647
0.17875	-0.79762	0.000235302
0.18125	-0.807344	0.00037782
0.18375	-0.816434	0.000269646
0.18625	-0.825135	0.000195203
0.18875	-0.834849	0.000212415
0.19125	-0.84398	0.000120041
0.19375	-0.853013	0.000276006
0.19625	-0.861664	0.000267831
0.19875	-0.871023	0.000238407
0.20125	-0.879882	8.677e-05
0.20375	-0.888822	0.000269177
0.20625	-0.89806	0.000293033
0.20875	-0.90706	0.000152773
0.21125	-0.915715	0.000219406
0.21375	-0.924489	0.00025017
0.21625	-0.933646	0.000207691
0.21875	-0.942532	0.000289309
0.22125	-0.951557	0.000263959
0.22375	-0.960179	0.000315003
0.22625	-0.969382	0.000273675
0.22875	-0.977829	0.00017179
0.23125	-0.986143	0.000373503
0.23375	-0.995137	0.000147384
0.23625	-1.00358	0.000206459
0.23875	-1.01237	0.000247045
0.24125	-1.02055	0.000357233
0.24375	-1.02902	0.000206922
0.24625	-1.03822	0.000177363
0.24875	-1.04676	0.00025305
0.25125	-1.05483	0.000273635
0.25375	-1.06392	0.000222404
0.25625	-1.07179	0.000389029
0.25875	-1.08001	0.000379781
0.26125	-1.08809	0.000306174
0.26375	-1.09661	0.000183871
0.26625	-1.1053	0.000298147
0.26875	-1.11315	0.000279084
0.27125	-1.12133	0.000393624
0.27375	-1.12933	0.000309196
0.27625	-1.13784	0.000259041
0.27875	-1.1458	0.000275113
0.28125	-1.15375	0.000482453
0.28375	-1.16208	0.000331255
0.28625	-1.17055	0.000239476
0.28875	-1.1782	0.000306732
0.29125	-1.18653	0.000320993
0.29375	-1.19435	0.000338419
0.29625	-1.20259	0.000220219
0.29875	-1.21017	0.000416855
0.30125	-1.21836	0.000233591
0.30375	-1.22623	0.000418171
0.30625	-1.23399	0.000296919
0.30875	-1.24136	0.000384067
0.31125	-1.24964	0.000263401
0.31375	-1.25758	0.000369566
0.31625	-1.26553	0.000357859
0.31875	-1.27283	0.000375585
0.32125	-1.28111	0.000362432
0.32375	-1.2889	0.000279962
0.32625	-1.29599	0.000259647
0.32875	-1.30341	0.000400397
0.33125	-1.31171	0.000280997
0.33375	-1.31926	0.000264954
0.33625	-1.32669	0.000464663
0.33875	-1.33452	0.000294607
0.34125	-1.34223	0.000349597
0.34375	-1.34946	0.000261004
0.34625	-1.35691	0.000425674
0.34875	-1.36444	0.000339105
0.35125	-1.37189	0.000296104
0.35375	-1.37947	0.00038853
0.35625	-1.38656	0.0003514
0.35875	-1.39379	0.000417781
0.36125	-1.40141	0.000378129
0.36375	-1.40862	0.000177591
0.36625	-1.4164	0.000499941
0.36875	-1.4237	0.000315835
0.37125	-1.43105	0.000450894
0.37375	-1.43859	0.000444371
0.37625	-1.44571	0.000430983
0.37875	-1.4529	0.00045407
0.38125	-1.45984	0.000337114
0.38375	-1.4671	0.00029923
0.38625	-1.4747	0.000335574
0.38875	-1.48122	0.000311004
0.39125	-1.489	0.000324085
0.39375	-1.49515	0.000823643
0.39625	-1.50277	0.000291509
0.39875	-1.51024	0.000250661
0.40125	-1.5173	0.000413865
0.40375	-1.52466	0.000268381
0.40625	-1.53122	0.000278819
0.40875	-1.53835	0.000403929
0.41125	-1.54531	0.000490733
0.41375	-1.55174	0.00039268
0.41625	-1.55879	0.000263707
0.41875	-1.5659	0.000393196
0.42125	-1.57345	0.000281778
0.42375	-1.57954	0.000459667
0.42625	-1.58667	0.000530147
0.42875	-1.59338	0.000409479
0.43125	-1.60042	0.000290123
0.43375	-1.60723	0.000281677
0.43625	-1.61451	0.000277477
0.43875	-1.62081	0.000462432
0.44125	-1.62726	0.000537648
0.44375	-1.63416	0.000174866
0.44625	-1.64149	0.000388039
0.44875	-1.64838	0.000432482
0.45125	-1.65476	0.000490827
0.45375	-1.66175	0.000431696
0.45625	-1.66823	0.000447952
0.45875	-1.67509	0.000433143
0.46125	-1.68118	0.000426001
0.46375	-1.68784	0.000839741
0.46625	-1.69447	0.000555195
0.46875	-1.70121	0.000432541
0.47125	-1.70777	0.000545782
0.47375	-1.71398	0.000480128
0.47625	-1.72097	0.000630071
0.47875	-1.72684	0.00041037
0.48125	-1.73413	0.000739
0.48375	-1.73991	0.000526009
0.48625	-1.74694	0.000305764
0.48875	-1.7535	0.000576189
0.49125	-1.75957	0.000412149
0.49375	-1.76647	0.000368813
0.49625	-1.77238	0.000433124
0.49875	-1.77924	0.000365782
0.50125	-1.78615	0.000590528
0.50375	-1.7917	0.000519112
0.50625	-1.79852	0.000439761
0.50875	-1.80474	0.000508337
0.51125	-1.81083	0.000446144
0.51375	-1.81739	0.000640552
0.51625	-1.82343	0.000815162
0.51875	-1.83009	0.000557926
0.52125	-1.83592	0.000480261
0.52375	-1.84286	0.000461216
0.52625	-1.84906	0.000411316
0.52875	-1.85492	0.000588848
0.53125	-1.86179	0.000651289
0.53375	-1.86726	0.000658178
0.53625	-1.87405	0.000423452
0.53875	-1.87984	0.000307799
0.54125	-1.88546	0.000595026
0.54375	-1.89204	0.000363378
0.54625	-1.89767	0.000347233
0.54875	-1.90421	0.000590333
0.55125	-1.91046	0.000372669
0.55375	-1.91584	0.000347454
0.55625	-1.92206	0.000524704
0.55875	-1.92872	0.000404296
0.56125	-1.93437	0.000355957
0.56375	-1.94046	0.000418319
0.56625	-1.94626	0.000435453
0.56875	-1.9534	0.000380384
0.57125	-1.95863	0.000450569
0.57375	-1.96427	0.000402306
0.57625	-1.97095	0.000417319
0.57875	-1.97687	0.00045156
0.58125	-1.98263	0.000737596
0.58375	-1.98784	0.000595936
0.58625	-1.99437	0.000629755
0.58875	-1.99986	0.000702831
0.59125	-2.00625	0.0006081
0.59375	-2.01129	0.00054011
0.59625	-2.0176	0.00048237
0.59875	-2.02284	0.000438617
0.60125	-2.02943	0.000491257
0.60375	-2.03521	0.000407495
0.60625	-2.04133	0.000531731
0.60875	-2.04615	0.000713751
0.61125	-2.05266	0.000548785
0.61375	-2.05859	0.000292178
0.61625	-2.06375	0.000778137
0.61875	-2.06994	0.000413906
0.62125	-2.07545	0.000476169
0.62375	-2.08156	0.000618829
0.62625	-2.08696	0.000500183
0.62875	-2.09294	0.00068643
0.63125	-2.09875	0.000575182
0.63375	-2.10412	0.000510043
0.63625	-2.11009	0.000630043
0.63875	-2.115	0.000550968
0.64125	-2.12098	0.00059337
0.64375	-2.12754	0.000618181
0.64625	-2.13254	0.000573236
0.64875	-2.13906	0.000476098
0.65125	-2.14414	0.000453718
0.65375	-2.14874	0.000859399
0.65625	-2.15556	0.000612596
0.65875	-2.16077	0.000477853
0.66125	-2.16589	0.000648956
0.66375	-2.17171	0.000493814
0.66625	-2.17749	0.000704446
0.66875	-2.18328	0.000683421
0.67125	-2.18754	0.00138249
0.67375	-2.19453	0.000771415
0.67625	-2.19946	0.000612083
0.67875	-2.20548	0.000380079
0.68125	-2.21077	0.000569365
0.68375	-2.21479	0.000653565
0.68625	-2.22102	0.000679791
0.68875	-2.22575	0.000817911
0.69125	-2.23282	0.000542058
0.69375	-2.23725	0.000882349
0.69625	-2.24319	0.000549812
0.69875	-2.2475	0.0011911
0.70125	-2.25378	0.000721376
0.70375	-2.25876	0.000807631
0.70625	-2.26434	0.000773345
0.70875	-2.27042	0.000508395
0.71125	-2.27527	0.000681502
0.71375	-2.28067	0.000532641
0.71625	-2.28526	0.00092326
0.71875	-2.29156	0.000579317
0.72125	-2.29637	0.000880839
0.72375	-2.30136	0.000613355
0.72625	-2.30703	0.000599646
0.72875	-2.31238	0.000679798
0.73125	-2.31792	0.0011559
0.73375	-2.32304	0.000463893
0.73625	-2.3279	0.000726341
0.73875	-2.33358	0.000664798
0.74125	-2.33907	0.000592142
0.74375	-2.3439	0.000568937
0.74625	-2.34943	0.00068089
0.74875	-2.35418	0.000608362
0.75125	-2.36004	0.000561841
0.75375	-2.36447	0.000559574
0.75625	-2.37098	0.000475209
0.75875	-2.37445	0.000706034
0.76125	-2.37933	0.00055929
0.76375	-2.38504	0.00106293
0.76625	-2.39073	0.000842577
0.76875	-2.39532	0.00059175
0.77125	-2.4003	0.000611619
0.77375	-2.40698	0.000686261
0.77625	-2.41144	0.000871662
0.77875	-2.41706	0.000853081
0.78125	-2.42075	0.000907571
0.78375	-2.42713	0.000633835
0.78625	-2.4323	0.000621716
0.78875	-2.43571	0.000777638
0.79125	-2.44231	0.000792663
0.79375	-2.44805	0.000854149
0.79625	-2.45166	0.00114448
0.79875	-2.45593	0.00117158
0.80125	-2.46214	0.000657325
0.80375	-2.46754	0.000629998
0.80625	-2.47101	0.00104955
0.80875	-2.47816	0.000799139
0.81125	-2.4827	0.000496922
0.81375	-2.48759	0.00064615
0.81625	-2.49236	0.000681586
0.81875	-2.4965	0.000758965
0.82125	-2.50277	0.00107561
0.82375	-2.5073	0.000504534
0.82625	-2.51156	0.000653264
0.82875	-2.51677	0.000730432
0.83125	-2.52205	0.000715843
0.83375	-2.528	0.000579974
0.83625	-2.53232	0.000941081
0.83875	-2.53673	0.00111039
0.84125	-2.54213	0.000377946
0.84375	-2.5459	0.000511164
0.84625	-2.55149	0.000901714
0.84875	-2.55678	0.000752657
0.85125	-2.56187	0.00069595
0.85375	-2.56575	0.000850865
0.85625	-2.57205	0.000702431
0.85875	-2.57482	0.00102002
0.86125	-2.5811	0.00063225
0.86375	-2.58525	0.000882085
0.86625	-2.58979	0.000789825
0.86875	-2.59479	0.000922203
0.87125	-2.59948	0.00102792
0.87375	-2.60503	0.000709346
0.87625	-2.60973	0.000968951
0.87875	-2.61428	0.00115424
0.88125	-2.6193	0.000803755
0.88375	-2.62395	0.000923538
0.88625	-2.62944	0.00077189
0.88875	-2.63405	0.00114825
0.89125	-2.63913	0.00071154
0.89375	-2.64216	0.000776046
0.89625	-2.64873	0.00087962
0.89875	-2.65184	0.00123202
0.90125	-2.65744	0.000985541
0.90375	-2.66141	0.000913554
0.90625	-2.66678	0.000910049
0.90875	-2.67211	0.00104558
0.91125	-2.67651	0.000711989
0.91375	-2.68037	0.00118012
0.91625	-2.68565	0.000884268
0.91875	-2.69099	0.000777307
0.92125	-2.69577	0.000844688
0.92375	-2.69914	0.000854274
0.92625	-2.70389	0.000868158
0.92875	-2.7092	0.000658361
0.93125	-2.71344	0.00107871
0.93375	-2.71891	0.000827446
0.93625	-2.72379	0.000792332
0.93875	-2.72707	0.000948331
0.94125	-2.73131	0.000849241
0.94375	-2.73744	0.00084376
0.94625	-2.7406	0.00109421
0.94875	-2.74571	0.000687795
0.95125	-2.75089	0.000842557
0.95375	-2.75545	0.00114924
0.95625	-2.75986	0.000544072
0.95875	-2.76558	0.000855594
0.96125	-2.76964	0.00055315
0.96375	-2.77238	0.00135314
0.96625	-2.77982	0.000832233
0.96875	-2.78226	0.00106913
0.97125	-2.78792	0.000870107
0.97375	-2.79196	0.00109209
0.97625	-2.79631	0.00113451
0.97875	-2.80148	0.000917476
0.98125	-2.80651	0.000799957
0.98375	-2.81041	0.000925488
0.98625	-2.81426	0.00112499
0.98875	-2.81948	0.00104415
0.99125	-2.82413	0.000978237
0.99375	-2.82853	0.000863957
0.99625	-2.83362	0.00101852
0.99875	-2.83759	0.000943765
1.00125	-2.8399	0.00118289
1.00375	-2.8454	0.000986767
1.00625	-2.85133	0.000656746
1.00875	-2.85698	0.000997804
1.01125	-2.86026	0.000844436
1.01375	-2.86481	0.000585753
1.01625	-2.86906	0.00115085
1.01875	-2.87291	0.000920692
1.02125	-2.87769	0.00118026
1.02375	-2.88158	0.00096805
1.02625	-2.88644	0.0010715
1.02875	-2.88989	0.000982892
1.03125	-2.89513	0.00100239
1.03375	-2.89871	0.000963532
1.03625	-2.90474	0.000898921
1.03875	-2.90911	0.0011192
1.04125	-2.91395	0.00118164
1.04375	-2.91798	0.000804877
1.04625	-2.92317	0.00102666
1.04875	-2.92657	0.00125999
1.05125	-2.93106	0.0010691
1.05375	-2.93523	0.000822261
1.05625	-2.93946	0.000949096
1.05875	-2.94167	0.00204378
1.06125	-2.9486	0.000891652
1.06375	-2.95216	0.00143542
1.06625	-2.95564	0.00155608
1.06875	-2.96182	0.000859724
1.07125	-2.96612	0.000886664
1.07375	-2.9694	0.001102
1.07625	-2.97335	0.00164425
1.07875	-2.97821	0.000738286
1.08125	-2.98348	0.0012538
1.08375	-2.98748	0.0010895
1.08625	-2.99162	0.00130067
1.08875	-2.9965	0.00186337
1.09125	-3.00115	0.000975298
1.09375	-3.0061	0.00120353
1.09625	-3.00794	0.00106031
1.09875	-3.01366	0.000853531
1.10125	-3.01695	0.0013975
1.10375	-3.02199	0.000897296
1.10625	-3.02685	0.001176
1.10875	-3.03019	0.00131935
1.11125	-3.03481	0.00121583
1.11375	-3.03878	0.000862632
1.11625	-3.04274	0.00139746
1.11875	-3.04718	0.00117125
1.12125	-3.05148	0.00115162
1.12375	-3.05541	0.00151322
1.12625	-3.05943	0.00142246
1.12875	-3.06624	0.000864095
1.13125	-3.06943	0.00103927
1.13375	-3.07335	0.00128983
1.13625	-3.07727	0.000996011
1.13875	-3.08194	0.00102007
1.14125	-3.08777	0.00127427
1.14375	-3.09031	0.00120225
1.14625	-3.09499	0.000915159
1.14875	-3.09844	0.000905129
1.15125	-3.10328	0.0012608
1.15375	-3.10679	0.00111455
1.15625	-3.11241	0.00114168
1.15875	-3.11501	0.00140227
1.16125	-3.12028	0.000952307
1.16375	-3.12506	0.000769339
1.16625	-3.12841	0.00129153
1.16875	-3.13233	0.00141657
1.17125	-3.13765	0.00101439
1.17375	-3.14123	0.000941198
1.17625	-3.14607	0.00125366
1.17875	-3.14865	0.00163254
1.18125	-3.15345	0.00126011
1.18375	-3.15725	0.000972718
1.18625	-3.16226	0.001014
1.18875	-3.1651	0.00121827
1.19125	-3.17086	0.00109164
1.19375	-3.1747	0.00139847
1.19625	-3.1784	0.00142043
1.19875	-3.18137	0.00121104
1.20125	-3.18604	0.00125618
1.20375	-3.19085	0.00174253
1.20625	-3.1959	0.00104856
1.20875	-3.1979	0.00178402
1.21125	-3.20329	0.0014212
1.21375	-3.20811	0.00100183
1.21625	-3.21232	0.000780981
1.21875	-3.21471	0.00126749
1.22125	-3.22007	0.00127871
1.22375	-3.22389	0.00123377
1.22625	-3.22775	0.00148137
1.22875	-3.23199	0.0014877
1.23125	-3.23552	0.000981352
1.23375	-3.23955	0.00151555
1.23625	-3.24413	0.00161673
1.23875	-3.24648	0.0025561
1.24125	-3.25271	0.001333
1.24375	-3.25539	0.00173424
1.24625	-3.25972	0.00158947
1.24875	-3.26566	0.000953852
1.25125	-3.26741	0.00191426
1.25375	-3.27321	0.00135047
1.25625	-3.27657	0.0011422
1.25875	-3.27984	0.00153381
1.26125	-3.28367	0.0013906
1.26375	-3.28949	0.00116388
1.26625	-3.29213	0.0006954
1.26875	-3.29708	0.00118611
1.27125	-3.30173	0.000910029
1.27375	-3.30457	0.00191333
1.27625	-3.30914	0.00136894
1.27875	-3.31217	0.000988914
1.28125	-3.31781	0.00145413
1.28375	-3.32054	0.00139018
1.28625	-3.32677	0.00141782
1.28875	-3.33017	0.00145537
1.29125	-3.3336	0.00133667
1.29375	-3.33793	0.00122099
1.29625	-3.34219	0.000951403
1.29875	-3.34555	0.00116436
1.30125	-3.34998	0.00113848
1.30375	-3.35216	0.00191704
1.30625	-3.35852	0.00150802
1.30875	-3.36152	0.000716977
1.31125	-3.36632	0.00162045
1.31375	-3.36962	0.00139178
1.31625	-3.37379	0.00148701
1.31875	-3.37902	0.00133348
1.32125	-3.38207	0.000859748
1.32375	-3.38656	0.0011844
1.32625	-3.39161	0.000981961
1.32875	-3.39224	0.00166991
1.33125	-3.39806	0.00148375
1.33375	-3.40191	0.00127056
1.33625	-3.40632	0.00131137
1.33875	-3.40917	0.00123687
1.34125	-3.41259	0.00203302
1.34375	-3.4188	0.00143388
1.34625	-3.4216	0.0016412
1.34875	-3.42467	0.00198785
1.35125	-3.42997	0.000712799
1.35375	-3.43361	0.00157284
1.35625	-3.43658	0.00166665
1.35875	-3.44057	0.00110933
1.36125	-3.44627	0.00125147
1.36375	-3.44861	0.00205423
1.36625	-3.45236	0.000815984
1.36875	-3.45745	0.00115369
1.37125	-3.459	0.00233582
1.37375	-3.46605	0.00123917
1.37625	-3.46762	0.00167735
1.37875	-3.47118	0.00148147
1.38125	-3.47621	0.00161705
1.38375	-3.48045	0.00179649
1.38625	-3.48322	0.00146812
1.38875	-3.48874	0.00179271
1.39125	-3.4923	0.00174737
1.39375	-3.49487	0.0017804
1.39625	-3.50045	0.00156469
1.39875	-3.5057	0.00148564
1.40125	-3.50826	0.00110097
1.40375	-3.51197	0.00109652
1.40625	-3.51545	0.00182032
1.40875	-3.51895	0.00165016
1.41125	-3.52329	0.00167959
1.41375	-3.53066	0.00126483
1.41625	-3.53029	0.00199755
1.41875	-3.53652	0.0016799
1.42125	-3.5402	0.00126783
1.42375	-3.54429	0.00172017
1.42625	-3.54652	0.00204898
1.42875	-3.54934	0.00158826
1.43125	-3.55392	0.00190038
1.43375	-3.55885	0.0023119
1.43625	-3.56206	0.00141348
1.43875	-3.5651	0.00162048
1.44125	-3.57079	0.0011113
1.44375	-3.57359	0.000898196
1.44625	-3.57917	0.00126643
1.44875	-3.58303	0.00108993
1.45125	-3.58523	0.000762368
1.45375	-3.58852	0.00147988
1.45625	-3.59256	0.00122386
1.45875	-3.59669	0.00137707
1.46125	-3.59969	0.00172809
1.46375	-3.60502	0.0015858
1.46625	-3.60834	0.00118219
1.46875	-3.6134	0.00140833
1.47125	-3.61509	0.00176913
1.47375	-3.61971	0.00130201
1.47625	-3.62523	0.00143168
1.47875	-3.62927	0.00152232
1.48125	-3.63328	0.00150341
1.48375	-3.63405	0.00151892
1.48625	-3.64094	0.00135502
1.48875	-3.64551	0.00151942
1.49125	-3.64623	0.0010575
1.49375	-3.65166	0.00177263
1.49625	-3.65466	0.00196739
1.49875	-3.65917	0.00184491
1.50125	-3.66103	0.00188496
1.50375	-3.6684	0.00181594
1.50625	-3.6701	0.00186638
1.50875	-3.6729	0.00141592
1.51125	-3.67705	0.00162956
1.51375	-3.682	0.00155742
1.51625	-3.68643	0.00118675
1.51875	-3.68968	0.00163424
1.52125	-3.6915	0.00135136
1.52375	-3.69725	0.00117292
1.52625	-3.70102	0.000979954
1.52875	-3.7043	0.00159718
1.53125	-3.71049	0.00144074
1.53375	-3.71245	0.00159743
1.53625	-3.71551	0.00185241
1.53875	-3.72089	0.00129024
1.54125	-3.72352	0.00168803
1.54375	-3.72782	0.00132841
1.54625	-3.72917	0.00182231
1.54875	-3.73272	0.00206761
1.55125	-3.73806	0.00184782
1.55375	-3.74142	0.00167637
1.55625	-3.74534	0.00188059
1.55875	-3.7477	0.00173443
1.56125	-3.7525	0.00133869
1.56375	-3.75568	0.00160978
1.56625	-3.75974	0.00132928
1.56875	-3.76505	0.00177806
1.57125	-3.7686	0.0017959
1.57375	-3.77258	0.00141948
1.57625	-3.77816	0.00185253
1.57875	-3.77881	0.00166695
1.58125	-3.78634	0.00134825
1.58375	-3.78657	0.00168679
1.58625	-3.79064	0.0015353
1.58875	-3.7918	0.00193401
1.59125	-3.79703	0.0018648
1.59375	-3.80366	0.00155801
1.59625	-3.80631	0.00148512
1.59875	-3.81124	0.00183579
1.60125	-3.81324	0.00204191
1.60375	-3.81742	0.000825145
1.60625	-3.82042	0.00159494
1.60875	-3.82474	0.00151078
1.61125	-3.82668	0.00195961
1.61375	-3.83067	0.00246435
1.61625	-3.83452	0.00145363
1.61875	-3.84125	0.001514
1.62125	-3.84234	0.0014257
1.62375	-3.84766	0.00181995
1.62625	-3.85093	0.00134154
1.62875	-3.85415	0.00157275
1.63125	-3.85835	0.00195758
1.63375	-3.85978	0.00127676
1.63625	-3.86638	0.00132711
1.63875	-3.86993	0.00189371
1.64125	-3.87234	0.00204695
1.64375	-3.87609	0.0023179
1.64625	-3.8804	0.00237084
1.64875	-3.88534	0.00210202
1.65125	-3.88739	0.00113607
1.65375	-3.89135	0.00140356
1.65625	-3.89458	0.00173742
1.65875	-3.89842	0.00171606
1.66125	-3.90485	0.00107205
1.66375	-3.90435	0.00244642
1.66625	-3.90952	0.00143109
1.66875	-3.91352	0.00237074
1.67125	-3.91777	0.00204444
1.67375	-3.92109	0.0019418
1.67625	-3.92599	0.00151635
1.67875	-3.92706	0.0018908
1.68125	-3.93486	0.00167814
1.68375	-3.93736	0.00129625
1.68625	-3.94081	0.0013532
1.68875	-3.94548	0.00132857
1.69125	-3.94676	0.00295246
1.69375	-3.95151	0.000700844
1.69625	-3.95488	0.002434
1.69875	-3.95811	0.00169175
1.70125	-3.95967	0.0028839
1.70375	-3.96528	0.0018058
1.70625	-3.96853	0.00144888
1.70875	-3.97278	0.00118121
1.71125	-3.97837	0.00148069
1.71375	-3.9811	0.0016064
1.71625	-3.98211	0.00189528
1.71875	-3.98745	0.00154786
1.72125	-3.98942	0.00266994
1.72375	-3.99296	0.0016077
1.72625	-3.99823	0.00264875
1.72875	-4.00176	0.00133989
1.73125	-4.00581	0.00262574
1.73375	-4.01147	0.0018245
1.73625	-4.01504	0.00196451
1.73875	-4.01606	0.00195948
1.74125	-4.02113	0.0019531
1.74375	-4.02455	0.00166431
1.74625	-4.02612	0.00287502
1.74875	-4.03357	0.00207772
1.75125	-4.0348	0.00131167
1.75375	-4.03985	0.00198415
1.75625	-4.04262	0.00271433
1.75875	-4.04575	0.00297154
1.76125	-4.04686	0.00250791
1.76375	-4.05239	0.00194737
1.76625	-4.05713	0.00324379
1.76875	-4.06101	0.00259278
1.77125	-4.0635	0.00234872
1.77375	-4.06922	0.00208704
1.77625	-4.07218	0.00137616
1.77875	-4.07568	0.00269757
1.78125	-4.08032	0.00167972
1.78375	-4.08287	0.00260794
1.78625	-4.08527	0.00235635
1.78875	-4.0891	0.00207292
1.79125	-4.09276	0.00120087
1.79375	-4.09882	0.00167275
1.79625	-4.10191	0.0018277
1.79875	-4.10452	0.00190624
1.80125	-4.10932	0.00154393
1.80375	-4.111	0.00227148
1.80625	-4.11474	0.00259403
1.80875	-4.11647	0.0025467
1.81125	-4.12274	0.00244251
1.81375	-4.12675	0.00159735
1.81625	-4.12936	0.00195438
1.81875	-4.13388	0.00233564
1.82125	-4.13708	0.00170201
1.82375	-4.13928	0.00239862
1.82625	-4.14453	0.00277082
1.82875	-4.14778	0.0016023
1.83125	-4.15217	0.00197557
1.83375	-4.15289	0.00305115
1.83625	-4.15941	0.00191926
1.83875	-4.16278	0.00157688
1.84125	-4.16465	0.00243664
1.84375	-4.17145	0.00189041
1.84625	-4.17273	0.00248966
1.84875	-4.17589	0.00211983
1.85125	-4.18025	0.00255165
1.85375	-4.18347	0.0023169
1.85625	-4.18547	0.00221784
1.85875	-4.19295	0.00148615
1.86125	-4.19315	0.00239715
1.86375	-4.1983	0.00193614
1.86625	-4.20189	0.00155329
1.86875	-4.20512	0.002057
1.87125	-4.20764	0.00169211
1.87375	-4.21111	0.00263596
1.87625	-4.21758	0.00189153
1.87875	-4.22096	0.0023869
1.88125	-4.2242	0.00251308
1.88375	-4.22643	0.00225744
1.88625	-4.23017	0.00143945
1.88875	-4.23328	0.00186206
1.89125	-4.2392	0.00168304
1.89375	-4.24078	0.0016064
1.89625	-4.24511	0.00204572
1.89875	-4.2461	0.00250814
1.90125	-4.25081	0.00208526
1.90375	-4.25771	0.00282645
1.90625	-4.2593	0.00146896
1.90875	-4.26381	0.00219137
1.91125	-4.26564	0.00215781
1.91375	-4.26886	0.00196593
1.91625	-4.27376	0.0025973
1.91875	-4.27944	0.00139982
1.92125	-4.27892	0.00242182
1.92375	-4.28461	0.00225691
1.92625	-4.28688	0.00181209
1.92875	-4.29293	0.00255059
1.93125	-4.29565	0.00307881
1.93375	-4.29824	0.00184036
1.93625	-4.3027	0.001832
1.93875	-4.30482	0.00227567
1.94125	-4.3102	0.0018938
1.94375	-4.31401	0.00211793
1.94625	-4.31655	0.00324185
1.94875	-4.32121	0.00175563
1.95125	-4.32537	0.00152015
1.95375	-4.32613	0.00235678
1.95625	-4.33151	0.00278951
1.95875	-4.3362	0.00166026
1.96125	-4.33989	0.00264501
1.96375	-4.34258	0.002041
1.96625	-4.34721	0.00142118
1.96875	-4.34959	0.00217639
1.97125	-4.35127	0.0021163
1.97375	-4.35601	0.00331999
1.97625	-4.3605	0.00206359
1.97875	-4.36424	0.00305585
1.98125	-4.36787	0.00242296
1.98375	-4.37261	0.00151324
1.98625	-4.37429	0.00252675
1.98875	-4.3755	0.00296524
1.99125	-4.38388	0.00221006
1.99375	-4.38519	0.00177189
1.99625	-4.38668	0.00340845
1.99875	-4.39343	0.0015164
2.00125	-4.39738	0.00280656
2.00375	-4.39827	0.00232918
2.00625	-4.40283	0.00199124
2.00875	-4.40766	0.00193459
2.01125	-4.40995	0.00261617
2.01375	-4.41288	0.00299645
2.01625	-4.4155	0.00212694
2.01875	-4.42043	0.00153962
2.02125	-4.42314	0.00272365
2.02375	-4.4275	0.00315604
2.02625	-4.43162	0.00304393
2.02875	-4.43338	0.00167606
2.03125	-4.43692	0.00168167
2.03375	-4.44573	0.00184483
2.03625	-4.44167	0.00345446
2.03875	-4.44912	0.00205588
2.04125	-4.45309	0.0022192
2.04375	-4.45416	0.00302221
2.04625	-4.45832	0.00215926
2.04875	-4.4656	0.0022612
2.05125	-4.46498	0.00264865
2.05375	-4.47249	0.00185234
2.05625	-4.47586	0.0021615
2.05875	-4.47752	0.00221864
2.06125	-4.47872	0.00274498
2.06375	-4.48335	0.00265791
2.06625	-4.48609	0.00263006
2.06875	-4.49173	0.00361381
2.07125	-4.49497	0.00248742
2.07375	-4.50004	0.00204713
2.07625	-4.50212	0.0016751
2.07875	-4.50404	0.00269728
2.08125	-4.50631	0.00229714
2.08375	-4.51216	0.00267571
2.08625	-4.51427	0.00290807
2.08875	-4.51773	0.0022163
2.09125	-4.52101	0.00236608
2.09375	-4.52558	0.00272252
2.09625	-4.53169	0.00271952
2.09875	-4.53266	0.00228643
2.10125	-4.53905	0.00276349
2.10375	-4.54048	0.00156754
2.10625	-4.54504	0.00227735
2.10875	-4.54967	0.00178422
2.11125	-4.55185	0.00236342
2.11375	-4.55695	0.00221709
2.11625	-4.55768	0.00273001
2.11875	-4.56184	0.00308266
2.12125	-4.56637	0.00178412
2.12375	-4.56805	0.00266876
2.12625	-4.57145	0.00240364
2.12875	-4.57791	0.0019176
2.13125	-4.58001	0.00309947
2.13375	-4.58483	0.00200679
2.13625	-4.58893	0.00252663
2.13875	-4.5897	0.0023291
2.14125	-4.58962	0.00393976
2.14375	-4.59439	0.00181391
2.14625	-4.59982	0.00239697
2.14875	-4.60585	0.00254759
2.15125	-4.60795	0.00230915
2.15375	-4.60819	0.00406651
2.15625	-4.61669	0.00197422
2.15875	-4.61728	0.00236188
2.16125	-4.62049	0.0026427
2.16375	-4.62394	0.00298865
2.16625	-4.62965	0.00225857
2.16875	-4.63344	0.00197654
2.17125	-4.63333	0.00252472
2.17375	-4.63811	0.00234275
2.17625	-4.64188	0.00254074
2.17875	-4.64383	0.00254605
2.18125	-4.64705	0.00281985
2.18375	-4.65273	0.00215092
2.18625	-4.65419	0.00262053
2.18875	-4.66026	0.00246946
2.19125	-4.66527	0.00281544
2.19375	-4.66742	0.00212408
2.19625	-4.67044	0.00326828
2.19875	-4.67483	0.00264105
2.20125	-4.67652	0.0026119
2.20375	-4.68135	0.00266289
2.20625	-4.68392	0.0028789
2.20875	-4.68551	0.0031854
2.21125	-4.69087	0.00233985
2.21375	-4.69842	0.00274679
2.21625	-4.70075	0.00239303
2.21875	-4.70055	0.00325304
2.22125	-4.70744	0.00260426
2.22375	-4.70826	0.00273225
2.22625	-4.70866	0.0030257
2.22875	-4.71774	0.00233181
2.23125	-4.71863	0.00202735
2.23375	-4.72299	0.00315023
2.23625	-4.72903	0.00231425
2.23875	-4.72707	0.0042397
2.24125	-4.73336	0.00302274
2.24375	-4.73869	0.00233431
2.24625	-4.74021	0.00225693
2.24875	-4.74453	0.00152795
2.25125	-4.7472	0.00201396
2.25375	-4.7533	0.0021288
2.25625	-4.75479	0.00325162
2.25875	-4.75669	0.00319849
2.26125	-4.75922	0.00224793
2.26375	-4.76522	0.00321229
2.26625	-4.76876	0.00290039
2.26875	-4.76947	0.00383835
2.27125	-4.77404	0.0033601
2.27375	-4.77748	0.00260882
2.27625	-4.78164	0.00412508
2.27875	-4.78655	0.00153074
2.28125	-4.79225	0.00289356
2.28375	-4.79428	0.00301641
2.28625	-4.79641	0.00311449
2.28875	-4.80052	0.00209904
2.29125	-4.80277	0.0033981
2.29375	-4.80539	0.00307511
2.29625	-4.81167	0.0030368
2.29875	-4.81662	0.00308268
2.30125	-4.82006	0.0028806
2.30375	-4.82031	0.00230922
2.30625	-4.826	0.00202727
2.30875	-4.82879	0.00180482
2.31125	-4.83054	0.00257467
2.31375	-4.83543	0.00334833
2.31625	-4.84017	0.00267348
2.31875	-4.83984	0.00323778
2.32125	-4.84909	0.00274772
2.32375	-4.8476	0.00224366
2.32625	-4.85189	0.00251292
2.32875	-4.85476	0.00291316
2.33125	-4.8605	0.00293455
2.33375	-4.86338	0.00263494
2.33625	-4.86582	0.00324068
2.33875	-4.86765	0.00267765
2.34125	-4.87312	0.00228926
2.34375	-4.87734	0.0025493
2.34625	-4.88011	0.00276232
2.34875	-4.88662	0.00211946
2.35125	-4.88959	0.00189146
2.35375	-4.88835	0.00301861
2.35625	-4.89386	0.00223704
2.35875	-4.89896	0.00230071
2.36125	-4.90051	0.00296598
2.36375	-4.90464	0.00274519
2.36625	-4.90996	0.0027984
2.36875	-4.91407	0.00216815
2.37125	-4.91413	0.00315403
2.37375	-4.91914	0.00400627
2.37625	-4.92362	0.0024967
2.37875	-4.92552	0.00311546
2.38125	-4.9304	0.00285851
2.38375	-4.93173	0.00316864
2.38625	-4.93618	0.00282481
2.38875	-4.9377	0.00280047
2.39125	-4.94083	0.00321888
2.39375	-4.94487	0.00348609
2.39625	-4.95189	0.00291153
2.39875	-4.95482	0.00228751
2.40125	-4.95629	0.00492048
2.40375	-4.96315	0.00348717
2.40625	-4.96238	0.00320272
2.40875	-4.96646	0.00297161
2.41125	-4.96903	0.00249808
2.41375	-4.97291	0.00409374
2.41625	-4.97843	0.00324462
2.41875	-4.97852	0.00292107
2.42125	-4.9828	0.00334526
2.42375	-4.98545	0.00260467
2.42625	-4.98833	0.00252191
2.42875	-4.99388	0.00276557
2.43125	-4.9992	0.00289441
2.43375	-5.00314	0.00205182
2.43625	-5.00626	0.00301435
2.43875	-5.00711	0.00356222
2.44125	-5.0123	0.00397232
2.44375	-5.01537	0.0027838
2.44625	-5.01896	0.00251676
2.44875	-5.02218	0.00210366
2.45125	-5.02868	0.00256412
2.45375	-5.02809	0.00313926
2.45625	-5.03459	0.00299048
2.45875	-5.04133	0.00294471
2.46125	-5.0426	0.00382097
2.46375	-5.04434	0.00284944
2.46625	-5.04538	0.00385494
2.46875	-5.05129	0.00295931
2.47125	-5.05261	0.00253761
2.47375	-5.05494	0.00330243
2.47625	-5.06162	0.00330247
2.47875	-5.06416	0.00342127
2.48125	-5.06779	0.00331833
2.48375	-5.06945	0.0023601
2.48625	-5.07969	0.00276323
2.48875	-5.07869	0.00243542
2.49125	-5.08067	0.00326745
2.49375	-5.0821	0.00411438
2.49625	-5.09138	0.00365941
2.49875	-5.09028	0.00406961
2.50125	-5.0999	0.002763
2.50375	-5.0991	0.00263901
2.50625	-5.10082	0.00340266
2.50875	-5.10617	0.00307968
2.51125	-5.10772	0.00298819
2.51375	-5.11131	0.00325862
2.51625	-5.11303	0.00284823
2.51875	-5.11949	0.00380724
2.52125	-5.12379	0.00153039
2.52375	-5.1259	0.00323248
2.52625	-5.13195	0.00254412
2.52875	-5.13285	0.0025553
2.53125	-5.13746	0.00272323
2.53375	-5.14129	0.00320341
2.53625	-5.14249	0.00330428
2.53875	-5.14641	0.00286652
2.54125	-5.1519	0.00419877
2.54375	-5.15868	0.00314181
2.54625	-5.15942	0.00379952
2.54875	-5.16061	0.0028234
2.55125	-5.16685	0.0028661
2.55375	-5.17008	0.00244239
2.55625	-5.16945	0.00504902
2.55875	-5.17369	0.00237105
2.56125	-5.18011	0.00243443
2.56375	-5.17818	0.00379683
2.56625	-5.18376	0.00203008
2.56875	-5.19013	0.00321239
2.57125	-5.19299	0.00262601
2.57375	-5.19694	0.00337213
2.57625	-5.19705	0.00382778
2.57875	-5.20316	0.00294411
2.58125	-5.2052	0.00290935
2.58375	-5.20804	0.00270438
2.58625	-5.21146	0.00239665
2.58875	-5.2117	0.00264158
2.59125	-5.21911	0.00235428
2.59375	-5.2247	0.00390305
2.59625	-5.22468	0.00457755
2.59875	-5.23014	0.00348338
2.60125	-5.23545	0.00291714
2.60375	-5.23302	0.00374845
2.60625	-5.24192	0.0028618
2.60875	-5.24352	0.00206139
2.61125	-5.24708	0.00280951
2.61375	-5.25093	0.00310268
2.61625	-5.25241	0.00355406
2.61875	-5.25935	0.00264942
2.62125	-5.25966	0.00355756
2.62375	-5.26323	0.00398538
2.62625	-5.26991	0.00349712
2.62875	-5.27414	0.00206461
2.63125	-5.27781	0.00260981
2.63375	-5.27881	0.00374893
2.63625	-5.28295	0.00269516
2.63875	-5.28585	0.00354765
2.64125	-5.28946	0.00246927
2.64375	-5.28859	0.00348896
2.64625	-5.29785	0.00256332
2.64875	-5.296	0.00466951
2.65125	-5.30409	0.0046235
2.65375	-5.30844	0.00269009
2.65625	-5.30849	0.00308567
2.65875	-5.3109	0.00323243
2.66125	-5.31662	0.0038232
2.66375	-5.32305	0.00237606
2.66625	-5.32492	0.00329215
2.66875	-5.32767	0.00313744
2.67125	-5.32668	0.00317211
2.67375	-5.33505	0.00206605
2.67625	-5.33434	0.00404793
2.67875	-5.33884	0.00404432
2.68125	-5.34204	0.00409613
2.68375	-5.3478	0.00322694
2.68625	-5.34869	0.00271676
2.68875	-5.35465	0.00250782
2.69125	-5.35853	0.00192206
2.69375	-5.35825	0.00259228
2.69625	-5.3619	0.00352082
2.69875	-5.36541	0.00358378
2.70125	-5.36935	0.00434532
2.70375	-5.37415	0.00512966
2.70625	-5.38148	0.00270541
2.70875	-5.37999	0.00382127
2.71125	-5.38672	0.00317339
2.71375	-5.38989	0.0037019
2.71625	-5.39467	0.00326276
2.71875	-5.39256	0.00241785
2.72125	-5.40374	0.00267833
2.72375	-5.40021	0.00288169
2.72625	-5.40453	0.00213527
2.72875	-5.40793	0.00348106
2.73125	-5.41185	0.00319986
2.73375	-5.42064	0.00411772
2.73625	-5.4207	0.0040186
2.73875	-5.42159	0.00195274
2.74125	-5.42701	0.0042612
2.74375	-5.42514	0.00464961
2.74625	-5.43244	0.00369671
2.74875	-5.43407	0.00269598
2.75125	-5.44375	0.00283332
2.75375	-5.44509	0.00427576
2.75625	-5.44739	0.00374638
2.75875	-5.44678	0.00305872
2.76125	-5.45737	0.00323534
2.76375	-5.45994	0.00342061
2.76625	-5.45978	0.00276932
2.76875	-5.46462	0.00336774
2.77125	-5.4669	0.00283451
2.77375	-5.46583	0.00526335
2.77625	-5.47821	0.00243915
2.77875	-5.48113	0.00370563
2.78125	-5.47837	0.00322862
2.78375	-5.48511	0.00344366
2.78625	-5.48992	0.00287712
2.78875	-5.49132	0.00516867
2.79125	-5.49355	0.00447987
2.79375	-5.49392	0.00302902
2.79625	-5.50166	0.00381594
2.79875	-5.50266	0.00560914
2.80125	-5.50849	0.00340136
2.80375	-5.50999	0.0033966
2.80625	-5.51325	0.00278709
2.80875	-5.51993	0.00291771
2.81125	-5.52369	0.00346121
2.81375	-5.52669	0.00373728
2.81625	-5.52848	0.00278165
2.81875	-5.53248	0.00462431
2.82125	-5.53561	0.00246902
2.82375	-5.53392	0.00379489
2.82625	-5.54134	0.00377461
2.82875	-5.54533	0.00144712
2.83125	-5.55204	0.00280548
2.83375	-5.55084	0.00428177
2.83625	-5.56052	0.00344755
2.83875	-5.55764	0.00324155
2.84125	-5.55893	0.00364924
2.84375	-5.56549	0.0031716
2.84625	-5.56633	0.00465497
2.84875	-5.57433	0.00450402
2.85125	-5.58045	0.00196262
2.85375	-5.57942	0.00458733
2.85625	-5.58495	0.00230404
2.85875	-5.58912	0.0035871
2.86125	-5.5887	0.00311948
2.86375	-5.59789	0.00228659
2.86625	-5.59498	0.00476236
2.86875	-5.6002	0.00305498
2.87125	-5.6079	0.00359746
2.87375	-5.60607	0.0045085
2.87625	-5.6089	0.00311892
2.87875	-5.61685	0.00280185
2.88125	-5.61687	0.00270174
2.88375	-5.61969	0.00343854
2.88625	-5.62181	0.00538731
2.88875	-5.63177	0.00345016
2.89125	-5.63089	0.00388951
2.89375	-5.63796	0.00472225
2.89625	-5.64098	0.00271819
2.89875	-5.64106	0.00579056
2.90125	-5.64083	0.00343035
2.90375	-5.65127	0.00349024
2.90625	-5.65734	0.00316751
2.90875	-5.65846	0.0033444
2.91125	-5.65623	0.00455823
2.91375	-5.6581	0.00383932
2.91625	-5.66617	0.00318601
2.91875	-5.6716	0.00317251
2.92125	-5.67449	0.00340888
2.92375	-5.67644	0.00325734
2.92625	-5.67642	0.00315172
2.92875	-5.68337	0.00338438
2.93125	-5.68407	0.00393335
2.93375	-5.6861	0.00299847
2.93625	-5.69046	0.00486764
2.93875	-5.69457	0.0051535
2.94125	-5.69834	0.00396454
2.94375	-5.70664	0.00274746
2.94625	-5.7031	0.0030093
2.94875	-5.70801	0.00430835
2.95125	-5.71327	0.00393287
2.95375	-5.71101	0.00438354
2.95625	-5.71617	0.00308703
2.95875	-5.72562	0.00399242
2.96125	-5.72736	0.00289918
2.96375	-5.73385	0.00356736
2.96625	-5.73276	0.00347974
2.96875	-5.73729	0.00607282
2.97125	-5.74114	0.00293626
2.97375	-5.7458	0.00310241
2.97625	-5.74203	0.00413788
2.97875	-5.74889	0.00445121
2.98125	-5.75412	0.0036909
2.98375	-5.75997	0.0033892
2.98625	-5.75468	0.00469662
2.98875	-5.76404	0.00378631
2.99125	-5.76469	0.00370854
2.99375	-5.77072	0.00596837
2.99625	-5.78079	0.00422263
2.99875	-5.77662	0.0075158
3.00125	-5.77967	0.00482655
3.00375	-5.7883	0.00418056
3.00625	-5.78636	0.00515429
3.00875	-5.79394	0.00373352
3.01125	-5.79644	0.00274454
3.01375	-5.80575	0.00429736
3.01625	-5.80529	0.00305737
3.01875	-5.81199	0.0053743
3.02125	-5.81029	0.00297121
3.02375	-5.81352	0.00310608
3.02625	-5.817	0.0032719
3.02875	-5.81491	0.00490742
3.03125	-5.81654	0.00335553
3.03375	-5.82365	0.00282952
3.03625	-5.82869	0.00422826
3.03875	-5.83164	0.00526637
3.04125	-5.83761	0.00466574
3.04375	-5.84076	0.00338261
3.04625	-5.8453	0.00328378
3.04875	-5.84712	0.00220807
3.05125	-5.85122	0.00342197
3.05375	-5.85427	0.00361143
3.05625	-5.85787	0.00596631
3.05875	-5.86148	0.00275769
3.06125	-5.87269	0.0049716
3.06375	-5.86261	0.00449603
3.06625	-5.87052	0.00432891
3.06875	-5.87669	0.0043553
3.07125	-5.87727	0.0035636
3.07375	-5.88287	0.00299425
3.07625	-5.88367	0.00276599
3.07875	-5.88441	0.00399379
3.08125	-5.88909	0.00407875
3.08375	-5.89641	0.00351244
3.08625	-5.8952	0.00258043
3.08875	-5.90142	0.00414418
3.09125	-5.90624	0.00417916
3.09375	-5.90695	0.00263256
3.09625	-5.90971	0.00370802
3.09875	-5.91582	0.00361146
3.10125	-5.92356	0.00274854
3.10375	-5.92547	0.0027564
3.10625	-5.92667	0.00357012
3.10875	-5.93109	0.00476021
3.11125	-5.92838	0.00558752
3.11375	-5.93508	0.00347721
3.11625	-5.93972	0.00183067
3.11875	-5.93958	0.00506585
3.12125	-5.94391	0.00490204
3.12375	-5.94748	0.00492948
3.12625	-5.95416	0.00256579
3.12875	-5.95414	0.00601967
3.13125	-5.95854	0.00445716
3.13375	-5.96067	0.00386174
3.13625	-5.97141	0.00314213
3.13875	-5.97223	0.00449274
3.14125	-5.97835	0.00365835
3.14375	-5.97925	0.00343094
3.14625	-5.98046	0.00377001
3.14875	-5.98694	0.00442139
3.15125	-5.98401	0.0032728
3.15375	-5.98893	0.00448933
3.15625	-5.99146	0.00314438
3.15875	-5.99621	0.00238302
3.16125	-6.00203	0.00222734
3.16375	-6.00538	0.00433126
3.16625	-6.00836	0.00431198
3.16875	-6.0126	0.0072788
3.17125	-6.01427	0.00474237
3.17375	-6.01416	0.00582748
3.17625	-6.02326	0.00418226
3.17875	-6.02285	0.00355148
3.18125	-6.02369	0.00475252
3.18375	-6.02756	0.00315433
3.18625	-6.03411	0.00527675
3.18875	-6.03844	0.00415945
3.19125	-6.03983	0.00532389
3.19375	-6.05161	0.00444532
3.19625	-6.04916	0.00410956
3.19875	-6.05586	0.00223801
3.20125	-6.06089	0.00379645
3.20375	-6.06145	0.00592299
3.20625	-6.06279	0.00310414
3.20875	-6.06603	0.00329519
3.21125	-6.07293	0.00306922
3.21375	-6.06836	0.00621266
3.21625	-6.07325	0.0046009
3.21875	-6.08183	0.0035761
3.22125	-6.08276	0.00418253
3.22375	-6.08006	0.00374211
3.22625	-6.08579	0.00439494
3.22875	-6.08981	0.0050555
3.23125	-6.09603	0.00407536
3.23375	-6.10262	0.00265892
3.23625	-6.10019	0.00478801
3.23875	-6.10296	0.00442824
3.24125	-6.11284	0.00330348
3.24375	-6.11237	0.00311247
3.24625	-6.11489	0.0052257
3.24875	-6.12224	0.00294192
3.25125	-6.12071	0.00447395
3.25375	-6.12286	0.0046517
3.25625	-6.12733	0.0029822
3.25875	-6.13401	0.00447895
3.26125	-6.14094	0.00311648
3.26375	-6.13751	0.00499969
3.26625	-6.14597	0.00278045
3.26875	-6.1542	0.00409774
3.27125	-6.14956	0.00422956
3.27375	-6.15176	0.0033404
3.27625	-6.15447	0.00495358
3.27875	-6.1565	0.00519105
3.28125	-6.1675	0.00408435
3.28375	-6.17046	0.00305478
3.28625	-6.16858	0.00770525
3.28875	-6.17747	0.00421897
3.29125	-6.18107	0.00278062
3.29375	-6.17515	0.00412052
3.29625	-6.1884	0.00360377
3.29875	-6.1858	0.00371135
3.30125	-6.18891	0.00444772
3.30375	-6.19689	0.00388841
3.30625	-6.19715	0.0074018
3.30875	-6.20081	0.00439379
3.31125	-6.19777	0.005454
3.31375	-6.21205	0.00320356
3.31625	-6.21691	0.00325396
3.31875	-6.21698	0.00352767
3.32125	-6.22445	0.00402744
3.32375	-6.22246	0.0058468
3.32625	-6.2289	0.00339391
3.32875	-6.22277	0.00693732
3.33125	-6.23731	0.00433102
3.33375	-6.23816	0.00407234
3.33625	-6.23862	0.00602414
3.33875	-6.24458	0.00356622
3.34125	-6.24774	0.00438281
3.34375	-6.24743	0.00687379
3.34625	-6.25078	0.00570806
3.34875	-6.25877	0.00269278
3.35125	-6.2612	0.00652559
3.35375	-6.26459	0.00349668
3.35625	-6.26973	0.00471821
3.35875	-6.27451	0.00501141
3.36125	-6.27712	0.00372371
3.36375	-6.27961	0.00445042
3.36625	-6.27413	0.00465843
3.36875	-6.28056	0.00353502
3.37125	-6.28796	0.00363505
3.37375	-6.28402	0.00350617
3.37625	-6.29403	0.0054981
3.37875	-6.29631	0.00410234
3.38125	-6.30064	0.00607293
3.38375	-6.29986	0.00338142
3.38625	-6.30623	0.00500241
3.38875	-6.30973	0.00392504
3.39125	-6.31363	0.00567354
3.39375	-6.32393	0.00553191
3.39625	-6.32348	0.002962
3.39875	-6.32135	0.00538328
3.40125	-6.33074	0.00334252
3.40375	-6.3294	0.0061517
3.40625	-6.32817	0.00345512
3.40875	-6.33572	0.0050456
3.41125	-6.3347	0.00496137
3.41375	-6.35335	0.00351795
3.41625	-6.34309	0.00395024
3.41875	-6.35523	0.00553043
3.42125	-6.35177	0.00361785
3.42375	-6.35658	0.00407066
3.42625	-6.36103	0.00431367
3.42875	-6.36528	0.00208999
3.43125	-6.36571	0.00590336
3.43375	-6.37617	0.00532018
3.43625	-6.37981	0.00523171
3.43875	-6.37947	0.00454383
3.44125	-6.38068	0.00358234
3.44375	-6.38656	0.00525592
3.44625	-6.39218	0.00374982
3.44875	-6.39204	0.00592719
3.45125	-6.39697	0.00475421
3.45375	-6.39613	0.005008
3.45625	-6.40557	0.00535038
3.45875	-6.406	0.00387158
3.46125	-6.40844	0.00657473
3.46375	-6.41574	0.00543414
3.46625	-6.41606	0.00411922
3.46875	-6.41828	0.00642854
3.47125	-6.42005	0.0054647
3.47375	-6.42433	0.00637107
3.47625	-6.43428	0.00451456
3.47875	-6.43103	0.00416702
3.48125	-6.43648	0.0053329
3.48375	-6.44675	0.00525541
3.48625	-6.44022	0.00590257
3.48875	-6.44437	0.00733232
3.49125	-6.45023	0.00486281
3.49375	-6.44942	0.0042813
3.49625	-6.45143	0.00498612
3.49875	-6.46343	0.00467109
3.50125	-6.46006	0.00614636
3.50375	-6.46507	0.00445504
3.50625	-6.47354	0.00602719
3.50875	-6.4762	0.00589056
3.51125	-6.48226	0.00321311
3.51375	-6.47979	0.00497721
3.51625	-6.48303	0.00574309
3.51875	-6.48706	0.00558876
3.52125	-6.49006	0.00698382
3.52375	-6.49229	0.0077998
3.52625	-6.49244	0.00593153
3.52875	-6.50082	0.00555277
3.53125	-6.50144	0.00781642
3.53375	-6.49954	0.00693127
3.53625	-6.50502	0.00484291
3.53875	-6.51102	0.00492423
3.54125	-6.52539	0.00456812
3.54375	-6.51916	0.00567991
3.54625	-6.5277	0.00589292
3.54875	-6.53048	0.00458441
3.55125	-6.52709	0.00402672
3.55375	-6.53267	0.0045041
3.55625	-6.54242	0.00557792
3.55875	-6.54321	0.00627705
3.56125	-6.5436	0.00532566
3.56375	-6.55677	0.00424464
3.56625	-6.55293	0.00527688
3.56875	-6.56048	0.00466287
3.57125	-6.55839	0.00669389
3.57375	-6.56991	0.00565159
3.57625	-6.56788	0.00448418
3.57875	-6.5697	0.00527121
3.58125	-6.57157	0.00510135
3.58375	-6.57903	0.00560506
3.58625	-6.57643	0.00465773
3.58875	-6.5758	0.00653743
3.59125	-6.58519	0.00498106
3.59375	-6.59044	0.00448963
3.59625	-6.5924	0.00514715
3.59875	-6.59658	0.00520719
3.60125	-6.59716	0.00579989
3.60375	-6.60127	0.00505947
3.60625	-6.60999	0.00562662
3.60875	-6.61316	0.00602121
3.61125	-6.60867	0.00364555
3.61375	-6.61196	0.00358252
3.61625	-6.62523	0.00565907
3.61875	-6.62231	0.00462763
3.62125	-6.62477	0.00476481
3.62375	-6.633	0.00560898
3.62625	-6.6292	0.00374519
3.62875	-6.64058	0.00569331
3.63125	-6.64129	0.00651857
3.63375	-6.64136	0.00602684
3.63625	-6.65017	0.00413234
3.63875	-6.64349	0.0079807
3.64125	-6.65403	0.00521787
3.64375	-6.65885	0.00445681
3.64625	-6.65843	0.00662496
3.64875	-6.66087	0.00368566
3.65125	-6.66614	0.0058632
3.65375	-6.67687	0.00632719
3.65625	-6.67445	0.00563326
3.65875	-6.67791	0.00784138
3.66125	-6.6795	0.00363735
3.66375	-6.68132	0.00452551
3.66625	-6.68501	0.00645423
3.66875	-6.68544	0.0050511
3.67125	-6.68272	0.00819043
3.67375	-6.69225	0.00753397
3.67625	-6.70188	0.00320529
3.67875	-6.7022	0.00559895
3.68125	-6.70566	0.00632666
3.68375	-6.71142	0.00724083
3.68625	-6.71582	0.00538529
3.68875	-6.7087	0.00651295
3.69125	-6.72462	0.00368712
3.69375	-6.71897	0.00954491
3.69625	-6.73101	0.00956843
3.69875	-6.73114	0.00623593
3.70125	-6.73343	0.00565806
3.70375	-6.73996	0.00487099
3.70625	-6.7414	0.00585631
3.70875	-6.74229	0.00671346
3.71125	-6.75382	0.00587988
3.71375	-6.75283	0.00611384
3.71625	-6.74541	0.00743155
3.71875	-6.76252	0.00605814
3.72125	-6.75672	0.00628155
3.72375	-6.76238	0.00427159
3.72625	-6.77717	0.00819574
3.72875	-6.76621	0.00402493
3.73125	-6.77786	0.00390616
3.73375	-6.77629	0.00608621
3.73625	-6.77869	0.00553333
3.73875	-6.78729	0.00480952
3.74125	-6.79181	0.0045146
3.74375	-6.79769	0.00468114
3.74625	-6.7974	0.00396546
3.74875	-6.80018	0.00483706
3.75125	-6.80242	0.00777116
3.75375	-6.80419	0.00585313
3.75625	-6.80681	0.00584233
3.75875	-6.81735	0.00855222
3.76125	-6.80837	0.00546626
3.76375	-6.82054	0.00953791
3.76625	-6.82286	0.00693992
3.76875	-6.82799	0.00589858
3.77125	-6.83025	0.00550904
3.77375	-6.83835	0.0048837
3.77625	-6.83328	0.00347973
3.77875	-6.84007	0.00470952
3.78125	-6.84008	0.00547336
3.78375	-6.83678	0.005618
3.78625	-6.84695	0.0092068
3.78875	-6.85725	0.00380258
3.79125	-6.85929	0.00395413
3.79375	-6.85992	0.00646033
3.79625	-6.86226	0.00641617
3.79875	-6.87259	0.00931649
3.80125	-6.86586	0.00498487
3.80375	-6.87081	0.00480019
3.80625	-6.87132	0.00387248
3.80875	-6.88228	0.00616722
3.81125	-6.88423	0.00704529
3.81375	-6.88861	0.00430777
3.81625	-6.88986	0.00934698
3.81875	-6.89027	0.00585664
3.82125	-6.88884	0.00863608
3.82375	-6.90132	0.00652259
3.82625	-6.90873	0.00408605
3.82875	-6.90929	0.00520615
3.83125	-6.91046	0.00416775
3.83375	-6.91706	0.0028395
3.83625	-6.91677	0.00660296
3.83875	-6.92595	0.00571742
3.84125	-6.91895	0.00729293
3.84375	-6.93294	0.00706364
3.84625	-6.93101	0.00682444
3.84875	-6.93788	0.00478352
3.85125	-6.93704	0.00905995
3.85375	-6.93936	0.00580213
3.85625	-6.93423	0.0071864
3.85875	-6.94327	0.00719218
3.86125	-6.95388	0.00723013
3.86375	-6.95523	0.00645998
3.86625	-6.96422	0.00671404
3.86875	-6.9583	0.00530705
3.87125	-6.96261	0.00885361
3.87375	-6.97166	0.00526649
3.87625	-6.9612	0.00635201
3.87875	-6.97968	0.00497629
3.88125	-6.97275	0.00682082
3.88375	-6.99301	0.0040033
3.88625	-6.99251	0.00615507
3.88875	-6.98404	0.00684527
3.89125	-6.99881	0.00481952
3.89375	-6.99648	0.0069433
3.89625	-6.99907	0.00442062
3.89875	-6.99659	0.00407205
3.90125	-7.00742	0.00781672
3.90375	-7.01054	0.00622062
3.90625	-7.01352	0.00469332
3.90875	-7.01563	0.0056348
3.91125	-7.02349	0.00514348
3.91375	-7.02326	0.00513055
3.91625	-7.02587	0.0052231
3.91875	-7.02992	0.00632871
3.92125	-7.03614	0.00414075
3.92375	-7.04574	0.00586953
3.92625	-7.04268	0.00487846
3.92875	-7.04812	0.00603378
3.93125	-7.04697	0.00691835
3.93375	-7.05574	0.00774036
3.93625	-7.05562	0.00661651
3.93875	-7.05095	0.00989609
3.94125	-7.06515	0.00521827
3.94375	-7.06756	0.00607083
3.94625	-7.07064	0.00747844
3.94875	-7.06295	0.00695392
3.95125	-7.07222	0.00533457
3.95375	-7.07918	0.0053982
3.95625	-7.07949	0.00430173
3.95875	-7.08967	0.00582562
3.96125	-7.0975	0.00627259
3.96375	-7.08682	0.00481115
3.96625	-7.08966	0.00887937
3.96875	-7.09687	0.00598477
3.97125	-7.10916	0.00708196
3.97375	-7.09973	0.00563645
3.97625	-7.10885	0.00558661
3.97875	-7.1164	0.00408247
3.98125	-7.10525	0.0077929
3.98375	-7.11215	0.0047177
3.98625	-7.1221	0.00788
3.98875	-7.12528	0.00377721
3.99125	-7.12795	0.00833244
3.99375	-7.13275	0.00582382
3.99625	-7.13156	0.00458211
3.99875	-7.13703	0.00939444
4.00125	-7.13031	0.0068652
4.00375	-7.14334	0.00575031
4.00625	-7.14703	0.00791794
4.00875	-7.15157	0.00578433
4.01125	-7.15319	0.00625079
4.01375	-7.14827	0.00934522
4.01625	-7.16545	0.0084894
4.01875	-7.16768	0.00778009
4.02125	-7.16184	0.00685202
4.02375	-7.17165	0.00587884
4.02625	-7.179	0.00851227
4.02875	-7.18651	0.00817722
4.03125	-7.17585	0.00816262
4.03375	-7.1829	0.00876268
4.03625	-7.18687	0.00586809
4.03875	-7.19283	0.00485613
4.04125	-7.19787	0.00682079
4.04375	-7.19214	0.00740886
4.04625	-7.19484	0.00515298
4.04875	-7.19684	0.00783211
4.05125	-7.21326	0.00700622
4.05375	-7.20096	0.0101027
4.05625	-7.20798	0.00637292
4.05875	-7.21777	0.00472032
4.06125	-7.22259	0.00794118
4.06375	-7.22689	0.00533397
4.06625	-7.23241	0.00457469
4.06875	-7.23854	0.00743606
4.07125	-7.22866	0.00725997
4.07375	-7.24662	0.00883955
4.07625	-7.25256	0.00702798
4.07875	-7.24246	0.00474557
4.08125	-7.25139	0.00547431
4.08375	-7.23606	0.0102241
4.08625	-7.24824	0.00478725
4.08875	-7.25478	0.00749307
4.09125	-7.25767	0.00618795
4.09375	-7.27808	0.00723564
4.09625	-7.28515	0.00671147
4.09875	-7.2696	0.00454072
4.10125	-7.27631	0.00658993
4.10375	-7.28152	0.0054501
4.10625	-7.27797	0.00510765
4.10875	-7.2846	0.0102281
4.11125	-7.28082	0.00897909
4.11375	-7.2874	0.00567383
4.11625	-7.30009	0.00972946
4.11875	-7.29842	0.00639853
4.12125	-7.31031	0.00713772
4.12375	-7.30006	0.00625392
4.12625	-7.31573	0.00890654
4.12875	-7.30854	0.00628331
4.13125	-7.32369	0.00319107
4.13375	-7.31801	0.0039663
4.13625	-7.32002	0.00703
4.13875	-7.33685	0.00669653
4.14125	-7.32484	0.00455478
4.14375	-7.33427	0.00527553
4.14625	-7.34015	0.00807022
4.14875	-7.32826	0.0118975
4.15125	-7.34448	0.00834016
4.15375	-7.34618	0.00954196
4.15625	-7.34321	0.00958099
4.15875	-7.35179	0.00491282
4.16125	-7.35412	0.0094156
4.16375	-7.35768	0.00487142
4.16625	-7.36475	0.00751759
4.16875	-7.36356	0.00539853
4.17125	-7.36775	0.00500728
4.17375	-7.36191	0.00674489
4.17625	-7.37681	0.00531055
4.17875	-7.38336	0.006311
4.18125	-7.37903	0.00939774
4.18375	-7.38772	0.00849707
4.18625	-7.38695	0.00783409
4.18875	-7.39125	0.00888745
4.19125	-7.39806	0.00325613
4.19375	-7.40474	0.00816494
4.19625	-7.41844	0.00682177
4.19875	-7.41925	0.00463751
4.20125	-7.41158	0.00655173
4.20375	-7.41285	0.00467908
4.20625	-7.4184	0.00431624
4.20875	-7.4182	0.00950022
4.21125	-7.41915	0.00917969
4.21375	-7.42825	0.00910163
4.21625	-7.43554	0.00962285
4.21875	-7.43487	0.00740674
4.22125	-7.43233	0.00674151
4.22375	-7.4425	0.00994246
4.22625	-7.43596	0.0109032
4.22875	-7.45999	0.00664899
4.23125	-7.44823	0.0121338
4.23375	-7.46591	0.00738104
4.23625	-7.45003	0.0096356
4.23875	-7.45998	0.00591944
4.24125	-7.46623	0.00620287
4.24375	-7.47839	0.00611736
4.24625	-7.4713	0.00955551
4.24875	-7.47729	0.00693553
4.25125	-7.49614	0.0104058
4.25375	-7.48227	0.00953956
4.25625	-7.49179	0.00496254
4.25875	-7.48727	0.00675741
4.26125	-7.49863	0.00919459
4.26375	-7.49219	0.00747998
4.26625	-7.50179	0.0106489
4.26875	-7.50613	0.00371324
4.27125	-7.51792	0.00585462
4.27375	-7.50181	0.0046817
4.27625	-7.5118	0.00785509
4.27875	-7.52212	0.0058861
4.28125	-7.52621	0.00798374
4.28375	-7.53641	0.00647474
4.28625	-7.54074	0.00674637
4.28875	-7.52475	0.00936161
4.29125	-7.53785	0.00941863
4.29375	-7.53983	0.00618147
4.29625	-7.54887	0.00494321
4.29875	-7.539	0.0139201
4.30125	-7.55192	0.00610229
4.30375	-7.56889	0.00888886
4.30625	-7.54577	0.0124476
4.30875	-7.55673	0.00875746
4.31125	-7.56232	0.00904893
4.31375	-7.5571	0.00898844
4.31625	-7.5708	0.00602486
4.31875	-7.57722	0.0117402
4.32125	-7.56338	0.0089416
4.32375	-7.5748	0.00660414
4.32625	-7.58028	0.00892376
4.32875	-7.5989	0.00797861
4.33125	-7.60096	0.00551046
4.33375	-7.5879	0.0060436
4.33625	-7.58651	0.0105683
4.33875	-7.59369	0.00594854
4.34125	-7.60445	0.00907179
4.34375	-7.60125	0.00848186
4.34625	-7.59165	0.0112961
4.34875	-7.62229	0.00759261
4.35125	-7.62313	0.00958912
4.35375	-7.61242	0.00666779
4.35625	-7.63108	0.00902277
4.35875	-7.62676	0.00767195
4.36125	-7.6297	0.007115
4.36375	-7.62261	0.0108353
4.36625	-7.63245	0.00405105
4.36875	-7.63165	0.0122172
4.37125	-7.64386	0.0103299
4.37375	-7.64997	0.0088944
4.37625	-7.65719	0.0085077
4.37875	-7.65054	0.00758733
4.38125	-7.64591	0.0121924
4.38375	-7.65508	0.00812438
4.38625	-7.65514	0.0127923
4.38875	-7.66363	0.0063486
4.39125	-7.66344	0.00923405
4.39375	-7.68155	0.00601289
4.39625	-7.68362	0.00507222
4.39875	-7.67566	0.00784251
4.40125	-7.6817	0.00469894
4.40375	-7.67651	0.00749226
4.40625	-7.70461	0.00627084
4.40875	-7.69037	0.0105451
4.41125	-7.71763	0.00653983
4.41375	-7.69669	0.00693531
4.41625	-7.70406	0.00980566
4.41875	-7.72196	0.00882462
4.42125	-7.71044	0.0107238
4.42375	-7.71736	0.0085319
4.42625	-7.71893	0.00769749
4.42875	-7.71975	0.00559943
4.43125	-7.71999	0.00630131
4.43375	-7.72783	0.00770777
4.43625	-7.71664	0.0130165
4.43875	-7.74906	0.00694462
4.44125	-7.74051	0.00837274
4.44375	-7.74747	0.00797991
4.44625	-7.74036	0.00996346
4.44875	-7.75133	0.00837761
4.45125	-7.75543	0.00782015
4.45375	-7.75669	0.0140265
4.45625	-7.74919	0.00734827
4.45875	-7.75326	0.00554638
4.46125	-7.75869	0.0061037
4.46375	-7.76979	0.00541822
4.46625	-7.75955	0.0167982
4.46875	-7.77697	0.010687
4.47125	-7.78551	0.00599433
4.47375	-7.78282	0.0115984
4.47625	-7.79851	0.00864325
4.47875	-7.79357	0.00758139
4.48125	-7.81158	0.00852593
4.48375	-7.80923	0.00619688
4.48625	-7.79406	0.00279671
4.48875	-7.79991	0.0104268
4.49125	-7.80884	0.00754044
4.49375	-7.8138	0.00942256
4.49625	-7.82385	0.013551
4.49875	-7.81591	0.014909
4.50125	-7.81548	0.0113105
4.50375	-7.82663	0.0104276
4.50625	-7.82386	0.00642097
4.50875	-7.82776	0.00747436
4.51125	-7.83775	0.0113776
4.51375	-7.84085	0.00555062
4.51625	-7.8314	0.0135847
4.51875	-7.84487	0.00879304
4.52125	-7.83485	0.00889951
4.52375	-7.84671	0.00716187
4.52625	-7.86659	0.00678296
4.52875	-7.85273	0.00561524
4.53125	-7.86287	0.00635983
4.53375	-7.85819	0.00816233
4.53625	-7.8637	0.0151129
4.53875	-7.8657	0.00728465
4.54125	-7.85842	0.00702199
4.54375	-7.88964	0.0108867
4.54625	-7.87737	0.00983286
4.54875	-7.88906	0.00753869
4.55125	-7.89262	0.0130818
4.55375	-7.8901	0.00845735
4.55625	-7.89727	0.0104272
4.55875	-7.89529	0.0122056
4.56125	-7.91603	0.00631347
4.56375	-7.90577	0.00842487
4.56625	-7.90819	0.0067274
4.56875	-7.9039	0.00748289
4.57125	-7.90124	0.0103028
4.57375	-7.9024	0.00667365
4.57625	-7.92341	0.0179963
4.57875	-7.92187	0.011995
4.58125	-7.91909	0.00956352
4.58375	-7.92269	0.00649013
4.58625	-7.93106	0.00508602
4.58875	-7.94835	0.00822441
4.59125	-7.94712	0.0090913
4.59375	-7.93806	0.00577433
4.59625	-7.97981	0.00988473
4.59875	-7.95179	0.00645347
4.60125	-7.96673	0.0137982
4.60375	-7.95719	0.00905836
4.60625	-7.9525	0.00528096
4.60875	-7.96555	0.00691856
4.61125	-7.97832	0.00797071
4.61375	-7.9626	0.0105203
4.61625	-7.96791	0.0109866
4.61875	-7.98882	0.00896201
4.62125	-7.97816	0.0109
4.62375	-7.97047	0.0108305
4.62625	-7.9888	0.0134495
4.62875	-7.99077	0.0156478
4.63125	-8.00769	0.00945846
4.63375	-7.99811	0.0129055
4.63625	-8.00447	0.0111741
4.63875	-8.01229	0.0085725
4.64125	-8.01034	0.00778974
4.64375	-8.00727	0.00781115
4.64625	-8.01822	0.0103157
4.64875	-8.02318	0.007153
4.65125	-8.01768	0.00979651
4.65375	-8.029	0.0062572
4.65625	-8.02551	0.00701584
4.65875	-8.03602	0.00653131
4.66125	-8.04541	0.00947674
4.66375	-8.03492	0.00679707
4.66625	-8.03188	0.00869148
4.66875	-8.03774	0.00931174
4.67125	-8.04191	0.01159
4.67375	-8.05854	0.00686613
4.67625	-8.05934	0.011715
4.67875	-8.07094	0.00959611
4.68125	-8.05842	0.00547692
4.68375	-8.06495	0.00903382
4.68625	-8.06075	0.00659522
4.68875	-8.07306	0.00798677
4.69125	-8.07334	0.00886218
4.69375	-8.09506	0.00893022
4.69625	-8.08944	0.0064511
4.69875	-8.09999	0.0123501
4.70125	-8.08605	0.0108356
4.70375	-8.0827	0.0115785
4.70625	-8.08917	0.0115626
4.70875	-8.07862	0.0128626
4.71125	-8.11519	0.00785537
4.71375	-8.11438	0.0102678
4.71625	-8.11863	0.01173
4.71875	-8.11746	0.0104921
4.72125	-8.11532	0.0114881
4.72375	-8.11899	0.00607367
4.72625	-8.12312	0.00982552
4.72875	-8.1417	0.0107426
4.73125	-8.13042	0.00987282
4.73375	-8.12014	0.0120806
4.73625	-8.12774	0.00698676
4.73875	-8.15108	0.00889799
4.74125	-8.15385	0.00820764
4.74375	-8.13151	0.0139712
4.74625	-8.15744	0.0115123
4.74875	-8.1475	0.00846484
4.75125	-8.16726	0.00953166
4.75375	-8.15717	0.00681733
4.75625	-8.1724	0.00604381
4.75875	-8.16033	0.00905515
4.76125	-8.17572	0.00996876
4.76375	-8.17182	0.00980707
4.76625	-8.1705	0.0104542
4.76875	-8.18514	0.00643925
4.77125	-8.17394	0.0139309
4.77375	-8.19154	0.0087875
4.77625	-8.19176	0.00857788
4.77875	-8.19801	0.012147
4.78125	-8.20104	0.0153476
4.78375	-8.20906	0.00856432
4.78625	-8.21113	0.0103682
4.78875	-8.20253	0.00939313
4.79125	-8.2189	0.00864263
4.79375	-8.21185	0.00959047
4.79625	-8.22084	0.00625399
4.79875	-8.21188	0.0128486
4.80125	-8.23036	0.00579921
4.80375	-8.23351	0.00833967
4.80625	-8.23217	0.011113
4.80875	-8.22755	0.00683235
4.81125	-8.23253	0.013908
4.81375	-8.24479	0.00923274
4.81625	-8.25745	0.00672899
4.81875	-8.25237	0.0116511
4.82125	-8.24526	0.0116819
4.82375	-8.26349	0.0131244
4.82625	-8.26422	0.00604
4.82875	-8.27193	0.0136398
4.83125	-8.26464	0.00768189
4.83375	-8.28445	0.00720036
4.83625	-8.2839	0.00771092
4.83875	-8.26667	0.0127604
4.84125	-8.29211	0.0124585
4.84375	-8.28675	0.00915629
4.84625	-8.28693	0.0143927
4.84875	-8.30257	0.01042
4.85125	-8.29294	0.0155659
4.85375	-8.29877	0.00932087
4.85625	-8.32079	0.00976479
4.85875	-8.30845	0.0118144
4.86125	-8.29283	0.0118499
4.86375	-8.32326	0.011647
4.86625	-8.32106	0.00739766
4.86875	-8.32297	0.0131521
4.87125	-8.30178	0.0126495
4.87375	-8.31494	0.00828343
4.87625	-8.33411	0.00898888
4.87875	-8.31719	0.0100655
4.88125	-8.33989	0.00522501
4.88375	-8.33307	0.00897592
4.88625	-8.32983	0.0150204
4.88875	-8.33897	0.0107868
4.89125	-8.33226	0.0174121
4.89375	-8.34733	0.0066837
4.89625	-8.35542	0.00845118
4.89875	-8.35782	0.0118411
4.90125	-8.35156	0.0102742
4.90375	-8.35005	0.00706019
4.90625	-8.34767	0.00929723
4.90875	-8.35873	0.00812114
4.91125	-8.37238	0.0131092
4.91375	-8.37165	0.011519
4.91625	-8.38434	0.00988164
4.91875	-8.36576	0.0117563
4.92125	-8.38526	0.00942337
4.92375	-8.40003	0.00876372
4.92625	-8.38777	0.0171966
4.92875	-8.39353	0.0182628
4.93125	-8.39387	0.00922516
4.93375	-8.38152	0.00793835
4.93625	-8.39433	0.0139906
4.93875	-8.41352	0.00974661
4.94125	-8.41109	0.0129584
4.94375	-8.41525	0.0170392
4.94625	-8.42543	0.00901681
4.94875	-8.42838	0.0100046
4.95125	-8.43312	0.00970201
4.95375	-8.42579	0.0124219
4.95625	-8.44432	0.0139797
4.95875	-8.4411	0.00824175
4.96125	-8.44224	0.0162119
4.96375	-8.44794	0.0106718
4.96625	-8.44701	0.0108807
4.96875	-8.45267	0.00771989
4.97125	-8.44819	0.00942602
4.97375	-8.46185	0.0123662
4.97625	-8.46838	0.0191412
4.97875	-8.47769	0.00812903
4.98125	-8.47287	0.0111518
4.98375	-8.48055	0.0100146
4.98625	-8.48317	0.00957259
4.98875	-8.47255	0.0158088
4.99125	-8.486	0.0172532
4.99375	-8.48986	0.0134419
4.99625	-8.47383	0.00979165
4.99875	-8.4985	0.0114291
5.00125	-8.50558	0.0118549
5.00375	-8.51177	0.00703939
5.00625	-8.49314	0.0081626
5.00875	-8.50529	0.00580037
5.01125	-8.5029	0.0153411
5.01375	-8.50992	0.0140345
5.01625	-8.52585	0.0122283
5.01875	-8.5426	0.0105908
5.02125	-8.5252	0.00929305
5.02375	-8.52919	0.00801785
5.02625	-8.53559	0.0142881
5.02875	-8.5385	0.0115564
5.03125	-8.52829	0.00910864
5.03375	-8.52728	0.0105875
5.03625	-8.54543	0.0109442
5.03875	-8.5389	0.00565191
5.04125	-8.5765	0.0151515
5.04375	-8.56901	0.013219
5.04625	-8.5476	0.0134365
5.04875	-8.56004	0.012374
5.05125	-8.55648	0.0126782
5.05375	-8.55677	0.0127021
5.05625	-8.56423	0.0128362
5.05875	-8.54183	0.0187128
5.06125	-8.57584	0.0139707
5.06375	-8.57109	0.0140989
5.06625	-8.59146	0.0116788
5.06875	-8.60006	0.00577997
5.07125	-8.57712	0.00810296
5.07375	-8.60422	0.0141445
5.07625	-8.60353	0.00781047
5.07875	-8.59617	0.0143327
5.08125	-8.62678	0.0125731
5.08375	-8.60816	0.0102922
5.08625	-8.60028	0.0114053
5.08875	-8.60913	0.0121215
5.09125	-8.62261	0.0112117
5.09375	-8.61609	0.0117618
5.09625	-8.62768	0.00781935
5.09875	-8.62882	0.0168123
5.10125	-8.6149	0.0131503
5.10375	-8.64378	0.0168877
5.10625	-8.63392	0.0108833
5.10875	-8.64282	0.0144336
5.11125	-8.65578	0.00936249
5.11375	-8.65378	0.00982756
5.11625	-8.66442	0.0127047
5.11875	-8.66571	0.0102028
