0.00125	-0.0070419	0.000123656
0.00375	-0.0213656	0.000133459
0.00625	-0.0356435	0.000102375
0.00875	-0.0492635	0.000162408
0.01125	-0.0630014	0.000170662
0.01375	-0.0763545	0.000137336
0.01625	-0.0897604	0.000185259
0.01875	-0.102673	0.000155349
0.02125	-0.115751	0.00012835
0.02375	-0.128845	0.00015849
0.02625	-0.141718	0.00013967
0.02875	-0.154163	0.000165852
0.03125	-0.166858	9.62348e-05
0.03375	-0.179309	0.000170656
0.03625	-0.19179	0.000143988
0.03875	-0.20423	0.000141592
0.04125	-0.216382	0.000210923
0.04375	-0.228964	0.000222036
0.04625	-0.240592	0.000143956
0.04875	-0.252302	0.000202051
0.05125	-0.264659	0.000175017
0.05375	-0.276371	0.000158324
0.05625	-0.287983	0.000122709
0.05875	-0.299856	0.000128576
0.06125	-0.311604	0.000124539
0.06375	-0.322955	0.00022605
0.06625	-0.334368	8.88763e-05
0.06875	-0.345726	0.000159855
0.07125	-0.357093	0.000163041
0.07375	-0.368625	0.000127079
0.07625	-0.379896	0.00011767
0.07875	-0.391072	0.000186078
0.08125	-0.402013	0.000134662
0.08375	-0.41311	0.000274014
0.08625	-0.424644	0.000205899
0.08875	-0.435019	0.000257019
0.09125	-0.446171	0.000200884
0.09375	-0.456757	0.000209822
0.09625	-0.467707	0.00018174
0.09875	-0.478597	0.000233658
0.10125	-0.489307	0.000210098
0.10375	-0.499751	0.000198687
0.10625	-0.510394	0.00022814
0.10875	-0.520899	0.000318522
0.11125	-0.531894	0.0003021
0.11375	-0.54195	0.000308475
0.11625	-0.552226	0.000310211
0.11875	-0.562706	0.000273553
0.12125	-0.572919	0.000174976
0.12375	-0.583314	0.000333844
0.12625	-0.593553	0.000276592
0.12875	-0.603733	0.000286107
0.13125	-0.613562	0.000333237
0.13375	-0.623961	0.000278088
0.13625	-0.633956	0.000323926
0.13875	-0.64417	0.000353547
0.14125	-0.654061	0.000346229
0.14375	-0.663729	0.00033798
0.14625	-0.673825	0.000448944
0.14875	-0.68368	0.000361122
0.15125	-0.693174	0.000322883
0.15375	-0.702869	0.000351165
0.15625	-0.713171	0.000407033
0.15875	-0.722513	0.000408417
0.16125	-0.732325	0.000448069
0.16375	-0.741699	0.000522548
0.16625	-0.751474	0.000385973
0.16875	-0.760992	0.000464565
0.17125	-0.77013	0.000359307
0.17375	-0.779931	0.000456605
0.17625	-0.789208	0.000489316
0.17875	-0.798717	0.000423264
0.18125	-0.807999	0.000423902
0.18375	-0.817118	0.000418378
0.18625	-0.826802	0.000417841
0.18875	-0.835618	0.000460417
0.19125	-0.845066	0.000416622
0.19375	-0.854089	0.000637632
0.19625	-0.863263	0.000424642
0.19875	-0.872276	0.00055284
0.20125	-0.881493	0.000576865
0.20375	-0.890911	0.000613085
0.20625	-0.899771	0.000480434
0.20875	-0.909184	0.000580054
0.21125	-0.917406	0.000699491
0.21375	-0.926432	0.000658502
0.21625	-0.9355	0.000641989
0.21875	-0.944288	0.00051912
0.22125	-0.953511	0.000434016
0.22375	-0.962272	0.000584943
0.22625	-0.970742	0.000612596
0.22875	-0.979974	0.000607629
0.23125	-0.988346	0.000750635
0.23375	-0.99673	0.000693143
0.23625	-1.00544	0.000669383
0.23875	-1.01396	0.000639268
0.24125	-1.02271	0.00074573
0.24375	-1.03112	0.000666888
0.24625	-1.04032	0.000773551
0.24875	-1.04846	0.000726101
0.25125	-1.05693	0.000705061
0.25375	-1.06542	0.000615714
0.25625	-1.07376	0.000858248
0.25875	-1.08249	0.000826387
0.26125	-1.09077	0.000583171
0.26375	-1.09821	0.000710395
0.26625	-1.10685	0.000903763
0.26875	-1.11582	0.000794928
0.27125	-1.12386	0.00086376
0.27375	-1.1319	0.00083746
0.27625	-1.14029	0.000883954
0.27875	-1.14921	0.000807198
0.28125	-1.1563	0.000746723
0.28375	-1.16455	0.00105107
0.28625	-1.17283	0.000881113
0.28875	-1.18099	0.00094482
0.29125	-1.18907	0.000954884
0.29375	-1.19718	0.00097684
0.29625	-1.20489	0.000874767
0.29875	-1.21274	0.00092078
0.30125	-1.22098	0.000983329
0.30375	-1.22848	0.0010377
0.30625	-1.23677	0.000913326
0.30875	-1.2448	0.00104347
0.31125	-1.25223	0.0010293
0.31375	-1.25994	0.00111871
0.31625	-1.26787	0.00112545
0.31875	-1.27571	0.000920531
0.32125	-1.28379	0.00105138
0.32375	-1.29132	0.00109364
0.32625	-1.29936	0.00104598
0.32875	-1.30671	0.00113185
0.33125	-1.31432	0.0010091
0.33375	-1.32174	0.0010176
0.33625	-1.32953	0.0011484
0.33875	-1.33715	0.00132963
0.34125	-1.34486	0.00107021
0.34375	-1.35273	0.00113164
0.34625	-1.36001	0.00114066
0.34875	-1.36754	0.00107124
0.35125	-1.37549	0.00126975
0.35375	-1.38263	0.00130422
0.35625	-1.39074	0.00115028
0.35875	-1.39771	0.0012483
0.36125	-1.40521	0.00128357
0.36375	-1.41242	0.00145241
0.36625	-1.42016	0.0012272
0.36875	-1.42691	0.00128243
0.37125	-1.43423	0.0012252
0.37375	-1.44155	0.00137241
0.37625	-1.44895	0.00125673
0.37875	-1.45625	0.00125253
0.38125	-1.4633	0.00137076
0.38375	-1.47106	0.00136224
0.38625	-1.47805	0.00137425
0.38875	-1.48524	0.0011556
0.39125	-1.49206	0.00126101
0.39375	-1.4994	0.00142181
0.39625	-1.50668	0.00153622
0.39875	-1.5135	0.00154618
0.40125	-1.52082	0.00149754
0.40375	-1.52786	0.00131959
0.40625	-1.5347	0.00165109
0.40875	-1.54171	0.00151121
0.41125	-1.54902	0.00153342
0.41375	-1.55599	0.00160669
0.41625	-1.56289	0.00173577
0.41875	-1.57019	0.00136168
0.42125	-1.57631	0.00166248
0.42375	-1.58446	0.00154978
0.42625	-1.59062	0.00159889
0.42875	-1.59787	0.00171533
0.43125	-1.60402	0.00146813
0.43375	-1.6111	0.00146013
0.43625	-1.61799	0.0017076
0.43875	-1.62478	0.00185192
0.44125	-1.63174	0.00170093
0.44375	-1.63873	0.00170753
0.44625	-1.64522	0.00167126
0.44875	-1.65234	0.00168826
0.45125	-1.65863	0.00150164
0.45375	-1.66588	0.00172517
0.45625	-1.67225	0.00179991
0.45875	-1.67888	0.00179472
0.46125	-1.68606	0.00182729
0.46375	-1.69233	0.00185876
0.46625	-1.69875	0.00177248
0.46875	-1.7057	0.00179153
0.47125	-1.71243	0.00186657
0.47375	-1.71886	0.00182064
0.47625	-1.72524	0.00187828
0.47875	-1.7324	0.00196291
0.48125	-1.73891	0.00197019
0.48375	-1.74448	0.00184049
0.48625	-1.75188	0.00177701
0.48875	-1.75775	0.00209488
0.49125	-1.76471	0.00202691
0.49375	-1.77035	0.00181342
0.49625	-1.77782	0.00207242
0.49875	-1.78364	0.00198613
0.50125	-1.79006	0.00208921
0.50375	-1.7958	0.00193239
0.50625	-1.80273	0.00190015
0.50875	-1.80951	0.00191704
0.51125	-1.81615	0.00195697
0.51375	-1.8216	0.00192189
0.51625	-1.82849	0.00199791
0.51875	-1.83439	0.00211704
0.52125	-1.84081	0.00202093
0.52375	-1.8473	0.00211321
0.52625	-1.85335	0.00201701
0.52875	-1.86023	0.00219727
0.53125	-1.86609	0.00211925
0.53375	-1.87234	0.00230993
0.53625	-1.87834	0.00221727
0.53875	-1.88433	0.00226818
0.54125	-1.89074	0.00223556
0.54375	-1.89728	0.00235345
0.54625	-1.90372	0.00202528
0.54875	-1.90944	0.00231013
0.55125	-1.91575	0.00234477
0.55375	-1.92204	0.0023623
0.55625	-1.92832	0.00223079
0.55875	-1.93339	0.00237204
0.56125	-1.94003	0.00214805
0.56375	-1.94548	0.00216651
0.56625	-1.95251	0.00224492
0.56875	-1.95796	0.00262463
0.57125	-1.96403	0.00252661
0.57375	-1.9708	0.00243977
0.57625	-1.97592	0.00218647
0.57875	-1.98205	0.00232439
0.58125	-1.98788	0.00247277
0.58375	-1.99399	0.00240487
0.58625	-1.99945	0.00250253
0.58875	-2.00595	0.00239795
0.59125	-2.01155	0.00258551
0.59375	-2.01817	0.00251738
0.59625	-2.02358	0.00268203
0.59875	-2.02907	0.00252182
0.60125	-2.03464	0.0024407
0.60375	-2.04164	0.00253101
0.60625	-2.04703	0.0028256
0.60875	-2.05281	0.00275863
0.61125	-2.05916	0.00275602
0.61375	-2.06434	0.00265575
0.61625	-2.07047	0.00266269
0.61875	-2.07639	0.00262853
0.62125	-2.08173	0.00268633
0.62375	-2.08747	0.00283671
0.62625	-2.09314	0.00256105
0.62875	-2.09908	0.00277829
0.63125	-2.10532	0.00279065
0.63375	-2.11105	0.00289303
0.63625	-2.11665	0.00274638
0.63875	-2.12172	0.00284481
0.64125	-2.12773	0.00304723
0.64375	-2.13336	0.00282525
0.64625	-2.13827	0.00288065
0.64875	-2.14444	0.00293792
0.65125	-2.15022	0.00286992
0.65375	-2.15588	0.00279804
0.65625	-2.16156	0.00301927
0.65875	-2.16748	0.0029974
0.66125	-2.17243	0.00282415
0.66375	-2.17809	0.00304348
0.66625	-2.18449	0.00305406
0.66875	-2.18957	0.00306739
0.67125	-2.19492	0.00307071
0.67375	-2.20025	0.00307132
0.67625	-2.20562	0.00325162
0.67875	-2.21145	0.0031154
0.68125	-2.21632	0.00326706
0.68375	-2.22271	0.00308959
0.68625	-2.22693	0.00322151
0.68875	-2.23339	0.00316008
0.69125	-2.23918	0.00318867
0.69375	-2.24364	0.00315416
0.69625	-2.2495	0.00320967
0.69875	-2.2549	0.00310891
0.70125	-2.25997	0.00312822
0.70375	-2.26618	0.00320731
0.70625	-2.27107	0.00331146
0.70875	-2.27678	0.00324485
0.71125	-2.28205	0.00324714
0.71375	-2.28793	0.00341356
0.71625	-2.29299	0.00345739
0.71875	-2.29809	0.00350837
0.72125	-2.30415	0.00352714
0.72375	-2.30931	0.00348842
0.72625	-2.31496	0.00336883
0.72875	-2.32019	0.00326369
0.73125	-2.32399	0.00350239
0.73375	-2.32991	0.00331401
0.73625	-2.33561	0.00336787
0.73875	-2.34114	0.00329828
0.74125	-2.34608	0.00363306
0.74375	-2.35182	0.00371566
0.74625	-2.35709	0.00355726
0.74875	-2.36147	0.00350336
0.75125	-2.36685	0.00330209
0.75375	-2.37212	0.00363441
0.75625	-2.37694	0.00359145
0.75875	-2.38321	0.00370674
0.76125	-2.38826	0.00373569
0.76375	-2.39319	0.0038629
0.76625	-2.39853	0.00342994
0.76875	-2.40312	0.00360265
0.77125	-2.4092	0.00357392
0.77375	-2.41401	0.00395056
0.77625	-2.4191	0.00379655
0.77875	-2.42467	0.00376005
0.78125	-2.43002	0.00377756
0.78375	-2.43487	0.00383435
0.78625	-2.43913	0.00389934
0.78875	-2.44488	0.00402262
0.79125	-2.44954	0.00414008
0.79375	-2.45467	0.00371799
0.79625	-2.46024	0.00392846
0.79875	-2.46397	0.00402463
0.80125	-2.46986	0.00389102
0.80375	-2.47561	0.00427388
0.80625	-2.48042	0.00402629
0.80875	-2.48504	0.00431497
0.81125	-2.49039	0.00387634
0.81375	-2.49544	0.0040794
0.81625	-2.50042	0.00392201
0.81875	-2.5065	0.00412994
0.82125	-2.51005	0.00406831
0.82375	-2.5146	0.00443435
0.82625	-2.52008	0.00407025
0.82875	-2.52515	0.00422568
0.83125	-2.52987	0.00423819
0.83375	-2.53512	0.0039493
0.83625	-2.53923	0.0041203
0.83875	-2.54471	0.00433376
0.84125	-2.55028	0.00401254
0.84375	-2.55496	0.00419195
0.84625	-2.55924	0.00407561
0.84875	-2.56459	0.00410122
0.85125	-2.56976	0.00429518
0.85375	-2.57437	0.00414639
0.85625	-2.58029	0.00393174
0.85875	-2.58462	0.00469718
0.86125	-2.58947	0.00408283
0.86375	-2.59381	0.00441219
0.86625	-2.59934	0.00427264
0.86875	-2.60284	0.00470942
0.87125	-2.60939	0.00432135
0.87375	-2.61429	0.00445726
0.87625	-2.61873	0.00437649
0.87875	-2.62188	0.00476356
0.88125	-2.629	0.00455889
0.88375	-2.63192	0.0044677
0.88625	-2.63795	0.00459019
0.88875	-2.64265	0.00470687
0.89125	-2.64671	0.00454787
0.89375	-2.6528	0.00448938
0.89625	-2.65718	0.00447637
0.89875	-2.66158	0.00466343
0.90125	-2.66636	0.00456114
0.90375	-2.6709	0.00455049
0.90625	-2.67654	0.00429574
0.90875	-2.67974	0.00457739
0.91125	-2.68563	0.00497504
0.91375	-2.69025	0.00463665
0.91625	-2.69463	0.00500318
0.91875	-2.69999	0.00468571
0.92125	-2.70434	0.00475235
0.92375	-2.7097	0.00439386
0.92625	-2.71438	0.00493498
0.92875	-2.71816	0.00472756
0.93125	-2.72321	0.00465483
0.93375	-2.72732	0.00465579
0.93625	-2.73179	0.00477103
0.93875	-2.73741	0.00499316
0.94125	-2.74207	0.00493214
0.94375	-2.74663	0.00526176
0.94625	-2.75043	0.00493957
0.94875	-2.75532	0.00498424
0.95125	-2.76131	0.00499461
0.95375	-2.76508	0.00492182
0.95625	-2.77113	0.00518186
0.95875	-2.77413	0.00521752
0.96125	-2.77899	0.00496545
0.96375	-2.78448	0.0047883
0.96625	-2.78827	0.00525731
0.96875	-2.7925	0.00534605
0.97125	-2.79723	0.00525991
0.97375	-2.80337	0.00487053
0.97625	-2.80575	0.00516899
0.97875	-2.81047	0.00532393
0.98125	-2.81643	0.00502685
0.98375	-2.82035	0.00486976
0.98625	-2.82395	0.0051516
0.98875	-2.82951	0.00502159
0.99125	-2.83515	0.00536958
0.99375	-2.83985	0.00530212
0.99625	-2.84148	0.00515597
0.99875	-2.84744	0.0052742
1.00125	-2.85211	0.00542986
1.00375	-2.8567	0.00529344
1.00625	-2.86096	0.00555847
1.00875	-2.86571	0.00549593
1.01125	-2.87063	0.00562535
1.01375	-2.87359	0.00566762
1.01625	-2.8786	0.00560304
1.01875	-2.88418	0.00546801
1.02125	-2.88862	0.00539219
1.02375	-2.89285	0.00553314
1.02625	-2.89563	0.0057527
1.02875	-2.90258	0.00552384
1.03125	-2.90609	0.00568266
1.03375	-2.91132	0.00569905
1.03625	-2.91494	0.00552622
1.03875	-2.92023	0.00538465
1.04125	-2.92361	0.00568584
1.04375	-2.92852	0.00566305
1.04625	-2.93257	0.00588599
1.04875	-2.93737	0.00571474
1.05125	-2.94107	0.00539948
1.05375	-2.94632	0.00551193
1.05625	-2.95026	0.00572269
1.05875	-2.95662	0.00561954
1.06125	-2.95847	0.00572787
1.06375	-2.96293	0.00586155
1.06625	-2.968	0.00572997
1.06875	-2.97274	0.00605348
1.07125	-2.97601	0.00594327
1.07375	-2.98202	0.00604642
1.07625	-2.98567	0.00591611
1.07875	-2.99116	0.00588386
1.08125	-2.99407	0.00595553
1.08375	-2.99887	0.00566123
1.08625	-3.00284	0.00615879
1.08875	-3.00797	0.00616231
1.09125	-3.01236	0.00577305
1.09375	-3.01561	0.00592646
1.09625	-3.02045	0.00636756
1.09875	-3.0248	0.00637752
1.10125	-3.02885	0.00611097
1.10375	-3.03402	0.00613048
1.10625	-3.03857	0.0061569
1.10875	-3.04139	0.00575682
1.11125	-3.04537	0.00570177
1.11375	-3.05129	0.00594094
1.11625	-3.05596	0.00612271
1.11875	-3.06031	0.00645751
1.12125	-3.06408	0.00623269
1.12375	-3.06762	0.00630745
1.12625	-3.07269	0.00636098
1.12875	-3.07675	0.0060669
1.13125	-3.08108	0.00620672
1.13375	-3.08502	0.00639232
1.13625	-3.08803	0.00618872
1.13875	-3.09439	0.00652717
1.14125	-3.09672	0.00624131
1.14375	-3.10167	0.00655272
1.14625	-3.10666	0.00660381
1.14875	-3.11021	0.00652008
1.15125	-3.11603	0.00662546
1.15375	-3.11912	0.00666011
1.15625	-3.12411	0.0065506
1.15875	-3.12787	0.00637859
1.16125	-3.13176	0.00628424
1.16375	-3.13637	0.00690407
1.16625	-3.1398	0.00676242
1.16875	-3.14492	0.00671238
1.17125	-3.14874	0.00633375
1.17375	-3.15341	0.00686554
1.17625	-3.15864	0.00640905
1.17875	-3.16115	0.00651195
1.18125	-3.16542	0.00643161
1.18375	-3.1691	0.00622674
1.18625	-3.17422	0.00642756
1.18875	-3.17842	0.00642923
1.19125	-3.1832	0.0065507
1.19375	-3.18661	0.00657722
1.19625	-3.19009	0.00652907
1.19875	-3.19555	0.00690051
1.20125	-3.19813	0.00679766
1.20375	-3.20454	0.00679975
1.20625	-3.20913	0.00684455
1.20875	-3.21166	0.00663246
1.21125	-3.2167	0.0069828
1.21375	-3.21947	0.00653997
1.21625	-3.22451	0.00677294
1.21875	-3.22771	0.00674116
1.22125	-3.23149	0.00704001
1.22375	-3.23695	0.00708796
1.22625	-3.24009	0.00676567
1.22875	-3.244	0.00694247
1.23125	-3.24833	0.00718441
1.23375	-3.25278	0.00700494
1.23625	-3.25544	0.00696744
1.23875	-3.26083	0.00725245
1.24125	-3.2645	0.00745544
1.24375	-3.27142	0.00725276
1.24625	-3.27422	0.00718429
1.24875	-3.27643	0.00673133
1.25125	-3.28302	0.0071466
1.25375	-3.28577	0.00706988
1.25625	-3.29073	0.00677578
1.25875	-3.29446	0.00727968
1.26125	-3.29937	0.00708363
1.26375	-3.30222	0.00734066
1.26625	-3.30648	0.00753107
1.26875	-3.3109	0.00724493
1.27125	-3.31399	0.00749807
1.27375	-3.31815	0.00767205
1.27625	-3.32341	0.0070884
1.27875	-3.32713	0.00710509
1.28125	-3.32972	0.00771843
1.28375	-3.33427	0.00727114
1.28625	-3.33916	0.00723851
1.28875	-3.34315	0.00765019
1.29125	-3.34773	0.00735285
1.29375	-3.35178	0.00745017
1.29625	-3.35555	0.00717703
1.29875	-3.35854	0.00778804
1.30125	-3.36228	0.0072201
1.30375	-3.36608	0.00780091
1.30625	-3.37229	0.00741891
1.30875	-3.37454	0.00797527
1.31125	-3.37893	0.00756032
1.31375	-3.38376	0.00802293
1.31625	-3.38766	0.00778043
1.31875	-3.39165	0.007377
1.32125	-3.39541	0.00772264
1.32375	-3.39908	0.00783673
1.32625	-3.40502	0.0075958
1.32875	-3.40912	0.00803504
1.33125	-3.412	0.00775844
1.33375	-3.41621	0.00797219
1.33625	-3.42084	0.00765046
1.33875	-3.42323	0.00801689
1.34125	-3.42784	0.00781916
1.34375	-3.43191	0.00831362
1.34625	-3.43536	0.00791403
1.34875	-3.43748	0.0080056
1.35125	-3.44363	0.00821918
1.35375	-3.44744	0.00808074
1.35625	-3.45151	0.00798945
1.35875	-3.45561	0.00790458
1.36125	-3.45869	0.00821482
1.36375	-3.46361	0.00800887
1.36625	-3.46658	0.0080893
1.36875	-3.47192	0.00815889
1.37125	-3.475	0.0080474
1.37375	-3.47944	0.00818308
1.37625	-3.4834	0.00803253
1.37875	-3.48669	0.00824576
1.38125	-3.4918	0.00799286
1.38375	-3.49533	0.0082802
1.38625	-3.49846	0.00811343
1.38875	-3.5027	0.00852704
1.39125	-3.50564	0.00806613
1.39375	-3.51005	0.00788984
1.39625	-3.51517	0.00859262
1.39875	-3.5183	0.00827255
1.40125	-3.52354	0.00858152
1.40375	-3.52744	0.00878229
1.40625	-3.53161	0.00828298
1.40875	-3.53461	0.00863526
1.41125	-3.53833	0.00877353
1.41375	-3.54055	0.00824649
1.41625	-3.54547	0.00802874
1.41875	-3.55009	0.00854228
1.42125	-3.5525	0.00864127
1.42375	-3.55867	0.00826842
1.42625	-3.56352	0.00824338
1.42875	-3.56549	0.00842449
1.43125	-3.56879	0.0088043
1.43375	-3.57503	0.00876205
1.43625	-3.57701	0.00831206
1.43875	-3.58311	0.00857348
1.44125	-3.58481	0.00858073
1.44375	-3.58865	0.00852724
1.44625	-3.59117	0.00871494
1.44875	-3.59775	0.00834058
1.45125	-3.60058	0.00892613
1.45375	-3.60562	0.0085701
1.45625	-3.60764	0.00879196
1.45875	-3.61213	0.00863869
1.46125	-3.61689	0.00873058
1.46375	-3.61963	0.00871772
1.46625	-3.6257	0.00893879
1.46875	-3.62828	0.00900488
1.47125	-3.63231	0.00910344
1.47375	-3.63707	0.00843291
1.47625	-3.63961	0.00827198
1.47875	-3.6438	0.00921397
1.48125	-3.64767	0.00885259
1.48375	-3.65246	0.00897821
1.48625	-3.65567	0.00876595
1.48875	-3.65939	0.00909081
1.49125	-3.66266	0.00938465
1.49375	-3.66738	0.00889208
1.49625	-3.67036	0.00869179
1.49875	-3.67537	0.00908777
1.50125	-3.67782	0.00952793
1.50375	-3.68195	0.00940806
1.50625	-3.68778	0.0091647
1.50875	-3.68792	0.00941332
1.51125	-3.69368	0.00929398
1.51375	-3.69697	0.00918198
1.51625	-3.70178	0.00897731
1.51875	-3.70542	0.00902082
1.52125	-3.70969	0.00990398
1.52375	-3.71191	0.00978452
1.52625	-3.71595	0.00940963
1.52875	-3.71992	0.00973047
1.53125	-3.72289	0.00947326
1.53375	-3.72916	0.00948028
1.53625	-3.73127	0.0101672
1.53875	-3.73325	0.00952619
1.54125	-3.73776	0.00980062
1.54375	-3.74356	0.00908747
1.54625	-3.74838	0.00944582
1.54875	-3.75122	0.00949344
1.55125	-3.75558	0.00995154
1.55375	-3.75864	0.00907207
1.55625	-3.76115	0.00944813
1.55875	-3.76592	0.00965654
1.56125	-3.76885	0.00986796
1.56375	-3.77324	0.0094977
1.56625	-3.77798	0.00948467
1.56875	-3.78122	0.00961989
1.57125	-3.78519	0.00902772
1.57375	-3.78848	0.0102067
1.57625	-3.79338	0.00970555
1.57875	-3.79587	0.00942415
1.58125	-3.80159	0.00984545
1.58375	-3.80305	0.00936924
1.58625	-3.80817	0.00991855
1.58875	-3.81021	0.00965632
1.59125	-3.81495	0.00968963
1.59375	-3.82024	0.00995453
1.59625	-3.82226	0.00977163
1.59875	-3.82485	0.00964551
1.60125	-3.82842	0.00945219
1.60375	-3.83615	0.00977459
1.60625	-3.83765	0.0098395
1.60875	-3.83996	0.00971902
1.61125	-3.84499	0.00973704
1.61375	-3.84807	0.0103279
1.61625	-3.85335	0.010466
1.61875	-3.85694	0.00975246
1.62125	-3.86019	0.0103707
1.62375	-3.86483	0.0101389
1.62625	-3.86829	0.010154
1.62875	-3.87126	0.00941418
1.63125	-3.87488	0.0106785
1.63375	-3.87864	0.0103887
1.63625	-3.8846	0.00983495
1.63875	-3.88607	0.0100048
1.64125	-3.89007	0.00973693
1.64375	-3.89453	0.0100915
1.64625	-3.89682	0.0105023
1.64875	-3.90206	0.00965849
1.65125	-3.90494	0.0105401
1.65375	-3.90934	0.0106437
1.65625	-3.91137	0.0100479
1.65875	-3.91646	0.0103023
1.66125	-3.92138	0.0103291
1.66375	-3.92178	0.010299
1.66625	-3.92717	0.0109213
1.66875	-3.93245	0.0107002
1.67125	-3.93596	0.0108082
1.67375	-3.93841	0.00995986
1.67625	-3.94388	0.0100457
1.67875	-3.94689	0.0105228
1.68125	-3.94961	0.0102855
1.68375	-3.95344	0.010125
1.68625	-3.95739	0.0105806
1.68875	-3.96009	0.0109067
1.69125	-3.96485	0.0112923
1.69375	-3.96838	0.0105471
1.69625	-3.97362	0.0107995
1.69875	-3.97547	0.0106989
1.70125	-3.97901	0.0106661
1.70375	-3.98351	0.0102191
1.70625	-3.98862	0.0110147
1.70875	-3.99338	0.0109485
1.71125	-3.9952	0.0104441
1.71375	-3.99986	0.0107104
1.71625	-4.00324	0.0108905
1.71875	-4.00577	0.0105387
1.72125	-4.00935	0.0107522
1.72375	-4.01258	0.010736
1.72625	-4.01605	0.0111727
1.72875	-4.02112	0.0104194
1.73125	-4.02523	0.0113114
1.73375	-4.02879	0.0109725
1.73625	-4.03271	0.0107964
1.73875	-4.03587	0.0109574
1.74125	-4.03804	0.0113398
1.74375	-4.04454	0.0112549
1.74625	-4.04584	0.0107272
1.74875	-4.05097	0.0113476
1.75125	-4.05272	0.0109589
1.75375	-4.05742	0.0108311
1.75625	-4.06164	0.0113646
1.75875	-4.06505	0.0114805
1.76125	-4.06986	0.0118393
1.76375	-4.07262	0.0110903
1.76625	-4.07652	0.0109801
1.76875	-4.07937	0.0105151
1.77125	-4.08375	0.0110841
1.77375	-4.08829	0.0113717
1.77625	-4.09208	0.011377
1.77875	-4.0933	0.0112968
1.78125	-4.09739	0.0119604
1.78375	-4.10177	0.0110544
1.78625	-4.10515	0.0118227
1.78875	-4.10955	0.0114967
1.79125	-4.11335	0.0116758
1.79375	-4.11736	0.0117701
1.79625	-4.11992	0.0110841
1.79875	-4.12477	0.0118186
1.80125	-4.12554	0.0121147
1.80375	-4.13102	0.0114534
1.80625	-4.13551	0.0116149
1.80875	-4.13803	0.0112123
1.81125	-4.14343	0.0112541
1.81375	-4.14574	0.0113606
1.81625	-4.15064	0.0114415
1.81875	-4.15236	0.0117491
1.82125	-4.15687	0.0116642
1.82375	-4.16032	0.0113631
1.82625	-4.16339	0.0111588
1.82875	-4.16753	0.0116922
1.83125	-4.17222	0.0118084
1.83375	-4.17632	0.0119128
1.83625	-4.17795	0.0118465
1.83875	-4.18404	0.0115346
1.84125	-4.18801	0.0119856
1.84375	-4.18912	0.0125015
1.84625	-4.19336	0.0112823
1.84875	-4.19724	0.0117518
1.85125	-4.19898	0.011924
1.85375	-4.20238	0.0121509
1.85625	-4.20846	0.0121176
1.85875	-4.21121	0.0118878
1.86125	-4.2163	0.0122685
1.86375	-4.21891	0.0118359
1.86625	-4.22217	0.0128
1.86875	-4.22702	0.0124937
1.87125	-4.22904	0.0112
1.87375	-4.23378	0.0124158
1.87625	-4.2365	0.0116329
1.87875	-4.2405	0.0122413
1.88125	-4.24373	0.0120942
1.88375	-4.24845	0.0119243
1.88625	-4.25299	0.0122966
1.88875	-4.25366	0.0125348
1.89125	-4.25735	0.0122138
1.89375	-4.26009	0.0122974
1.89625	-4.2655	0.0121309
1.89875	-4.2696	0.0112611
1.90125	-4.27216	0.0120416
1.90375	-4.27625	0.0124769
1.90625	-4.27984	0.0126233
1.90875	-4.28366	0.0122137
1.91125	-4.28712	0.0129041
1.91375	-4.29086	0.0123067
1.91625	-4.29545	0.0125974
1.91875	-4.29746	0.0124877
1.92125	-4.30098	0.0116453
1.92375	-4.30494	0.0117834
1.92625	-4.30877	0.0120553
1.92875	-4.31647	0.0122961
1.93125	-4.31865	0.0124335
1.93375	-4.32047	0.0132173
1.93625	-4.32602	0.0129151
1.93875	-4.32896	0.0129456
1.94125	-4.33048	0.0124461
1.94375	-4.33273	0.0126983
1.94625	-4.33694	0.0128191
1.94875	-4.34106	0.012811
1.95125	-4.3453	0.0130472
1.95375	-4.34993	0.0124028
1.95625	-4.35251	0.0129518
1.95875	-4.35826	0.0129288
1.96125	-4.36015	0.0130533
1.96375	-4.36257	0.0121583
1.96625	-4.36561	0.0128121
1.96875	-4.37068	0.0130219
1.97125	-4.37613	0.0127174
1.97375	-4.37763	0.011921
1.97625	-4.3812	0.0124635
1.97875	-4.38475	0.0127837
1.98125	-4.38918	0.0128271
1.98375	-4.39095	0.0125997
1.98625	-4.39551	0.013075
1.98875	-4.39944	0.0123104
1.99125	-4.40126	0.012262
1.99375	-4.40598	0.0135342
1.99625	-4.40781	0.0122686
1.99875	-4.41412	0.0124601
2.00125	-4.41491	0.0123842
2.00375	-4.42197	0.0127632
2.00625	-4.42391	0.01298
2.00875	-4.42693	0.0130629
2.01125	-4.42822	0.0134115
2.01375	-4.43493	0.0141192
2.01625	-4.43869	0.0128147
2.01875	-4.44153	0.0130491
2.02125	-4.4453	0.0127797
2.02375	-4.45051	0.0131124
2.02625	-4.45483	0.0127921
2.02875	-4.45637	0.0124655
2.03125	-4.45916	0.0132138
2.03375	-4.46296	0.0128636
2.03625	-4.46683	0.0131393
2.03875	-4.47171	0.0137235
2.04125	-4.47363	0.0134887
2.04375	-4.47818	0.0129864
2.04625	-4.48085	0.0138532
2.04875	-4.48555	0.0129388
2.05125	-4.48957	0.0137806
2.05375	-4.49314	0.01355
2.05625	-4.49711	0.0140051
2.05875	-4.5	0.0137377
2.06125	-4.50442	0.0127441
2.06375	-4.50789	0.0138518
2.06625	-4.51038	0.0135194
2.06875	-4.5124	0.0136639
2.07125	-4.51903	0.0137949
2.07375	-4.52137	0.0133678
2.07625	-4.52296	0.0142083
2.07875	-4.52892	0.0133848
2.08125	-4.53235	0.0138091
2.08375	-4.53651	0.0139201
2.08625	-4.54187	0.0130919
2.08875	-4.5419	0.0134121
2.09125	-4.54434	0.0140727
2.09375	-4.55008	0.0133667
2.09625	-4.55247	0.0140641
2.09875	-4.55468	0.012758
2.10125	-4.55725	0.0131318
2.10375	-4.56405	0.013857
2.10625	-4.56748	0.0140301
2.10875	-4.5716	0.0141904
2.11125	-4.57142	0.0145931
2.11375	-4.57809	0.0138613
2.11625	-4.58178	0.0136472
2.11875	-4.58178	0.0140353
2.12125	-4.58857	0.0141134
2.12375	-4.59179	0.0144145
2.12625	-4.59574	0.0134142
2.12875	-4.59936	0.0144998
2.13125	-4.6	0.0136347
2.13375	-4.60695	0.0147976
2.13625	-4.60881	0.014421
2.13875	-4.61253	0.0136635
2.14125	-4.61885	0.0138518
2.14375	-4.61897	0.014057
2.14625	-4.62571	0.0143373
2.14875	-4.62874	0.014506
2.15125	-4.63061	0.014169
2.15375	-4.63591	0.0141788
2.15625	-4.63945	0.013599
2.15875	-4.64092	0.0145221
2.16125	-4.64517	0.014709
2.16375	-4.64718	0.014097
2.16625	-4.65297	0.0147451
2.16875	-4.65732	0.0140533
2.17125	-4.65864	0.0137133
2.17375	-4.66115	0.0144322
2.17625	-4.6662	0.0140746
2.17875	-4.66852	0.0149036
2.18125	-4.67293	0.014694
2.18375	-4.67517	0.0146741
2.18625	-4.68022	0.015243
2.18875	-4.684	0.0147497
2.19125	-4.68565	0.0150968
2.19375	-4.69072	0.0149096
2.19625	-4.69593	0.0154566
2.19875	-4.69882	0.0153159
2.20125	-4.70209	0.01506
2.20375	-4.70594	0.0144078
2.20625	-4.70729	0.0152733
2.20875	-4.71298	0.0138753
2.21125	-4.7154	0.0150005
2.21375	-4.72164	0.0150695
2.21625	-4.72176	0.0146589
2.21875	-4.72529	0.0147856
2.22125	-4.7302	0.0147707
2.22375	-4.7312	0.0148874
2.22625	-4.73685	0.0158785
2.22875	-4.74216	0.0146112
2.23125	-4.7462	0.0147738
2.23375	-4.74892	0.0148968
2.23625	-4.75167	0.0153139
2.23875	-4.7539	0.0144022
2.24125	-4.75894	0.0144255
2.24375	-4.76141	0.0149963
2.24625	-4.76526	0.0150598
2.24875	-4.76761	0.0149016
2.25125	-4.77524	0.0147423
2.25375	-4.77585	0.0146556
2.25625	-4.78104	0.014759
2.25875	-4.78257	0.0153735
2.26125	-4.78475	0.0146219
2.26375	-4.7913	0.0146899
2.26625	-4.7922	0.0149529
2.26875	-4.79712	0.0147968
2.27125	-4.80003	0.0156976
2.27375	-4.80493	0.01552
2.27625	-4.80772	0.0147026
2.27875	-4.8099	0.015342
2.28125	-4.8141	0.0145237
2.28375	-4.81648	0.0158262
2.28625	-4.81932	0.015303
2.28875	-4.82418	0.0154444
2.29125	-4.83002	0.0151707
2.29375	-4.83174	0.0151311
2.29625	-4.8356	0.0150553
2.29875	-4.83752	0.0155476
2.30125	-4.84466	0.0160721
2.30375	-4.84555	0.0156876
2.30625	-4.84833	0.0153821
2.30875	-4.85432	0.0144713
2.31125	-4.85695	0.0155199
2.31375	-4.85845	0.0140419
2.31625	-4.86476	0.0154982
2.31875	-4.86886	0.0156163
2.32125	-4.87146	0.0153654
2.32375	-4.87386	0.0157861
2.32625	-4.87645	0.0147986
2.32875	-4.87913	0.0161742
2.33125	-4.88136	0.0151696
2.33375	-4.88626	0.0152927
2.33625	-4.89185	0.0157727
2.33875	-4.895	0.0158257
2.34125	-4.90109	0.0155511
2.34375	-4.90122	0.0164567
2.34625	-4.90852	0.0163886
2.34875	-4.90892	0.0158358
2.35125	-4.91242	0.0163298
2.35375	-4.91562	0.0155481
2.35625	-4.91816	0.015477
2.35875	-4.92386	0.0157564
2.36125	-4.92852	0.0160282
2.36375	-4.92887	0.0157889
2.36625	-4.93355	0.0165287
2.36875	-4.93701	0.015553
2.37125	-4.94014	0.015993
2.37375	-4.94448	0.0163497
2.37625	-4.94551	0.0160118
2.37875	-4.95047	0.0159946
2.38125	-4.95771	0.0159876
2.38375	-4.95947	0.0159811
2.38625	-4.96382	0.0159621
2.38875	-4.96524	0.0155268
2.39125	-4.97007	0.0160001
2.39375	-4.97306	0.0159395
2.39625	-4.97659	0.0164691
2.39875	-4.98044	0.0166535
2.40125	-4.98364	0.0166673
2.40375	-4.98763	0.0165629
2.40625	-4.98742	0.0169046
2.40875	-4.99464	0.0162157
2.41125	-4.99739	0.0169455
2.41375	-4.99821	0.015682
2.41625	-5.00385	0.0166911
2.41875	-5.00717	0.0159375
2.42125	-5.00894	0.0153931
2.42375	-5.01695	0.016009
2.42625	-5.0176	0.0160496
2.42875	-5.02357	0.0149162
2.43125	-5.02635	0.0166567
2.43375	-5.02841	0.0153184
2.43625	-5.03023	0.0161529
2.43875	-5.03744	0.0167823
2.44125	-5.03563	0.0169256
2.44375	-5.04139	0.0168232
2.44625	-5.04869	0.0168635
2.44875	-5.04668	0.0169258
2.45125	-5.05365	0.016001
2.45375	-5.05836	0.017706
2.45625	-5.06191	0.0165653
2.45875	-5.0644	0.0170414
2.46125	-5.07034	0.0157343
2.46375	-5.0743	0.0171662
2.46625	-5.07437	0.0164907
2.46875	-5.07953	0.0167616
2.47125	-5.07942	0.0173703
2.47375	-5.08457	0.0168538
2.47625	-5.08481	0.0159921
2.47875	-5.09425	0.0172319
2.48125	-5.09386	0.0166738
2.48375	-5.10242	0.0172171
2.48625	-5.10381	0.0174669
2.48875	-5.10658	0.0167189
2.49125	-5.1088	0.0172544
2.49375	-5.10976	0.0164997
2.49625	-5.11653	0.016962
2.49875	-5.11862	0.0180323
2.50125	-5.12252	0.0176857
2.50375	-5.12231	0.0167861
2.50625	-5.13012	0.0171322
2.50875	-5.13136	0.0165766
2.51125	-5.13387	0.016672
2.51375	-5.13976	0.0176252
2.51625	-5.14746	0.0170608
2.51875	-5.14817	0.017572
2.52125	-5.15289	0.0175686
2.52375	-5.15404	0.0173837
2.52625	-5.15679	0.0165074
2.52875	-5.16376	0.0170018
2.53125	-5.1632	0.0173276
2.53375	-5.17003	0.0174941
2.53625	-5.17082	0.0182221
2.53875	-5.17289	0.0169768
2.54125	-5.17914	0.0169823
2.54375	-5.18144	0.0163914
2.54625	-5.18714	0.0169043
2.54875	-5.18899	0.0167636
2.55125	-5.19414	0.0177189
2.55375	-5.19681	0.0166989
2.55625	-5.19948	0.0173632
2.55875	-5.20017	0.0172554
2.56125	-5.2079	0.0168582
2.56375	-5.21013	0.0177255
2.56625	-5.20933	0.0167755
2.56875	-5.21758	0.0183162
2.57125	-5.2197	0.0181777
2.57375	-5.22551	0.0178296
2.57625	-5.22715	0.0188347
2.57875	-5.23039	0.0161955
2.58125	-5.23554	0.0174711
2.58375	-5.23566	0.0168178
2.58625	-5.24129	0.016609
2.58875	-5.24446	0.0166486
2.59125	-5.24854	0.0167437
2.59375	-5.251	0.0173382
2.59625	-5.25212	0.0180655
2.59875	-5.26095	0.0174536
2.60125	-5.25883	0.0174381
2.60375	-5.26572	0.0173919
2.60625	-5.26919	0.0175097
2.60875	-5.27365	0.016359
2.61125	-5.27679	0.0179164
2.61375	-5.28013	0.0175116
2.61625	-5.28466	0.017722
2.61875	-5.2908	0.0161215
2.62125	-5.29058	0.0184172
2.62375	-5.29468	0.0186599
2.62625	-5.3007	0.0181237
2.62875	-5.30224	0.0169427
2.63125	-5.30303	0.0184728
2.63375	-5.30721	0.0182095
2.63625	-5.30733	0.0169527
2.63875	-5.31545	0.0181592
2.64125	-5.31941	0.0179434
2.64375	-5.32205	0.0174912
2.64625	-5.3247	0.0173218
2.64875	-5.33315	0.0179642
2.65125	-5.33338	0.0179467
2.65375	-5.3342	0.0194424
2.65625	-5.33812	0.0180192
2.65875	-5.34154	0.0187374
2.66125	-5.34562	0.0170669
2.66375	-5.34584	0.0184388
2.66625	-5.35437	0.0188197
2.66875	-5.35441	0.0181669
2.67125	-5.35827	0.0176237
2.67375	-5.36313	0.0181854
2.67625	-5.3645	0.0187435
2.67875	-5.36984	0.0182039
2.68125	-5.36934	0.0181348
2.68375	-5.37293	0.0176334
2.68625	-5.38105	0.0187548
2.68875	-5.3799	0.0184336
2.69125	-5.38685	0.0175378
2.69375	-5.39038	0.0188208
2.69625	-5.39507	0.0185248
2.69875	-5.39711	0.0189954
2.70125	-5.40271	0.0178486
2.70375	-5.40558	0.0190128
2.70625	-5.40461	0.0183147
2.70875	-5.41252	0.0177515
2.71125	-5.41396	0.0168755
2.71375	-5.41475	0.0192024
2.71625	-5.42082	0.0181674
2.71875	-5.42235	0.0188341
2.72125	-5.42582	0.0185375
2.72375	-5.43421	0.0186122
2.72625	-5.43486	0.0183144
2.72875	-5.43923	0.0189986
2.73125	-5.44073	0.0188004
2.73375	-5.44885	0.0184834
2.73625	-5.4481	0.0186991
2.73875	-5.45316	0.0184932
2.74125	-5.45593	0.0198886
2.74375	-5.45724	0.0183111
2.74625	-5.46131	0.0193483
2.74875	-5.46664	0.0177299
2.75125	-5.46813	0.0188195
2.75375	-5.4755	0.01947
2.75625	-5.47436	0.0189333
2.75875	-5.4808	0.0189691
2.76125	-5.48693	0.0191732
2.76375	-5.4894	0.0196116
2.76625	-5.48802	0.0199969
2.76875	-5.49278	0.0192679
2.77125	-5.49708	0.019092
2.77375	-5.49505	0.0197216
2.77625	-5.50694	0.0188288
2.77875	-5.51067	0.0189499
2.78125	-5.51254	0.0192559
2.78375	-5.51414	0.0198043
2.78625	-5.51592	0.0194035
2.78875	-5.522	0.0183586
2.79125	-5.52481	0.0203191
2.79375	-5.52824	0.0182959
2.79625	-5.53474	0.0186991
2.79875	-5.53067	0.0195424
2.80125	-5.53995	0.018711
2.80375	-5.54118	0.0190573
2.80625	-5.54681	0.0195149
2.80875	-5.55223	0.0190923
2.81125	-5.55263	0.0194448
2.81375	-5.55691	0.0195388
2.81625	-5.55732	0.0198526
2.81875	-5.56484	0.0193574
2.82125	-5.56869	0.0182991
2.82375	-5.57312	0.019122
2.82625	-5.57419	0.0200721
2.82875	-5.577	0.0200183
2.83125	-5.58186	0.0190006
2.83375	-5.58166	0.0184196
2.83625	-5.58877	0.0202808
2.83875	-5.59085	0.0210805
2.84125	-5.59516	0.0197174
2.84375	-5.59944	0.020108
2.84625	-5.60112	0.0193834
2.84875	-5.60591	0.0205948
2.85125	-5.61308	0.0194857
2.85375	-5.61396	0.0201214
2.85625	-5.61232	0.019702
2.85875	-5.61679	0.0203523
2.86125	-5.61837	0.0202911
2.86375	-5.62611	0.020737
2.86625	-5.6252	0.018703
2.86875	-5.6303	0.0201258
2.87125	-5.6361	0.0197449
2.87375	-5.64238	0.0198906
2.87625	-5.64714	0.0197773
2.87875	-5.64702	0.0195643
2.88125	-5.64978	0.0213046
2.88375	-5.65691	0.0191472
2.88625	-5.65758	0.0202385
2.88875	-5.66179	0.0199653
2.89125	-5.66481	0.0192095
2.89375	-5.66492	0.0203905
2.89625	-5.66808	0.0211003
2.89875	-5.67607	0.0203032
2.90125	-5.6766	0.0193013
2.90375	-5.68187	0.0203131
2.90625	-5.68609	0.0196772
2.90875	-5.68437	0.0200636
2.91125	-5.69194	0.0199091
2.91375	-5.69353	0.0196067
2.91625	-5.69576	0.019988
2.91875	-5.70252	0.0206006
2.92125	-5.70147	0.020254
2.92375	-5.70694	0.0202421
2.92625	-5.71315	0.0204367
2.92875	-5.71252	0.0211011
2.93125	-5.71669	0.0192193
2.93375	-5.72236	0.0201836
2.93625	-5.7268	0.0209923
2.93875	-5.7282	0.0208376
2.94125	-5.73253	0.0198808
2.94375	-5.73882	0.0199146
2.94625	-5.73748	0.0205414
2.94875	-5.74321	0.0204236
2.95125	-5.74729	0.0203724
2.95375	-5.74988	0.0216627
2.95625	-5.75289	0.0190987
2.95875	-5.75762	0.0209849
2.96125	-5.76301	0.0221639
2.96375	-5.76429	0.0194166
2.96625	-5.76667	0.0199626
2.96875	-5.77008	0.0206565
2.97125	-5.7757	0.021357
2.97375	-5.78345	0.021246
2.97625	-5.78044	0.0217156
2.97875	-5.78525	0.0225728
2.98125	-5.78478	0.020338
2.98375	-5.79118	0.0212305
2.98625	-5.79481	0.0197132
2.98875	-5.8045	0.0210336
2.99125	-5.80107	0.0211427
2.99375	-5.80346	0.0206302
2.99625	-5.80853	0.021042
2.99875	-5.81562	0.0200518
3.00125	-5.81636	0.0199884
3.00375	-5.81812	0.0209658
3.00625	-5.82303	0.0218248
3.00875	-5.82672	0.0209649
3.01125	-5.82958	0.0207095
3.01375	-5.83194	0.0201608
3.01625	-5.83614	0.0210777
3.01875	-5.83708	0.0213031
3.02125	-5.84223	0.0216558
3.02375	-5.84403	0.0210615
3.02625	-5.84606	0.0199188
3.02875	-5.85434	0.0212807
3.03125	-5.85541	0.0208559
3.03375	-5.86176	0.0217331
3.03625	-5.8628	0.020178
3.03875	-5.87047	0.0213308
3.04125	-5.87071	0.019013
3.04375	-5.87643	0.0218378
3.04625	-5.87405	0.0208403
3.04875	-5.88308	0.0215091
3.05125	-5.88265	0.0216631
3.05375	-5.89412	0.0209109
3.05625	-5.8925	0.0212246
3.05875	-5.89405	0.021535
3.06125	-5.90029	0.0218015
3.06375	-5.89975	0.0218051
3.06625	-5.90558	0.020902
3.06875	-5.91178	0.0215524
3.07125	-5.91094	0.0205459
3.07375	-5.91235	0.0217419
3.07625	-5.91671	0.0213351
3.07875	-5.92138	0.0198647
3.08125	-5.92028	0.021013
3.08375	-5.93074	0.0219206
3.08625	-5.93118	0.0218193
3.08875	-5.93196	0.0211767
3.09125	-5.93665	0.021437
3.09375	-5.9421	0.0222592
3.09625	-5.94276	0.0216008
3.09875	-5.95248	0.021035
3.10125	-5.95192	0.0221241
3.10375	-5.95316	0.0215458
3.10625	-5.95916	0.0222548
3.10875	-5.96242	0.0218157
3.11125	-5.96675	0.0211435
3.11375	-5.97216	0.0213781
3.11625	-5.96806	0.0212373
3.11875	-5.97462	0.021781
3.12125	-5.97898	0.0216478
3.12375	-5.98262	0.0221621
3.12625	-5.99188	0.0224152
3.12875	-5.99393	0.021919
3.13125	-5.99174	0.0212184
3.13375	-5.99869	0.0224252
3.13625	-6.0024	0.0213573
3.13875	-6.00822	0.0224092
3.14125	-6.00782	0.0215346
3.14375	-6.01087	0.0219409
3.14625	-6.01753	0.0221855
3.14875	-6.02289	0.0218554
3.15125	-6.02612	0.0225405
3.15375	-6.02478	0.0211759
3.15625	-6.02842	0.0223781
3.15875	-6.0315	0.0220695
3.16125	-6.03641	0.0216008
3.16375	-6.04024	0.0233245
3.16625	-6.04972	0.0231048
3.16875	-6.04336	0.0214215
3.17125	-6.04921	0.0223437
3.17375	-6.05286	0.0217467
3.17625	-6.05671	0.0222896
3.17875	-6.06054	0.022472
3.18125	-6.07003	0.0227431
3.18375	-6.06753	0.020801
3.18625	-6.07408	0.0227136
3.18875	-6.07531	0.0232074
3.19125	-6.07818	0.0232985
3.19375	-6.0783	0.0212386
3.19625	-6.08569	0.0220351
3.19875	-6.08693	0.0231848
3.20125	-6.08948	0.0209042
3.20375	-6.09428	0.0227029
3.20625	-6.10042	0.0225915
3.20875	-6.09983	0.0231483
3.21125	-6.10145	0.0235815
3.21375	-6.10739	0.0233756
3.21625	-6.10941	0.0228247
3.21875	-6.11183	0.022375
3.22125	-6.12013	0.0228788
3.22375	-6.12359	0.0222217
3.22625	-6.12531	0.0236465
3.22875	-6.12851	0.02115
3.23125	-6.13411	0.024383
3.23375	-6.12979	0.0230354
3.23625	-6.13639	0.0229277
3.23875	-6.14304	0.0231529
3.24125	-6.14305	0.0225161
3.24375	-6.14711	0.0220257
3.24625	-6.14882	0.0233918
3.24875	-6.15455	0.0229417
3.25125	-6.16151	0.0244369
3.25375	-6.16062	0.0242952
3.25625	-6.16411	0.0244769
3.25875	-6.17049	0.0226756
3.26125	-6.17009	0.0226503
3.26375	-6.1743	0.0234139
3.26625	-6.18001	0.0239756
3.26875	-6.18461	0.0240242
3.27125	-6.1841	0.0238886
3.27375	-6.18828	0.0221322
3.27625	-6.19837	0.0231506
3.27875	-6.19969	0.0249092
3.28125	-6.19869	0.0239433
3.28375	-6.20116	0.0239524
3.28625	-6.20501	0.0226753
3.28875	-6.20773	0.02164
3.29125	-6.21452	0.0220419
3.29375	-6.21341	0.0221434
3.29625	-6.22298	0.0255275
3.29875	-6.22766	0.0226256
3.30125	-6.2252	0.0233249
3.30375	-6.22686	0.0208632
3.30625	-6.23596	0.0227914
3.30875	-6.23683	0.0238658
3.31125	-6.24194	0.0234991
3.31375	-6.24571	0.023212
3.31625	-6.24749	0.0218996
3.31875	-6.2517	0.0241897
3.32125	-6.25597	0.0237821
3.32375	-6.25948	0.0218101
3.32625	-6.26112	0.0240945
3.32875	-6.26951	0.0225632
3.33125	-6.26571	0.0233009
3.33375	-6.27214	0.0240534
3.33625	-6.27189	0.0239007
3.33875	-6.27985	0.0233854
3.34125	-6.28875	0.0236553
3.34375	-6.28598	0.0233529
3.34625	-6.28873	0.0231946
3.34875	-6.29276	0.0239526
3.35125	-6.29844	0.0242908
3.35375	-6.30049	0.0242059
3.35625	-6.30662	0.0238499
3.35875	-6.30844	0.0226628
3.36125	-6.30765	0.0238875
3.36375	-6.31331	0.0237288
3.36625	-6.31711	0.0237938
3.36875	-6.31572	0.0249592
3.37125	-6.32089	0.0235704
3.37375	-6.32865	0.0242617
3.37625	-6.32899	0.0240483
3.37875	-6.33251	0.0231512
3.38125	-6.34058	0.0258683
3.38375	-6.34075	0.0242685
3.38625	-6.34347	0.0246315
3.38875	-6.34729	0.0236788
3.39125	-6.35241	0.023331
3.39375	-6.35945	0.023998
3.39625	-6.35773	0.0255369
3.39875	-6.36056	0.0247853
3.40125	-6.36337	0.0240457
3.40375	-6.36788	0.0217022
3.40625	-6.3732	0.0228973
3.40875	-6.3737	0.0256038
3.41125	-6.37602	0.0253598
3.41375	-6.38024	0.0244629
3.41625	-6.3853	0.0224511
3.41875	-6.39047	0.0243247
3.42125	-6.39448	0.0242847
3.42375	-6.3972	0.026175
3.42625	-6.40506	0.0263063
3.42875	-6.40043	0.0253567
3.43125	-6.40801	0.0260032
3.43375	-6.40927	0.0252942
3.43625	-6.41094	0.0245416
3.43875	-6.41724	0.0238152
3.44125	-6.41476	0.021373
3.44375	-6.4246	0.0237993
3.44625	-6.42503	0.0240752
3.44875	-6.42327	0.024478
3.45125	-6.43422	0.0229754
3.45375	-6.4344	0.0236492
3.45625	-6.44055	0.024717
3.45875	-6.44493	0.0246954
3.46125	-6.44796	0.0250794
3.46375	-6.44826	0.0241894
3.46625	-6.45723	0.0242016
3.46875	-6.45317	0.0230287
3.47125	-6.45956	0.0241864
3.47375	-6.46478	0.0251766
3.47625	-6.4689	0.0263963
3.47875	-6.47301	0.0259235
3.48125	-6.46818	0.0244434
3.48375	-6.47623	0.0252882
3.48625	-6.47933	0.0256159
3.48875	-6.48552	0.0234385
3.49125	-6.49239	0.0248793
3.49375	-6.48987	0.0266254
3.49625	-6.49482	0.0230032
3.49875	-6.49748	0.0241511
3.50125	-6.50099	0.0253568
3.50375	-6.50235	0.0251757
3.50625	-6.507	0.0251275
3.50875	-6.512	0.0243336
3.51125	-6.51294	0.023783
3.51375	-6.51428	0.0238478
3.51625	-6.51808	0.0257864
3.51875	-6.53134	0.0254239
3.52125	-6.53136	0.0239653
3.52375	-6.52864	0.0237078
3.52625	-6.53474	0.0250448
3.52875	-6.54073	0.0249031
3.53125	-6.54391	0.0262338
3.53375	-6.54128	0.0256388
3.53625	-6.5523	0.0240824
3.53875	-6.55128	0.0259218
3.54125	-6.55543	0.0256022
3.54375	-6.56292	0.0254114
3.54625	-6.5646	0.0241491
3.54875	-6.56609	0.0239808
3.55125	-6.57263	0.0256213
3.55375	-6.57411	0.0263065
3.55625	-6.58021	0.0268787
3.55875	-6.57847	0.0249788
3.56125	-6.58618	0.0229025
3.56375	-6.58596	0.0245647
3.56625	-6.59324	0.0271249
3.56875	-6.60027	0.0247806
3.57125	-6.60599	0.0256949
3.57375	-6.59674	0.0250895
3.57625	-6.60711	0.0268875
3.57875	-6.61559	0.0263384
3.58125	-6.61769	0.0273959
3.58375	-6.61565	0.0250415
3.58625	-6.6182	0.023496
3.58875	-6.61868	0.0245465
3.59125	-6.62484	0.0249927
3.59375	-6.63229	0.0247812
3.59625	-6.63262	0.0279983
3.59875	-6.63062	0.0258514
3.60125	-6.63635	0.0258551
3.60375	-6.64201	0.0264834
3.60625	-6.64792	0.027165
3.60875	-6.65121	0.0254789
3.61125	-6.64679	0.0271959
3.61375	-6.65794	0.0265907
3.61625	-6.65983	0.0258981
3.61875	-6.65968	0.0253143
3.62125	-6.67008	0.0245335
3.62375	-6.67494	0.0263364
3.62625	-6.67613	0.0260299
3.62875	-6.67667	0.0262877
3.63125	-6.68273	0.0254031
3.63375	-6.68514	0.0241704
3.63625	-6.68659	0.0282314
3.63875	-6.69403	0.0266655
3.64125	-6.69732	0.0246052
3.64375	-6.6992	0.0266503
3.64625	-6.69746	0.0240059
3.64875	-6.70839	0.0266466
3.65125	-6.70635	0.0261509
3.65375	-6.7184	0.0280613
3.65625	-6.71126	0.0260513
3.65875	-6.72212	0.0261987
3.66125	-6.72001	0.0254853
3.66375	-6.72891	0.0282546
3.66625	-6.72367	0.0257588
3.66875	-6.72822	0.0271318
3.67125	-6.73138	0.0266623
3.67375	-6.73772	0.0276425
3.67625	-6.73605	0.0271466
3.67875	-6.73847	0.026024
3.68125	-6.7504	0.0268333
3.68375	-6.75314	0.0272992
3.68625	-6.75232	0.027828
3.68875	-6.75685	0.0234265
3.69125	-6.76014	0.0271251
3.69375	-6.76491	0.0253139
3.69625	-6.76145	0.0285187
3.69875	-6.77534	0.0255725
3.70125	-6.7752	0.0281994
3.70375	-6.7828	0.0269559
3.70625	-6.78083	0.0274022
3.70875	-6.78507	0.0268858
3.71125	-6.79389	0.0269874
3.71375	-6.79317	0.0225784
3.71625	-6.79951	0.0272495
3.71875	-6.79092	0.0258846
3.72125	-6.80413	0.0252218
3.72375	-6.80529	0.0290581
3.72625	-6.80542	0.0266937
3.72875	-6.81465	0.0281544
3.73125	-6.81515	0.0258585
3.73375	-6.81688	0.0261347
3.73625	-6.8233	0.0264976
3.73875	-6.82058	0.0253915
3.74125	-6.83425	0.02684
3.74375	-6.83497	0.027052
3.74625	-6.83856	0.0272014
3.74875	-6.84791	0.0278657
3.75125	-6.84065	0.0264987
3.75375	-6.84291	0.0272075
3.75625	-6.85776	0.0281414
3.75875	-6.85402	0.0264003
3.76125	-6.85582	0.0250773
3.76375	-6.86643	0.0277467
3.76625	-6.87006	0.0284385
3.76875	-6.87276	0.0280564
3.77125	-6.87136	0.0276724
3.77375	-6.87766	0.0260751
3.77625	-6.87303	0.0271323
3.77875	-6.88034	0.0256516
3.78125	-6.89028	0.0279316
3.78375	-6.89359	0.0277986
3.78625	-6.89633	0.026944
3.78875	-6.90228	0.0276235
3.79125	-6.90052	0.029118
3.79375	-6.90706	0.0257647
3.79625	-6.9093	0.0285304
3.79875	-6.91407	0.0299356
3.80125	-6.92042	0.0256621
3.80375	-6.91882	0.0293278
3.80625	-6.9214	0.0283314
3.80875	-6.92586	0.0266131
3.81125	-6.93279	0.0276207
3.81375	-6.92642	0.0269664
3.81625	-6.93202	0.0267303
3.81875	-6.93559	0.0268541
3.82125	-6.93613	0.0280381
3.82375	-6.93985	0.0249465
3.82625	-6.94746	0.0283441
3.82875	-6.95105	0.0299071
3.83125	-6.95171	0.0279063
3.83375	-6.9599	0.0268093
3.83625	-6.95833	0.0260754
3.83875	-6.96505	0.0269733
3.84125	-6.97326	0.0288091
3.84375	-6.97241	0.0294782
3.84625	-6.98284	0.0281559
3.84875	-6.98325	0.0284851
3.85125	-6.97495	0.0263521
3.85375	-6.97962	0.0284367
3.85625	-6.99586	0.0258512
3.85875	-6.98816	0.0279312
3.86125	-6.99705	0.0295869
3.86375	-7.00538	0.0271977
3.86625	-7.00843	0.0278719
3.86875	-7.00365	0.0264328
3.87125	-7.01474	0.0258643
3.87375	-7.0109	0.0287177
3.87625	-7.02231	0.0280882
3.87875	-7.02549	0.0292449
3.88125	-7.02755	0.0287358
3.88375	-7.03117	0.0274314
3.88625	-7.0274	0.0284255
3.88875	-7.0324	0.0282866
3.89125	-7.03549	0.0284442
3.89375	-7.03113	0.026953
3.89625	-7.05138	0.0278348
3.89875	-7.05145	0.0258234
3.90125	-7.05602	0.0289439
3.90375	-7.05499	0.0286039
3.90625	-7.05858	0.028541
3.90875	-7.06788	0.0282783
3.91125	-7.05907	0.028695
3.91375	-7.06726	0.0282109
3.91625	-7.07215	0.0306992
3.91875	-7.07522	0.0258078
3.92125	-7.07229	0.028414
3.92375	-7.07681	0.0277563
3.92625	-7.08349	0.0274785
3.92875	-7.08465	0.0267605
3.93125	-7.0981	0.0264799
3.93375	-7.09601	0.0301839
3.93625	-7.10649	0.0264279
3.93875	-7.10382	0.025667
3.94125	-7.10381	0.0274564
3.94375	-7.10503	0.0273684
3.94625	-7.11226	0.0273876
3.94875	-7.11867	0.02932
3.95125	-7.12028	0.0323216
3.95375	-7.12427	0.0277645
3.95625	-7.12686	0.0279213
3.95875	-7.12871	0.0272108
3.96125	-7.13568	0.0273884
3.96375	-7.13765	0.0300011
3.96625	-7.12993	0.0296154
3.96875	-7.15071	0.0295205
3.97125	-7.14744	0.0288732
3.97375	-7.15177	0.0297015
3.97625	-7.15184	0.0302681
3.97875	-7.16399	0.0306355
3.98125	-7.16112	0.0274597
3.98375	-7.16158	0.0291022
3.98625	-7.17144	0.0311929
3.98875	-7.17192	0.0298655
3.99125	-7.17103	0.026858
3.99375	-7.17913	0.029537
3.99625	-7.19032	0.0286235
3.99875	-7.19102	0.0283518
4.00125	-7.19171	0.0288136
4.00375	-7.1858	0.0288426
4.00625	-7.18823	0.0272477
4.00875	-7.19134	0.0287768
4.01125	-7.19684	0.0266911
4.01375	-7.20883	0.0322941
4.01625	-7.20561	0.0308756
4.01875	-7.21272	0.0282477
4.02125	-7.21111	0.0265461
4.02375	-7.21517	0.0289637
4.02625	-7.21592	0.0276084
4.02875	-7.23212	0.0269881
4.03125	-7.22442	0.0290347
4.03375	-7.24283	0.0274614
4.03625	-7.24472	0.0297034
4.03875	-7.23504	0.0309717
4.04125	-7.24676	0.0277156
4.04375	-7.2449	0.0284412
4.04625	-7.25119	0.0287713
4.04875	-7.25607	0.0315076
4.05125	-7.25941	0.0268276
4.05375	-7.25803	0.0279191
4.05625	-7.26575	0.028432
4.05875	-7.26939	0.0308649
4.06125	-7.26251	0.0315643
4.06375	-7.26315	0.028842
4.06625	-7.27221	0.0319484
4.06875	-7.27634	0.029145
4.07125	-7.28681	0.0311953
4.07375	-7.285	0.0279485
4.07625	-7.29128	0.0261956
4.07875	-7.29413	0.0293443
4.08125	-7.29253	0.0276087
4.08375	-7.30061	0.0318911
4.08625	-7.2914	0.0314174
4.08875	-7.30099	0.0294158
4.09125	-7.3008	0.0314541
4.09375	-7.3127	0.0269985
4.09625	-7.32794	0.0323838
4.09875	-7.31034	0.0304362
4.10125	-7.32406	0.0306018
4.10375	-7.32874	0.0292028
4.10625	-7.33454	0.0304036
4.10875	-7.3333	0.027443
4.11125	-7.34224	0.0292322
4.11375	-7.34417	0.0295752
4.11625	-7.33747	0.0299869
4.11875	-7.35068	0.0298161
4.12125	-7.35319	0.0290927
4.12375	-7.35923	0.0259158
4.12625	-7.35306	0.0286232
4.12875	-7.36283	0.030689
4.13125	-7.37143	0.0306798
4.13375	-7.37029	0.0281261
4.13625	-7.36845	0.0304526
4.13875	-7.38061	0.0292387
4.14125	-7.37436	0.0294737
4.14375	-7.38946	0.028975
4.14625	-7.38447	0.0306532
4.14875	-7.39122	0.0311122
4.15125	-7.40125	0.0320524
4.15375	-7.3998	0.0273474
4.15625	-7.39663	0.0296919
4.15875	-7.40447	0.0282205
4.16125	-7.40557	0.032796
4.16375	-7.41616	0.0317722
4.16625	-7.40936	0.031712
4.16875	-7.42072	0.029864
4.17125	-7.4141	0.0285581
4.17375	-7.41964	0.0335321
4.17625	-7.4251	0.0281063
4.17875	-7.42517	0.0283295
4.18125	-7.44386	0.0294062
4.18375	-7.43705	0.0306931
4.18625	-7.44062	0.0313442
4.18875	-7.43915	0.0324924
4.19125	-7.4483	0.0318981
4.19375	-7.43795	0.0294364
4.19625	-7.45539	0.032066
4.19875	-7.45905	0.0296657
4.20125	-7.45606	0.0315305
4.20375	-7.46258	0.0299212
4.20625	-7.47092	0.031938
4.20875	-7.46551	0.028606
4.21125	-7.47619	0.0285806
4.21375	-7.4741	0.0306995
4.21625	-7.4807	0.0315525
4.21875	-7.48508	0.0307041
4.22125	-7.48606	0.0293466
4.22375	-7.48425	0.0299201
4.22625	-7.49932	0.0321751
4.22875	-7.50261	0.0289772
4.23125	-7.50183	0.0303798
4.23375	-7.49568	0.0290957
4.23625	-7.51348	0.0304587
4.23875	-7.52127	0.0327753
4.24125	-7.51659	0.0322251
4.24375	-7.51788	0.0324782
4.24625	-7.52327	0.0324006
4.24875	-7.52194	0.0306821
4.25125	-7.53113	0.0322322
4.25375	-7.52812	0.0314644
4.25625	-7.53698	0.0326947
4.25875	-7.5416	0.0313119
4.26125	-7.53987	0.0333999
4.26375	-7.55031	0.0305839
4.26625	-7.54745	0.0310203
4.26875	-7.55763	0.0312327
4.27125	-7.5534	0.0321982
4.27375	-7.56276	0.0312031
4.27625	-7.55696	0.0320646
4.27875	-7.57849	0.032644
4.28125	-7.57538	0.0295903
4.28375	-7.58928	0.031447
4.28625	-7.57323	0.0306496
4.28875	-7.59121	0.030378
4.29125	-7.58158	0.0310766
4.29375	-7.5819	0.032057
4.29625	-7.57703	0.0313736
4.29875	-7.58887	0.0290086
4.30125	-7.60084	0.030402
4.30375	-7.61457	0.0292955
4.30625	-7.59298	0.0326447
4.30875	-7.60729	0.0317084
4.31125	-7.60767	0.0305312
4.31375	-7.61123	0.0318412
4.31625	-7.61912	0.0286894
4.31875	-7.62022	0.0321484
4.32125	-7.62962	0.0274792
4.32375	-7.61721	0.0315648
4.32625	-7.62922	0.0326094
4.32875	-7.62135	0.0276873
4.33125	-7.63013	0.0332341
4.33375	-7.64048	0.0302064
4.33625	-7.65463	0.0319414
4.33875	-7.63848	0.0312276
4.34125	-7.64752	0.0295967
4.34375	-7.64752	0.0310236
4.34625	-7.66054	0.0297763
4.34875	-7.66357	0.0351419
4.35125	-7.66033	0.0299967
4.35375	-7.66674	0.0324719
4.35625	-7.67713	0.0324728
4.35875	-7.67366	0.0324126
4.36125	-7.67863	0.0297877
4.36375	-7.68252	0.030883
4.36625	-7.68686	0.0312734
4.36875	-7.68337	0.0302709
4.37125	-7.68906	0.0303058
4.37375	-7.6957	0.0331192
4.37625	-7.69374	0.0317993
4.37875	-7.70848	0.0315377
4.38125	-7.71246	0.0289194
4.38375	-7.70596	0.0340204
4.38625	-7.71576	0.0311833
4.38875	-7.71519	0.0322227
4.39125	-7.72497	0.0323639
4.39375	-7.72724	0.0300824
4.39625	-7.72908	0.0334622
4.39875	-7.72734	0.0311047
4.40125	-7.74235	0.0323966
4.40375	-7.73587	0.027414
4.40625	-7.75124	0.0328809
4.40875	-7.73805	0.0340862
4.41125	-7.74593	0.0333728
4.41375	-7.75095	0.0332806
4.41625	-7.7464	0.0321804
4.41875	-7.76928	0.0330672
4.42125	-7.76326	0.0352147
4.42375	-7.76155	0.0328554
4.42625	-7.76851	0.0319073
4.42875	-7.76932	0.0300952
4.43125	-7.77285	0.0288575
4.43375	-7.77327	0.0347122
4.43625	-7.76608	0.0320017
4.43875	-7.78176	0.0305381
4.44125	-7.77631	0.0325583
4.44375	-7.80008	0.0327585
4.44625	-7.79765	0.0334178
4.44875	-7.80305	0.0349123
4.45125	-7.81157	0.0368938
4.45375	-7.81599	0.0330891
4.45625	-7.80858	0.0324827
4.45875	-7.81228	0.0302977
4.46125	-7.81101	0.0344213
4.46375	-7.82471	0.0325627
4.46625	-7.81756	0.0300203
4.46875	-7.82386	0.0333723
4.47125	-7.81984	0.0356302
4.47375	-7.82536	0.0352843
4.47625	-7.83621	0.0317069
4.47875	-7.8398	0.0330416
4.48125	-7.84609	0.033689
4.48375	-7.84051	0.0327463
4.48625	-7.85271	0.0324402
4.48875	-7.85073	0.0311253
4.49125	-7.84692	0.0300914
4.49375	-7.87029	0.0341058
4.49625	-7.85749	0.0342073
4.49875	-7.86382	0.0347708
4.50125	-7.875	0.034061
4.50375	-7.86075	0.03219
4.50625	-7.87404	0.0317741
4.50875	-7.87019	0.0323841
4.51125	-7.87568	0.0336298
4.51375	-7.8831	0.0324966
4.51625	-7.88732	0.0327225
4.51875	-7.90055	0.0330722
4.52125	-7.90034	0.0349887
4.52375	-7.89853	0.0337307
4.52625	-7.89984	0.0347246
4.52875	-7.90775	0.034435
4.53125	-7.9165	0.0306422
4.53375	-7.90812	0.0294891
4.53625	-7.91538	0.0329533
4.53875	-7.9289	0.0321905
4.54125	-7.91779	0.0350872
4.54375	-7.9336	0.03913
4.54625	-7.94219	0.0380189
4.54875	-7.9415	0.031965
4.55125	-7.93587	0.0331614
4.55375	-7.94726	0.0337968
4.55625	-7.93409	0.031985
4.55875	-7.93997	0.0313285
4.56125	-7.95293	0.0342486
4.56375	-7.96387	0.0361205
4.56625	-7.96296	0.0365533
4.56875	-7.96626	0.0317479
4.57125	-7.96689	0.0311077
4.57375	-7.97227	0.0364934
4.57625	-7.98205	0.0371044
4.57875	-7.98304	0.03113
4.58125	-7.96979	0.0310697
4.58375	-7.98126	0.0352833
4.58625	-7.9849	0.0365888
4.58875	-7.99207	0.0326542
4.59125	-7.99056	0.0299575
4.59375	-8.0078	0.0352184
4.59625	-7.99591	0.0339967
4.59875	-8.00418	0.0332915
4.60125	-8.01883	0.032197
4.60375	-7.99285	0.0334827
4.60625	-8.01011	0.0340793
4.60875	-8.02091	0.0339876
4.61125	-8.02093	0.0347404
4.61375	-8.03431	0.0350961
4.61625	-8.02864	0.0312968
4.61875	-8.03098	0.0334377
4.62125	-8.0216	0.0310873
4.62375	-8.04447	0.0335189
4.62625	-8.03688	0.0316431
4.62875	-8.05164	0.0353918
4.63125	-8.05607	0.0305464
4.63375	-8.04438	0.0327619
4.63625	-8.05523	0.0324256
4.63875	-8.06849	0.0303359
4.64125	-8.05648	0.0348489
4.64375	-8.06073	0.0379368
4.64625	-8.06795	0.0348813
4.64875	-8.06981	0.0346895
4.65125	-8.07898	0.0356818
4.65375	-8.08602	0.0355608
4.65625	-8.08712	0.0319811
4.65875	-8.07911	0.0310547
4.66125	-8.08991	0.0316099
4.66375	-8.08036	0.0320232
4.66625	-8.09765	0.0347151
4.66875	-8.10512	0.0340987
4.67125	-8.10409	0.0382199
4.67375	-8.10542	0.0339558
4.67625	-8.09438	0.0402343
4.67875	-8.11525	0.0361417
4.68125	-8.11955	0.0327291
4.68375	-8.13114	0.0327949
4.68625	-8.11751	0.0351451
4.68875	-8.12141	0.0361992
4.69125	-8.11846	0.0332195
4.69375	-8.13405	0.0333446
4.69625	-8.12559	0.0355644
4.69875	-8.14291	0.0327035
4.70125	-8.13804	0.0319967
4.70375	-8.16029	0.0334423
4.70625	-8.15438	0.0341033
4.70875	-8.14632	0.0360453
4.71125	-8.17043	0.0364409
4.71375	-8.1634	0.0331945
4.71625	-8.16258	0.0345807
4.71875	-8.15769	0.0329991
4.72125	-8.18006	0.0312999
4.72375	-8.18729	0.0337326
4.72625	-8.19427	0.0396862
4.72875	-8.18345	0.0325121
4.73125	-8.18873	0.0368521
4.73375	-8.19072	0.0344527
4.73625	-8.18308	0.0326907
4.73875	-8.20848	0.0390962
4.74125	-8.19938	0.0362299
4.74375	-8.21347	0.0376541
4.74625	-8.20703	0.0341912
4.74875	-8.2166	0.0388745
4.75125	-8.20679	0.0338782
4.75375	-8.21904	0.0335495
4.75625	-8.22011	0.03554
4.75875	-8.21022	0.0346215
4.76125	-8.21986	0.0344813
4.76375	-8.21612	0.0347955
4.76625	-8.23993	0.0345383
4.76875	-8.23583	0.0410277
4.77125	-8.25588	0.0375013
4.77375	-8.25424	0.0380432
4.77625	-8.24512	0.0376675
4.77875	-8.27018	0.0327143
4.78125	-8.25787	0.0352875
4.78375	-8.24951	0.0385452
4.78625	-8.24961	0.031381
4.78875	-8.26334	0.0351779
4.79125	-8.27337	0.0400395
4.79375	-8.28631	0.0353576
4.79625	-8.27419	0.0332608
4.79875	-8.29656	0.0320455
4.80125	-8.28217	0.036379
4.80375	-8.27661	0.0352116
4.80625	-8.28938	0.0285271
4.80875	-8.29898	0.031197
4.81125	-8.28484	0.0379337
4.81375	-8.28638	0.0330092
4.81625	-8.30025	0.0335543
4.81875	-8.3051	0.0352764
4.82125	-8.31329	0.038241
4.82375	-8.30677	0.0349875
4.82625	-8.29665	0.0385437
4.82875	-8.29853	0.0312414
4.83125	-8.31599	0.0361805
4.83375	-8.32603	0.0375546
4.83625	-8.31933	0.0397985
4.83875	-8.34809	0.0352926
4.84125	-8.34535	0.0414835
4.84375	-8.34084	0.0348461
4.84625	-8.35442	0.0392942
4.84875	-8.34201	0.0317523
4.85125	-8.35284	0.0390197
4.85375	-8.3591	0.0384136
4.85625	-8.35561	0.035488
4.85875	-8.35763	0.0388848
4.86125	-8.36292	0.0403875
4.86375	-8.36678	0.036846
4.86625	-8.36329	0.0364079
4.86875	-8.37403	0.0354746
4.87125	-8.38963	0.0353922
4.87375	-8.38099	0.0345692
4.87625	-8.38346	0.0354509
4.87875	-8.39062	0.0367586
4.88125	-8.38151	0.0324762
4.88375	-8.39079	0.0329773
4.88625	-8.38929	0.0336897
4.88875	-8.39664	0.0388389
4.89125	-8.41531	0.0371324
4.89375	-8.41308	0.036764
4.89625	-8.42578	0.0385746
4.89875	-8.40744	0.0366302
4.90125	-8.42217	0.0392662
4.90375	-8.41824	0.0385976
4.90625	-8.41081	0.0324986
4.90875	-8.42137	0.0385122
4.91125	-8.42639	0.0389222
4.91375	-8.46134	0.0392099
4.91625	-8.43334	0.0387181
4.91875	-8.45094	0.0380659
4.92125	-8.45821	0.0347243
4.92375	-8.45168	0.0355303
4.92625	-8.44624	0.036238
4.92875	-8.45185	0.0400275
4.93125	-8.46044	0.0372216
4.93375	-8.45035	0.0360814
4.93625	-8.48824	0.0348564
4.93875	-8.47384	0.0373419
4.94125	-8.4754	0.03821
4.94375	-8.47825	0.0361925
4.94625	-8.47152	0.0391458
4.94875	-8.4925	0.0386262
4.95125	-8.4798	0.037272
4.95375	-8.49487	0.0407405
4.95625	-8.49256	0.0354215
4.95875	-8.48951	0.0360706
4.96125	-8.50854	0.0353727
4.96375	-8.49016	0.0408155
4.96625	-8.49322	0.0437746
4.96875	-8.49812	0.0324978
4.97125	-8.52217	0.0347502
4.97375	-8.52415	0.0363003
4.97625	-8.52463	0.0402303
4.97875	-8.52337	0.035917
4.98125	-8.52226	0.0373957
4.98375	-8.53242	0.0343629
4.98625	-8.52624	0.0401179
4.98875	-8.535	0.0382639
4.99125	-8.52081	0.0345586
4.99375	-8.54295	0.040639
4.99625	-8.55323	0.0340047
4.99875	-8.54466	0.0435864
5.00125	-8.56416	0.0374526
5.00375	-8.55555	0.0375003
5.00625	-8.54831	0.0400782
5.00875	-8.57406	0.037717
5.01125	-8.56005	0.0360056
5.01375	-8.57098	0.0365049
5.01625	-8.57675	0.0331018
5.01875	-8.59276	0.0417279
5.02125	-8.57635	0.0345997
5.02375	-8.59366	0.0400223
5.02625	-8.5963	0.0337396
5.02875	-8.59791	0.0378761
5.03125	-8.59906	0.0325321
5.03375	-8.59164	0.0385939
5.03625	-8.60721	0.0382177
5.03875	-8.60672	0.0408444
5.04125	-8.61649	0.0430611
5.04375	-8.59188	0.0376842
5.04625	-8.61791	0.0375248
5.04875	-8.62026	0.0409457
5.05125	-8.60744	0.0363981
5.05375	-8.62245	0.0436012
5.05625	-8.62525	0.0405306
5.05875	-8.64924	0.0383747
5.06125	-8.64157	0.0362899
5.06375	-8.63816	0.0408343
5.06625	-8.64686	0.0389999
5.06875	-8.65068	0.0418133
5.07125	-8.65424	0.0352853
5.07375	-8.64514	0.0418741
5.07625	-8.65906	0.0419677
5.07875	-8.65925	0.0366201
5.08125	-8.6682	0.0394898
5.08375	-8.67303	0.0396245
5.08625	-8.67481	0.0385217
5.08875	-8.67735	0.0370991
5.09125	-8.67179	0.0372027
5.09375	-8.66544	0.0433705
5.09625	-8.70361	0.0363429
5.09875	-8.69178	0.0358987
5.10125	-8.70735	0.0357533
5.10375	-8.70382	0.0388959
5.10625	-8.69608	0.0391569
5.10875	-8.69476	0.042037
5.11125	-8.70593	0.03372
5.11375	-8.73064	0.0390192
5.11625	-8.71803	0.0367433
5.11875	-8.70532	0.0426949
