0.00125	-0.00726081	2.90128e-05
0.00375	-0.0216194	3.55229e-05
0.00625	-0.0355804	2.52662e-05
0.00875	-0.0494061	3.01294e-05
0.01125	-0.0629381	2.60376e-05
0.01375	-0.07649	3.73511e-05
0.01625	-0.0897209	3.69878e-05
0.01875	-0.102806	5.34551e-05
0.02125	-0.115838	5.43736e-05
0.02375	-0.128769	4.06155e-05
0.02625	-0.141569	6.298e-05
0.02875	-0.154191	6.15639e-05
0.03125	-0.16681	5.18748e-05
0.03375	-0.179259	6.70606e-05
0.03625	-0.191669	6.5515e-05
0.03875	-0.203903	6.19285e-05
0.04125	-0.216131	8.44282e-05
0.04375	-0.228276	7.17559e-05
0.04625	-0.240393	7.74509e-05
0.04875	-0.252336	7.05425e-05
0.05125	-0.264253	6.56401e-05
0.05375	-0.276057	6.60768e-05
0.05625	-0.28778	6.63547e-05
0.05875	-0.299534	6.44777e-05
0.06125	-0.311117	7.49186e-05
0.06375	-0.322678	7.53895e-05
0.06625	-0.33414	7.47628e-05
0.06875	-0.345484	5.81747e-05
0.07125	-0.356922	6.34864e-05
0.07375	-0.36819	6.88055e-05
0.07625	-0.379388	6.88741e-05
0.07875	-0.390498	5.89762e-05
0.08125	-0.401745	7.98908e-05
0.08375	-0.412685	7.40484e-05
0.08625	-0.423642	5.64981e-05
0.08875	-0.434651	6.47469e-05
0.09125	-0.445589	6.52815e-05
0.09375	-0.45644	6.40454e-05
0.09625	-0.46713	7.44913e-05
0.09875	-0.477896	7.07638e-05
0.10125	-0.488538	7.68517e-05
0.10375	-0.499246	7.33219e-05
0.10625	-0.50974	6.7435e-05
0.10875	-0.520345	6.29031e-05
0.11125	-0.530804	6.20807e-05
0.11375	-0.541167	7.32771e-05
0.11625	-0.551615	6.11102e-05
0.11875	-0.561902	7.91138e-05
0.12125	-0.572276	7.76513e-05
0.12375	-0.582605	8.12611e-05
0.12625	-0.59262	5.64102e-05
0.12875	-0.602826	8.68609e-05
0.13125	-0.612912	8.16558e-05
0.13375	-0.623029	9.33481e-05
0.13625	-0.632963	8.09547e-05
0.13875	-0.643056	0.000105494
0.14125	-0.652828	9.67377e-05
0.14375	-0.662821	0.000101529
0.14625	-0.672637	0.000106425
0.14875	-0.682582	9.95419e-05
0.15125	-0.692298	0.000110534
0.15375	-0.702034	0.000103719
0.15625	-0.711746	0.000107441
0.15875	-0.721399	0.000110291
0.16125	-0.730978	9.28988e-05
0.16375	-0.740702	9.96607e-05
0.16625	-0.750179	0.000114787
0.16875	-0.759705	0.000110056
0.17125	-0.769182	8.73554e-05
0.17375	-0.778577	0.000143498
0.17625	-0.788044	0.000105717
0.17875	-0.797339	0.000113933
0.18125	-0.806597	0.000111513
0.18375	-0.816109	0.000112089
0.18625	-0.825211	0.000128452
0.18875	-0.834446	9.37276e-05
0.19125	-0.843808	9.99334e-05
0.19375	-0.852758	9.7956e-05
0.19625	-0.861969	0.000100032
0.19875	-0.871078	0.000109672
0.20125	-0.880164	0.000104751
0.20375	-0.889109	0.000103856
0.20625	-0.89809	0.000102646
0.20875	-0.907144	9.65002e-05
0.21125	-0.916153	0.000118987
0.21375	-0.925038	0.000127979
0.21625	-0.933803	9.01432e-05
0.21875	-0.942593	9.71155e-05
0.22125	-0.951457	0.000125817
0.22375	-0.96022	0.000108834
0.22625	-0.968988	8.90553e-05
0.22875	-0.977747	9.6895e-05
0.23125	-0.98629	0.00010956
0.23375	-0.99512	0.000112863
0.23625	-1.00366	0.000106222
0.23875	-1.01219	9.79471e-05
0.24125	-1.02089	0.000110048
0.24375	-1.02936	9.88819e-05
0.24625	-1.03797	0.000104704
0.24875	-1.04642	0.000126922
0.25125	-1.05481	0.000102351
0.25375	-1.06333	0.000111475
0.25625	-1.0717	0.000122897
0.25875	-1.08003	0.000139877
0.26125	-1.08844	0.000108197
0.26375	-1.09674	0.000129266
0.26625	-1.10516	0.000100279
0.26875	-1.11334	0.000140221
0.27125	-1.12142	0.00011496
0.27375	-1.12979	0.000119399
0.27625	-1.13808	0.000132822
0.27875	-1.14606	0.00011622
0.28125	-1.15423	9.7229e-05
0.28375	-1.16231	0.000118229
0.28625	-1.17037	0.000107545
0.28875	-1.17854	0.000138257
0.29125	-1.18649	9.60019e-05
0.29375	-1.19459	0.000119234
0.29625	-1.20252	0.000124727
0.29875	-1.21042	0.000148303
0.30125	-1.21835	0.000113718
0.30375	-1.22637	0.000133313
0.30625	-1.2342	0.000127701
0.30875	-1.24201	0.000137297
0.31125	-1.25001	0.000146527
0.31375	-1.25765	0.000116247
0.31625	-1.26545	0.000122694
0.31875	-1.27329	0.000118776
0.32125	-1.28096	0.000122798
0.32375	-1.28877	9.72717e-05
0.32625	-1.29643	0.000126825
0.32875	-1.30405	0.000108564
0.33125	-1.31179	0.000129293
0.33375	-1.31935	0.000153519
0.33625	-1.32689	0.000102416
0.33875	-1.33458	0.000114466
0.34125	-1.34219	0.000147212
0.34375	-1.3497	0.000132562
0.34625	-1.3573	0.00012034
0.34875	-1.36481	0.000138583
0.35125	-1.37213	0.000128919
0.35375	-1.37969	0.000119119
0.35625	-1.38708	0.00011739
0.35875	-1.39447	8.46276e-05
0.36125	-1.40206	0.00014236
0.36375	-1.40934	0.00011005
0.36625	-1.41676	0.000124841
0.36875	-1.42402	0.000132618
0.37125	-1.43126	0.000135266
0.37375	-1.43862	0.000157287
0.37625	-1.44587	0.000131705
0.37875	-1.45312	0.000141115
0.38125	-1.46045	9.7338e-05
0.38375	-1.46746	0.00011207
0.38625	-1.47462	0.000150658
0.38875	-1.48186	0.000133245
0.39125	-1.48901	0.000143322
0.39375	-1.49617	0.000149931
0.39625	-1.50335	0.000122573
0.39875	-1.51029	0.000128977
0.40125	-1.51738	0.000144401
0.40375	-1.5246	0.000121894
0.40625	-1.53156	0.000125789
0.40875	-1.53863	0.000139848
0.41125	-1.54562	0.000139634
0.41375	-1.55264	0.000122454
0.41625	-1.55949	0.000115986
0.41875	-1.56652	0.000120433
0.42125	-1.57338	0.000122813
0.42375	-1.58038	0.000141696
0.42625	-1.58727	0.000127712
0.42875	-1.59413	0.000139995
0.43125	-1.60081	0.000160541
0.43375	-1.60781	0.000130411
0.43625	-1.61464	0.000171488
0.43875	-1.62142	0.000148873
0.44125	-1.6283	0.000158128
0.44375	-1.635	0.000129241
0.44625	-1.64171	0.000132449
0.44875	-1.64838	0.000139636
0.45125	-1.65499	0.000156318
0.45375	-1.66163	0.000115121
0.45625	-1.66841	0.000153397
0.45875	-1.67513	0.00017392
0.46125	-1.68185	0.00014626
0.46375	-1.68845	0.000154936
0.46625	-1.6951	0.000136189
0.46875	-1.70175	0.000148907
0.47125	-1.70831	0.000164073
0.47375	-1.71481	0.000123834
0.47625	-1.72155	0.000149008
0.47875	-1.72794	0.000131475
0.48125	-1.73431	0.000138247
0.48375	-1.74099	0.000172711
0.48625	-1.74734	0.000153923
0.48875	-1.7538	0.000130492
0.49125	-1.76038	0.000141007
0.49375	-1.76694	0.00016341
0.49625	-1.77309	0.000138502
0.49875	-1.7797	0.00011575
0.50125	-1.78604	0.000131876
0.50375	-1.79226	0.000161877
0.50625	-1.79862	0.0001322
0.50875	-1.80511	0.000143482
0.51125	-1.8114	0.000167564
0.51375	-1.8177	0.000143381
0.51625	-1.82384	0.000154335
0.51875	-1.83027	0.000189563
0.52125	-1.83649	0.000156968
0.52375	-1.84269	0.000159629
0.52625	-1.84906	0.000160406
0.52875	-1.85541	0.000170489
0.53125	-1.8615	0.000135433
0.53375	-1.86768	0.000160513
0.53625	-1.87386	0.000126588
0.53875	-1.88015	0.000175617
0.54125	-1.88616	0.000155592
0.54375	-1.89234	0.000169139
0.54625	-1.89839	0.000182991
0.54875	-1.90451	0.000150631
0.55125	-1.91077	0.000133162
0.55375	-1.91698	0.000155929
0.55625	-1.92297	0.00015392
0.55875	-1.92897	0.000126271
0.56125	-1.93516	0.000141431
0.56375	-1.94105	0.00017788
0.56625	-1.94703	0.000124059
0.56875	-1.95308	0.000225475
0.57125	-1.95908	0.000141768
0.57375	-1.96514	0.000156786
0.57625	-1.97113	0.000122138
0.57875	-1.97695	0.000180709
0.58125	-1.98279	0.00019571
0.58375	-1.98888	0.000206856
0.58625	-1.99457	0.000197331
0.58875	-2.00056	0.000169355
0.59125	-2.00675	0.000177595
0.59375	-2.0125	0.000193084
0.59625	-2.01817	0.000212888
0.59875	-2.02403	0.000209138
0.60125	-2.02985	0.000209198
0.60375	-2.03565	0.000231707
0.60625	-2.0415	0.000247434
0.60875	-2.04719	0.000248203
0.61125	-2.05328	0.000257766
0.61375	-2.05897	0.000234481
0.61625	-2.06477	0.000291476
0.61875	-2.07033	0.000253839
0.62125	-2.07633	0.000235676
0.62375	-2.08199	0.000222794
0.62625	-2.08767	0.000260299
0.62875	-2.09334	0.000215982
0.63125	-2.09916	0.000262997
0.63375	-2.10476	0.000247098
0.63625	-2.11054	0.000261008
0.63875	-2.11629	0.000288224
0.64125	-2.12184	0.000269934
0.64375	-2.12737	0.000288642
0.64625	-2.13308	0.000304334
0.64875	-2.13867	0.000324071
0.65125	-2.14418	0.000300381
0.65375	-2.14986	0.00029296
0.65625	-2.15548	0.000331091
0.65875	-2.16105	0.000296994
0.66125	-2.16672	0.00032897
0.66375	-2.1722	0.000319473
0.66625	-2.17765	0.00032877
0.66875	-2.1833	0.000299528
0.67125	-2.18863	0.000303014
0.67375	-2.19429	0.000331896
0.67625	-2.19985	0.000307912
0.67875	-2.20524	0.000340184
0.68125	-2.21075	0.000324603
0.68375	-2.21618	0.000337138
0.68625	-2.22178	0.000315654
0.68875	-2.22725	0.000346262
0.69125	-2.23264	0.000326604
0.69375	-2.23805	0.000309392
0.69625	-2.2435	0.000366337
0.69875	-2.249	0.000310555
0.70125	-2.25451	0.0003203
0.70375	-2.25968	0.000368208
0.70625	-2.26521	0.000316635
0.70875	-2.27047	0.000322673
0.71125	-2.27584	0.000345123
0.71375	-2.2811	0.00034475
0.71625	-2.28659	0.000328843
0.71875	-2.29207	0.000360528
0.72125	-2.29725	0.000350854
0.72375	-2.30252	0.000328688
0.72625	-2.30805	0.000339104
0.72875	-2.31331	0.00036598
0.73125	-2.31855	0.000340037
0.73375	-2.32388	0.000378537
0.73625	-2.32876	0.000339297
0.73875	-2.3343	0.000330034
0.74125	-2.33958	0.000336828
0.74375	-2.34488	0.000362094
0.74625	-2.34996	0.000347563
0.74875	-2.35505	0.000360219
0.75125	-2.36054	0.000362161
0.75375	-2.36569	0.00033823
0.75625	-2.37072	0.000381231
0.75875	-2.37625	0.000332732
0.76125	-2.3814	0.000341199
0.76375	-2.38621	0.000337659
0.76625	-2.39163	0.000393879
0.76875	-2.39664	0.000342268
0.77125	-2.40169	0.000364817
0.77375	-2.40712	0.000311309
0.77625	-2.4121	0.000337293
0.77875	-2.41722	0.000365951
0.78125	-2.42242	0.000377141
0.78375	-2.4276	0.000351567
0.78625	-2.4324	0.000349776
0.78875	-2.43771	0.000400802
0.79125	-2.44249	0.000342365
0.79375	-2.44755	0.000387479
0.79625	-2.45277	0.00033384
0.79875	-2.45791	0.000365925
0.80125	-2.46287	0.000346999
0.80375	-2.46796	0.000366067
0.80625	-2.47299	0.000367879
0.80875	-2.47817	0.000366359
0.81125	-2.48304	0.000346563
0.81375	-2.48828	0.00037061
0.81625	-2.49325	0.000350692
0.81875	-2.49817	0.000363281
0.82125	-2.50289	0.000314632
0.82375	-2.50805	0.000359575
0.82625	-2.51313	0.000300386
0.82875	-2.51802	0.00032577
0.83125	-2.52293	0.000316337
0.83375	-2.52799	0.000320768
0.83625	-2.53302	0.000292884
0.83875	-2.53792	0.000343561
0.84125	-2.54289	0.000335224
0.84375	-2.54764	0.00035333
0.84625	-2.55262	0.00033522
0.84875	-2.55727	0.000412927
0.85125	-2.56224	0.000388215
0.85375	-2.56713	0.000389597
0.85625	-2.57183	0.00040235
0.85875	-2.57659	0.000396703
0.86125	-2.58142	0.000466314
0.86375	-2.58645	0.000429886
0.86625	-2.59114	0.000400782
0.86875	-2.5961	0.000408046
0.87125	-2.60083	0.000408337
0.87375	-2.60599	0.000449438
0.87625	-2.61055	0.000392864
0.87875	-2.61555	0.000437116
0.88125	-2.62025	0.000417896
0.88375	-2.62516	0.000360476
0.88625	-2.63004	0.000457575
0.88875	-2.63499	0.000382409
0.89125	-2.63935	0.000392089
0.89375	-2.64437	0.000363148
0.89625	-2.64905	0.000443011
0.89875	-2.65352	0.000432448
0.90125	-2.65835	0.000482637
0.90375	-2.66311	0.000443518
0.90625	-2.668	0.000459023
0.90875	-2.67262	0.000445604
0.91125	-2.6773	0.000478508
0.91375	-2.68224	0.00049588
0.91625	-2.68681	0.000500278
0.91875	-2.69133	0.000508355
0.92125	-2.69613	0.00047743
0.92375	-2.7007	0.000465354
0.92625	-2.7057	0.000526863
0.92875	-2.71039	0.000515509
0.93125	-2.71503	0.000521214
0.93375	-2.71952	0.00049218
0.93625	-2.72435	0.000519445
0.93875	-2.72875	0.000587314
0.94125	-2.7332	0.000559276
0.94375	-2.73805	0.000541915
0.94625	-2.74285	0.000463546
0.94875	-2.74733	0.000489859
0.95125	-2.75188	0.000501821
0.95375	-2.75667	0.00052021
0.95625	-2.76118	0.000488078
0.95875	-2.76606	0.000450328
0.96125	-2.77057	0.000552347
0.96375	-2.77515	0.000487719
0.96625	-2.77987	0.000461877
0.96875	-2.78436	0.000482448
0.97125	-2.78889	0.00051552
0.97375	-2.79344	0.000542237
0.97625	-2.79811	0.000556916
0.97875	-2.80264	0.000535221
0.98125	-2.8071	0.000430792
0.98375	-2.81203	0.000489081
0.98625	-2.81632	0.000500086
0.98875	-2.82103	0.000492952
0.99125	-2.82524	0.000517691
0.99375	-2.83024	0.00048369
0.99625	-2.83455	0.000461671
0.99875	-2.83909	0.000470442
1.00125	-2.84361	0.000532552
1.00375	-2.8484	0.000563458
1.00625	-2.85247	0.000498519
1.00875	-2.85706	0.000464196
1.01125	-2.86179	0.000427977
1.01375	-2.86625	0.000497464
1.01625	-2.87066	0.000481559
1.01875	-2.8751	0.000514778
1.02125	-2.87979	0.000521531
1.02375	-2.88422	0.000518427
1.02625	-2.88866	0.000546305
1.02875	-2.89315	0.000484708
1.03125	-2.8973	0.00052216
1.03375	-2.90171	0.000498222
1.03625	-2.90612	0.00049673
1.03875	-2.9108	0.00052339
1.04125	-2.91537	0.000530222
1.04375	-2.91952	0.000514455
1.04625	-2.92415	0.000541008
1.04875	-2.92847	0.000487171
1.05125	-2.93303	0.000498815
1.05375	-2.93743	0.000463373
1.05625	-2.94181	0.000471044
1.05875	-2.94608	0.000457979
1.06125	-2.95065	0.000467961
1.06375	-2.95483	0.000493359
1.06625	-2.95961	0.000514256
1.06875	-2.96362	0.000515333
1.07125	-2.96805	0.000500093
1.07375	-2.97219	0.000595372
1.07625	-2.97666	0.000559688
1.07875	-2.98104	0.000548144
1.08125	-2.98542	0.000545723
1.08375	-2.98969	0.000583506
1.08625	-2.99426	0.000549999
1.08875	-2.99865	0.000577538
1.09125	-3.00296	0.000649116
1.09375	-3.00716	0.000536185
1.09625	-3.01123	0.000581855
1.09875	-3.01588	0.000587853
1.10125	-3.02008	0.000510098
1.10375	-3.02395	0.000548815
1.10625	-3.02834	0.000611605
1.10875	-3.03276	0.000582126
1.11125	-3.03735	0.000624597
1.11375	-3.0413	0.000601385
1.11625	-3.04579	0.000540407
1.11875	-3.05052	0.000558962
1.12125	-3.05441	0.000693589
1.12375	-3.05848	0.000578495
1.12625	-3.06288	0.000608428
1.12875	-3.06741	0.000666565
1.13125	-3.07137	0.000558042
1.13375	-3.07607	0.000640749
1.13625	-3.08002	0.000679811
1.13875	-3.08435	0.000608898
1.14125	-3.08836	0.000689517
1.14375	-3.09261	0.000534264
1.14625	-3.09699	0.000588641
1.14875	-3.10091	0.000638206
1.15125	-3.10562	0.000618859
1.15375	-3.10974	0.000652575
1.15625	-3.1137	0.000643236
1.15875	-3.11815	0.000721433
1.16125	-3.12243	0.000611424
1.16375	-3.12704	0.000592872
1.16625	-3.131	0.000647954
1.16875	-3.13493	0.000627561
1.17125	-3.13911	0.000599663
1.17375	-3.14329	0.000648777
1.17625	-3.14745	0.000538755
1.17875	-3.15176	0.000581371
1.18125	-3.15616	0.000639868
1.18375	-3.16032	0.00064891
1.18625	-3.16438	0.000636061
1.18875	-3.16879	0.000587521
1.19125	-3.17315	0.000559137
1.19375	-3.1771	0.000620466
1.19625	-3.18116	0.000541684
1.19875	-3.18543	0.000624443
1.20125	-3.18954	0.000604882
1.20375	-3.19355	0.000601761
1.20625	-3.19782	0.000634262
1.20875	-3.20172	0.000686318
1.21125	-3.20599	0.000638853
1.21375	-3.21006	0.000619701
1.21625	-3.2138	0.000753711
1.21875	-3.21853	0.000743643
1.22125	-3.22273	0.000683537
1.22375	-3.22667	0.000710051
1.22625	-3.23114	0.000704448
1.22875	-3.23486	0.000695007
1.23125	-3.23921	0.000678181
1.23375	-3.24301	0.000635214
1.23625	-3.24707	0.000697122
1.23875	-3.25135	0.000663224
1.24125	-3.2553	0.000654594
1.24375	-3.2593	0.000709551
1.24625	-3.26318	0.000652124
1.24875	-3.26741	0.000754187
1.25125	-3.27136	0.000659568
1.25375	-3.27565	0.000690222
1.25625	-3.27993	0.000712072
1.25875	-3.28418	0.000727566
1.26125	-3.28777	0.000652188
1.26375	-3.29158	0.000795066
1.26625	-3.29615	0.000822798
1.26875	-3.29949	0.000751061
1.27125	-3.30408	0.000733726
1.27375	-3.30793	0.000754757
1.27625	-3.31164	0.000791526
1.27875	-3.31577	0.000747642
1.28125	-3.31927	0.000756502
1.28375	-3.32383	0.000676012
1.28625	-3.32764	0.00072738
1.28875	-3.3317	0.000731824
1.29125	-3.33565	0.000729787
1.29375	-3.34018	0.000772153
1.29625	-3.34402	0.000717061
1.29875	-3.34799	0.000697018
1.30125	-3.35217	0.000742216
1.30375	-3.35567	0.000764799
1.30625	-3.36028	0.000703963
1.30875	-3.36436	0.000688568
1.31125	-3.36784	0.00078885
1.31375	-3.37198	0.00079097
1.31625	-3.37647	0.000709603
1.31875	-3.38028	0.000769002
1.32125	-3.38401	0.000707618
1.32375	-3.38836	0.000740364
1.32625	-3.39208	0.000657658
1.32875	-3.39629	0.000630986
1.33125	-3.40008	0.000635284
1.33375	-3.4039	0.000617515
1.33625	-3.40848	0.00059667
1.33875	-3.41237	0.000698931
1.34125	-3.41593	0.000686651
1.34375	-3.41995	0.00068096
1.34625	-3.42439	0.000702662
1.34875	-3.428	0.00067256
1.35125	-3.4319	0.00062264
1.35375	-3.43631	0.000686886
1.35625	-3.44023	0.000638303
1.35875	-3.44366	0.000796647
1.36125	-3.44759	0.000917527
1.36375	-3.45177	0.000933822
1.36625	-3.45533	0.000892886
1.36875	-3.45929	0.000945095
1.37125	-3.46306	0.000922565
1.37375	-3.46698	0.00101267
1.37625	-3.47091	0.00103994
1.37875	-3.47493	0.000963937
1.38125	-3.47911	0.000861411
1.38375	-3.48286	0.000846824
1.38625	-3.48706	0.000866081
1.38875	-3.49102	0.000955509
1.39125	-3.49506	0.000829337
1.39375	-3.4989	0.000935213
1.39625	-3.50237	0.000931658
1.39875	-3.5069	0.000821134
1.40125	-3.51062	0.000884313
1.40375	-3.51449	0.000893754
1.40625	-3.51864	0.000841531
1.40875	-3.52262	0.000899852
1.41125	-3.52627	0.000902266
1.41375	-3.53006	0.000858902
1.41625	-3.5343	0.000836507
1.41875	-3.53783	0.000825201
1.42125	-3.54127	0.000851551
1.42375	-3.5452	0.000920322
1.42625	-3.54933	0.000981068
1.42875	-3.55302	0.000886193
1.43125	-3.55706	0.000868705
1.43375	-3.56084	0.000912654
1.43625	-3.56477	0.00095875
1.43875	-3.56853	0.000938068
1.44125	-3.57248	0.000891889
1.44375	-3.57636	0.000879914
1.44625	-3.58056	0.000871411
1.44875	-3.58404	0.000945148
1.45125	-3.58754	0.00100912
1.45375	-3.59124	0.00101108
1.45625	-3.59539	0.00102161
1.45875	-3.59921	0.00102311
1.46125	-3.60322	0.00101506
1.46375	-3.60709	0.000990718
1.46625	-3.61055	0.00104763
1.46875	-3.61508	0.00101311
1.47125	-3.61855	0.00104496
1.47375	-3.62245	0.00108859
1.47625	-3.6262	0.00104668
1.47875	-3.62993	0.00107896
1.48125	-3.63396	0.00105622
1.48375	-3.6382	0.00109504
1.48625	-3.64158	0.00111777
1.48875	-3.64573	0.00105482
1.49125	-3.6494	0.000958457
1.49375	-3.65371	0.000911549
1.49625	-3.65779	0.000939983
1.49875	-3.66166	0.000984954
1.50125	-3.66476	0.000962367
1.50375	-3.66839	0.0009828
1.50625	-3.67229	0.000967282
1.50875	-3.67621	0.000934274
1.51125	-3.68003	0.000950314
1.51375	-3.68392	0.00090929
1.51625	-3.68751	0.000912629
1.51875	-3.69161	0.000926805
1.52125	-3.69528	0.000958975
1.52375	-3.69912	0.000894498
1.52625	-3.70281	0.000862139
1.52875	-3.70683	0.000950928
1.53125	-3.71074	0.000956016
1.53375	-3.71451	0.000915809
1.53625	-3.71814	0.00100367
1.53875	-3.72196	0.000979471
1.54125	-3.72597	0.000903794
1.54375	-3.72963	0.000885112
1.54625	-3.73323	0.00102675
1.54875	-3.73695	0.000911372
1.55125	-3.74092	0.000974409
1.55375	-3.74491	0.00110512
1.55625	-3.74856	0.000933048
1.55875	-3.75234	0.00095544
1.56125	-3.75609	0.00101992
1.56375	-3.75988	0.00102232
1.56625	-3.7643	0.000921848
1.56875	-3.76729	0.00106409
1.57125	-3.7709	0.00100252
1.57375	-3.77475	0.000895268
1.57625	-3.77854	0.000917996
1.57875	-3.78187	0.000865884
1.58125	-3.78595	0.00095262
1.58375	-3.7898	0.00100621
1.58625	-3.79349	0.000932201
1.58875	-3.79719	0.000972301
1.59125	-3.80122	0.000967425
1.59375	-3.80468	0.000912237
1.59625	-3.80875	0.00088728
1.59875	-3.81243	0.000955397
1.60125	-3.81635	0.000988355
1.60375	-3.82046	0.00104665
1.60625	-3.82364	0.00112177
1.60875	-3.82729	0.00088616
1.61125	-3.8295	0.00192024
1.61375	-3.83278	0.00246054
1.61625	-3.83641	0.00252212
1.61875	-3.84075	0.0024412
1.62125	-3.84414	0.00241236
1.62375	-3.84787	0.00237566
1.62625	-3.85161	0.00237381
1.62875	-3.85572	0.00228268
1.63125	-3.85989	0.00233562
1.63375	-3.86312	0.00226847
1.63625	-3.8663	0.00229924
1.63875	-3.87056	0.0023067
1.64125	-3.87443	0.00220738
1.64375	-3.87787	0.00227937
1.64625	-3.88166	0.0021339
1.64875	-3.88586	0.00219421
1.65125	-3.88832	0.00220349
1.65375	-3.89248	0.00214852
1.65625	-3.8962	0.00223576
1.65875	-3.9002	0.00210251
1.66125	-3.90359	0.00217178
1.66375	-3.9076	0.00212776
1.66625	-3.91087	0.00215958
1.66875	-3.91474	0.00211521
1.67125	-3.91863	0.00212568
1.67375	-3.92251	0.00207647
1.67625	-3.92604	0.00210263
1.67875	-3.9298	0.00203365
1.68125	-3.93375	0.00203852
1.68375	-3.93764	0.00207819
1.68625	-3.94075	0.00211964
1.68875	-3.94461	0.0019653
1.69125	-3.94856	0.00201587
1.69375	-3.95225	0.00205026
1.69625	-3.95584	0.00196793
1.69875	-3.95944	0.00196123
1.70125	-3.96306	0.00204052
1.70375	-3.96653	0.00214816
1.70625	-3.9707	0.00203738
1.70875	-3.97447	0.00210451
1.71125	-3.97775	0.00201371
1.71375	-3.98146	0.00215596
1.71625	-3.98516	0.00211586
1.71875	-3.98862	0.00219104
1.72125	-3.99296	0.00218278
1.72375	-3.99672	0.00207491
1.72625	-3.99987	0.00212688
1.72875	-4.00296	0.00208388
1.73125	-4.00741	0.00208928
1.73375	-4.01086	0.0020558
1.73625	-4.01466	0.00194134
1.73875	-4.01864	0.0019912
1.74125	-4.02205	0.00197097
1.74375	-4.02578	0.00194535
1.74625	-4.02969	0.00201439
1.74875	-4.03306	0.00210337
1.75125	-4.03713	0.00208666
1.75375	-4.04076	0.00204327
1.75625	-4.04421	0.00202039
1.75875	-4.04794	0.00207354
1.76125	-4.05147	0.00185691
1.76375	-4.05562	0.00197986
1.76625	-4.05921	0.00196378
1.76875	-4.06282	0.00201343
1.77125	-4.06695	0.00201614
1.77375	-4.07041	0.00198159
1.77625	-4.0737	0.00191925
1.77875	-4.07779	0.00191765
1.78125	-4.08147	0.00194326
1.78375	-4.08453	0.00200959
1.78625	-4.08877	0.00197375
1.78875	-4.09254	0.00186901
1.79125	-4.09619	0.00196115
1.79375	-4.0999	0.001884
1.79625	-4.10423	0.00195996
1.79875	-4.10768	0.00192169
1.80125	-4.11099	0.00192457
1.80375	-4.11508	0.00190054
1.80625	-4.11842	0.0018474
1.80875	-4.12244	0.00200364
1.81125	-4.12556	0.00190435
1.81375	-4.1295	0.00184048
1.81625	-4.13356	0.00185579
1.81875	-4.13705	0.00172546
1.82125	-4.14086	0.00183439
1.82375	-4.14501	0.00182851
1.82625	-4.14808	0.00179536
1.82875	-4.15054	0.00179175
1.83125	-4.15518	0.00179121
1.83375	-4.15838	0.00189154
1.83625	-4.16225	0.00185165
1.83875	-4.16573	0.00182673
1.84125	-4.16991	0.00175663
1.84375	-4.17308	0.00177231
1.84625	-4.1772	0.00162559
1.84875	-4.18071	0.0017423
1.85125	-4.18388	0.00177069
1.85375	-4.18713	0.00176035
1.85625	-4.19123	0.00174541
1.85875	-4.19487	0.00171715
1.86125	-4.19879	0.00178908
1.86375	-4.2017	0.00181428
1.86625	-4.20596	0.00190114
1.86875	-4.20946	0.0017666
1.87125	-4.21343	0.0018301
1.87375	-4.21716	0.00182815
1.87625	-4.22051	0.00194515
1.87875	-4.22417	0.00175144
1.88125	-4.22703	0.00170329
1.88375	-4.23148	0.00182397
1.88625	-4.2347	0.00184203
1.88875	-4.23811	0.00178737
1.89125	-4.24187	0.00169848
1.89375	-4.245	0.00187681
1.89625	-4.24936	0.00180416
1.89875	-4.25305	0.00183119
1.90125	-4.25699	0.00174112
1.90375	-4.2603	0.00180419
1.90625	-4.26414	0.00170912
1.90875	-4.26737	0.00165085
1.91125	-4.27066	0.00184036
1.91375	-4.2747	0.00161836
1.91625	-4.27842	0.00170821
1.91875	-4.28174	0.00162989
1.92125	-4.28555	0.00173877
1.92375	-4.2891	0.00162617
1.92625	-4.2927	0.00158541
1.92875	-4.29679	0.00163246
1.93125	-4.29998	0.00149708
1.93375	-4.30393	0.00163104
1.93625	-4.30758	0.00166739
1.93875	-4.31107	0.00162725
1.94125	-4.315	0.00161833
1.94375	-4.31866	0.00163453
1.94625	-4.32122	0.00171391
1.94875	-4.3249	0.00169925
1.95125	-4.32856	0.00177363
1.95375	-4.33236	0.00180159
1.95625	-4.33615	0.00190839
1.95875	-4.33987	0.00180239
1.96125	-4.34369	0.00176757
1.96375	-4.347	0.00192664
1.96625	-4.35074	0.00170268
1.96875	-4.35499	0.00184468
1.97125	-4.3581	0.00182925
1.97375	-4.3619	0.0018772
1.97625	-4.36522	0.00178127
1.97875	-4.36839	0.00194688
1.98125	-4.37233	0.00194836
1.98375	-4.37594	0.00183925
1.98625	-4.37971	0.0019111
1.98875	-4.38265	0.00190344
1.99125	-4.38682	0.00182849
1.99375	-4.39025	0.00177932
1.99625	-4.39347	0.00194293
1.99875	-4.39696	0.00187398
2.00125	-4.4004	0.00172374
2.00375	-4.40411	0.0019164
2.00625	-4.40779	0.00191188
2.00875	-4.41102	0.00191844
2.01125	-4.41438	0.00180226
2.01375	-4.41862	0.00186649
2.01625	-4.42229	0.00188316
2.01875	-4.42534	0.00196288
2.02125	-4.42948	0.0019472
2.02375	-4.43265	0.00187902
2.02625	-4.43623	0.00202899
2.02875	-4.44044	0.00201915
2.03125	-4.44383	0.00215044
2.03375	-4.44718	0.00218783
2.03625	-4.4504	0.00220444
2.03875	-4.45449	0.00213899
2.04125	-4.4579	0.00205273
2.04375	-4.46133	0.00197666
2.04625	-4.46548	0.00207781
2.04875	-4.4687	0.0019721
2.05125	-4.47255	0.00215935
2.05375	-4.47604	0.00206026
2.05625	-4.47932	0.00207001
2.05875	-4.4834	0.00196995
2.06125	-4.4876	0.00209852
2.06375	-4.49006	0.00203088
2.06625	-4.4936	0.00198115
2.06875	-4.49779	0.00194856
2.07125	-4.5006	0.00196823
2.07375	-4.50349	0.00201849
2.07625	-4.50768	0.00194203
2.07875	-4.51111	0.00184132
2.08125	-4.51452	0.00182983
2.08375	-4.51791	0.0018475
2.08625	-4.5212	0.00190421
2.08875	-4.52482	0.00203075
2.09125	-4.52883	0.00192078
2.09375	-4.53184	0.00189335
2.09625	-4.53531	0.001885
2.09875	-4.53975	0.00195062
2.10125	-4.54272	0.00210661
2.10375	-4.54702	0.00202044
2.10625	-4.54992	0.00189219
2.10875	-4.55318	0.00203376
2.11125	-4.55754	0.00201552
2.11375	-4.56067	0.00183783
2.11625	-4.56476	0.00184773
2.11875	-4.56866	0.0018561
2.12125	-4.57105	0.00167116
2.12375	-4.57494	0.00185579
2.12625	-4.57707	0.00179282
2.12875	-4.58049	0.00202643
2.13125	-4.5843	0.00200971
2.13375	-4.58733	0.00205189
2.13625	-4.59065	0.00201342
2.13875	-4.59445	0.00215059
2.14125	-4.59834	0.00201619
2.14375	-4.60136	0.00194755
2.14625	-4.60581	0.00198775
2.14875	-4.60957	0.00197174
2.15125	-4.61351	0.00204067
2.15375	-4.61606	0.00199036
2.15625	-4.61965	0.00196636
2.15875	-4.62349	0.00194825
2.16125	-4.62745	0.00208061
2.16375	-4.63083	0.00201032
2.16625	-4.63391	0.00212292
2.16875	-4.63785	0.00220041
2.17125	-4.6411	0.00208469
2.17375	-4.64486	0.00214633
2.17625	-4.64725	0.00261189
2.17875	-4.64982	0.00257157
2.18125	-4.65426	0.00253652
2.18375	-4.65701	0.00253224
2.18625	-4.66142	0.00258856
2.18875	-4.66443	0.00257645
2.19125	-4.66755	0.00261508
2.19375	-4.67168	0.00244082
2.19625	-4.67532	0.00230942
2.19875	-4.67907	0.00235803
2.20125	-4.68297	0.00246509
2.20375	-4.68595	0.00245634
2.20625	-4.68947	0.00248691
2.20875	-4.69287	0.00251507
2.21125	-4.69703	0.00245647
2.21375	-4.70012	0.00257786
2.21625	-4.70422	0.00256868
2.21875	-4.70625	0.00260826
2.22125	-4.71009	0.00251941
2.22375	-4.71349	0.002637
2.22625	-4.71707	0.00242983
2.22875	-4.71972	0.00265318
2.23125	-4.72398	0.0025271
2.23375	-4.72745	0.00249794
2.23625	-4.73048	0.00263834
2.23875	-4.73416	0.00251456
2.24125	-4.73821	0.00252084
2.24375	-4.74001	0.00311749
2.24625	-4.74314	0.00312578
2.24875	-4.74701	0.00307679
2.25125	-4.75051	0.00295887
2.25375	-4.75309	0.00319353
2.25625	-4.75728	0.00315693
2.25875	-4.76077	0.00314495
2.26125	-4.76521	0.00299046
2.26375	-4.7684	0.00293267
2.26625	-4.77113	0.00298155
2.26875	-4.77482	0.00296758
2.27125	-4.77825	0.00296839
2.27375	-4.78228	0.00310867
2.27625	-4.78535	0.0029107
2.27875	-4.78962	0.00308987
2.28125	-4.79247	0.00332995
2.28375	-4.79573	0.00327661
2.28625	-4.79968	0.00325067
2.28875	-4.80284	0.00322409
2.29125	-4.80661	0.00337985
2.29375	-4.81027	0.00338252
2.29625	-4.81457	0.00330392
2.29875	-4.81731	0.0030882
2.30125	-4.82057	0.00318919
2.30375	-4.82371	0.00320727
2.30625	-4.82709	0.0028783
2.30875	-4.83054	0.00315343
2.31125	-4.83332	0.00313707
2.31375	-4.83666	0.0032424
2.31625	-4.84149	0.00311113
2.31875	-4.84405	0.00311042
2.32125	-4.84764	0.00321652
2.32375	-4.85089	0.00310817
2.32625	-4.85479	0.00320223
2.32875	-4.85805	0.00309503
2.33125	-4.86187	0.00325564
2.33375	-4.86485	0.00317622
2.33625	-4.86838	0.00306481
2.33875	-4.87209	0.00327901
2.34125	-4.87502	0.00308742
2.34375	-4.87953	0.00325583
2.34625	-4.8819	0.00328094
2.34875	-4.8856	0.00310457
2.35125	-4.88914	0.00318924
2.35375	-4.89312	0.00309573
2.35625	-4.89605	0.00308739
2.35875	-4.89986	0.00330648
2.36125	-4.90415	0.00328767
2.36375	-4.9073	0.00330498
2.36625	-4.91056	0.00329836
2.36875	-4.91455	0.00324451
2.37125	-4.91863	0.00307277
2.37375	-4.9215	0.00317083
2.37625	-4.92492	0.0032759
2.37875	-4.92862	0.00339413
2.38125	-4.93139	0.00328115
2.38375	-4.93452	0.00315851
2.38625	-4.9383	0.00342269
2.38875	-4.94241	0.00326915
2.39125	-4.94554	0.00329246
2.39375	-4.94946	0.00325561
2.39625	-4.95256	0.0032387
2.39875	-4.95575	0.0032165
2.40125	-4.95973	0.00323791
2.40375	-4.96427	0.00332057
2.40625	-4.96705	0.00328996
2.40875	-4.97017	0.00324422
2.41125	-4.97435	0.00332242
2.41375	-4.9768	0.00311186
2.41625	-4.98048	0.00310813
2.41875	-4.98369	0.00301761
2.42125	-4.98706	0.00313339
2.42375	-4.99003	0.00331273
2.42625	-4.99282	0.0033779
2.42875	-4.99709	0.00318385
2.43125	-5.0006	0.00299539
2.43375	-5.00443	0.00298292
2.43625	-5.00801	0.00320278
2.43875	-5.01138	0.00318612
2.44125	-5.0144	0.00320583
2.44375	-5.01802	0.00313213
2.44625	-5.02152	0.00328754
2.44875	-5.02472	0.00319345
2.45125	-5.02823	0.00329997
2.45375	-5.0308	0.00332091
2.45625	-5.03462	0.00322402
2.45875	-5.03825	0.00298516
2.46125	-5.04157	0.00337417
2.46375	-5.04557	0.00351139
2.46625	-5.04853	0.00330215
2.46875	-5.05203	0.00335657
2.47125	-5.05585	0.00339258
2.47375	-5.05872	0.0032721
2.47625	-5.06283	0.00328899
2.47875	-5.06514	0.00308166
2.48125	-5.0686	0.00321914
2.48375	-5.07264	0.00323188
2.48625	-5.07618	0.0031332
2.48875	-5.08011	0.00329511
2.49125	-5.08316	0.00324171
2.49375	-5.08706	0.00324085
2.49625	-5.09006	0.00324822
2.49875	-5.09402	0.00323789
2.50125	-5.09637	0.00312719
2.50375	-5.0998	0.00323004
2.50625	-5.10291	0.00328875
2.50875	-5.10659	0.00310907
2.51125	-5.11036	0.00327057
2.51375	-5.11467	0.00328262
2.51625	-5.11651	0.00308726
2.51875	-5.1193	0.0032173
2.52125	-5.12407	0.00325545
2.52375	-5.127	0.00306887
2.52625	-5.13097	0.0031627
2.52875	-5.13401	0.003355
2.53125	-5.13801	0.00325835
2.53375	-5.13987	0.00340314
2.53625	-5.14469	0.003288
2.53875	-5.14719	0.00340479
2.54125	-5.15126	0.00338924
2.54375	-5.15539	0.0032751
2.54625	-5.15777	0.00345037
2.54875	-5.16141	0.00323114
2.55125	-5.16491	0.00337503
2.55375	-5.16925	0.00328136
2.55625	-5.17313	0.0033799
2.55875	-5.17613	0.00323947
2.56125	-5.17929	0.00324447
2.56375	-5.18249	0.00334224
2.56625	-5.18711	0.00323592
2.56875	-5.19038	0.00321184
2.57125	-5.19316	0.00354919
2.57375	-5.19698	0.00328108
2.57625	-5.20102	0.00327018
2.57875	-5.20406	0.00322874
2.58125	-5.20812	0.00322916
2.58375	-5.21169	0.00335659
2.58625	-5.21427	0.00314062
2.58875	-5.21824	0.00338774
2.59125	-5.22115	0.00353161
2.59375	-5.22455	0.00348133
2.59625	-5.22861	0.00338857
2.59875	-5.23253	0.00327203
2.60125	-5.23538	0.00322168
2.60375	-5.23852	0.0035284
2.60625	-5.24268	0.00343063
2.60875	-5.24526	0.00373863
2.61125	-5.24697	0.00450834
2.61375	-5.25129	0.00458362
2.61625	-5.25498	0.00458559
2.61875	-5.25828	0.00441432
2.62125	-5.26114	0.00450863
2.62375	-5.26606	0.00419463
2.62625	-5.26895	0.00429841
2.62875	-5.27187	0.00444303
2.63125	-5.27594	0.00442124
2.63375	-5.27916	0.00432054
2.63625	-5.28358	0.00444318
2.63875	-5.28573	0.00425355
2.64125	-5.28937	0.00414785
2.64375	-5.29263	0.00412646
2.64625	-5.29585	0.00424031
2.64875	-5.29918	0.00417069
2.65125	-5.30218	0.00409924
2.65375	-5.30667	0.0041465
2.65625	-5.30998	0.00393947
2.65875	-5.31345	0.00412272
2.66125	-5.31728	0.00415026
2.66375	-5.32012	0.00414054
2.66625	-5.32474	0.00409745
2.66875	-5.32868	0.0041818
2.67125	-5.33097	0.00415017
2.67375	-5.33484	0.0040547
2.67625	-5.33834	0.00431137
2.67875	-5.34126	0.00395737
2.68125	-5.34495	0.00408546
2.68375	-5.34914	0.00390313
2.68625	-5.35236	0.0040507
2.68875	-5.35527	0.00413241
2.69125	-5.35817	0.00400859
2.69375	-5.36262	0.00404775
2.69625	-5.36658	0.00428207
2.69875	-5.37154	0.0042524
2.70125	-5.37425	0.00417665
2.70375	-5.37703	0.00407529
2.70625	-5.37959	0.0040985
2.70875	-5.38384	0.00399391
2.71125	-5.38776	0.0041473
2.71375	-5.39116	0.00438207
2.71625	-5.395	0.00427075
2.71875	-5.39767	0.00413557
2.72125	-5.40163	0.00424139
2.72375	-5.40419	0.00442089
2.72625	-5.40753	0.00434346
2.72875	-5.41184	0.00420323
2.73125	-5.41574	0.00422236
2.73375	-5.41812	0.00420952
2.73625	-5.4227	0.00421048
2.73875	-5.42593	0.00426543
2.74125	-5.43003	0.00420867
2.74375	-5.43369	0.0042219
2.74625	-5.43588	0.0040623
2.74875	-5.43951	0.00414857
2.75125	-5.44403	0.00401819
2.75375	-5.44579	0.00408082
2.75625	-5.45057	0.00427742
2.75875	-5.45355	0.00423987
2.76125	-5.45682	0.00435847
2.76375	-5.4604	0.00460223
2.76625	-5.46372	0.00450848
2.76875	-5.46709	0.00412893
2.77125	-5.47003	0.00463074
2.77375	-5.47312	0.00442333
2.77625	-5.47631	0.00452979
2.77875	-5.47993	0.00446286
2.78125	-5.48359	0.00474612
2.78375	-5.48773	0.00430914
2.78625	-5.49092	0.0045976
2.78875	-5.49485	0.0046181
2.79125	-5.49865	0.00450834
2.79375	-5.50202	0.00445831
2.79625	-5.50411	0.00452568
2.79875	-5.50806	0.00471679
2.80125	-5.51203	0.00464197
2.80375	-5.51563	0.00461361
2.80625	-5.51908	0.00456379
2.80875	-5.52278	0.00446441
2.81125	-5.5256	0.00456486
2.81375	-5.52888	0.00446935
2.81625	-5.53252	0.00464461
2.81875	-5.53495	0.00468439
2.82125	-5.53801	0.00460901
2.82375	-5.54179	0.00483805
2.82625	-5.54485	0.00474102
2.82875	-5.54882	0.00487624
2.83125	-5.55175	0.00481819
2.83375	-5.55578	0.00513679
2.83625	-5.55861	0.00496176
2.83875	-5.56245	0.00499043
2.84125	-5.56542	0.00497579
2.84375	-5.56978	0.00481799
2.84625	-5.5729	0.00493507
2.84875	-5.5768	0.00467412
2.85125	-5.58001	0.0051084
2.85375	-5.58496	0.00493073
2.85625	-5.58711	0.00481577
2.85875	-5.58977	0.00487982
2.86125	-5.5929	0.00468986
2.86375	-5.59667	0.00468089
2.86625	-5.59744	0.00572498
2.86875	-5.60166	0.00580351
2.87125	-5.6049	0.00580803
2.87375	-5.60677	0.00581468
2.87625	-5.61237	0.00564543
2.87875	-5.61452	0.00583331
2.88125	-5.61939	0.00555336
2.88375	-5.62226	0.00585139
2.88625	-5.62612	0.00541405
2.88875	-5.62882	0.00563434
2.89125	-5.6325	0.00577634
2.89375	-5.63695	0.00548451
2.89625	-5.63967	0.00527963
2.89875	-5.64294	0.00578725
2.90125	-5.64466	0.00566185
2.90375	-5.64805	0.00568704
2.90625	-5.65253	0.00568621
2.90875	-5.65481	0.00553686
2.91125	-5.6597	0.00551304
2.91375	-5.66296	0.00562791
2.91625	-5.66685	0.00564647
2.91875	-5.67014	0.00558753
2.92125	-5.67313	0.00567956
2.92375	-5.6747	0.00559484
2.92625	-5.67942	0.005627
2.92875	-5.68297	0.00561531
2.93125	-5.68621	0.0056575
2.93375	-5.68972	0.00566259
2.93625	-5.69376	0.00592163
2.93875	-5.69616	0.00592075
2.94125	-5.70023	0.0054298
2.94375	-5.70164	0.00604728
2.94625	-5.70485	0.00562117
2.94875	-5.70765	0.00541835
2.95125	-5.71281	0.00545881
2.95375	-5.71584	0.00513643
2.95625	-5.71894	0.0055606
2.95875	-5.72163	0.00540433
2.96125	-5.72736	0.00544495
2.96375	-5.73207	0.00526698
2.96625	-5.73384	0.00517538
2.96875	-5.73805	0.00509499
2.97125	-5.74069	0.00522649
2.97375	-5.74541	0.00523489
2.97625	-5.74895	0.00499819
2.97875	-5.75212	0.00514168
2.98125	-5.75543	0.00531275
2.98375	-5.75875	0.00521451
2.98625	-5.76188	0.0052681
2.98875	-5.7654	0.00511069
2.99125	-5.76797	0.00541087
2.99375	-5.77075	0.00504401
2.99625	-5.77606	0.00538263
2.99875	-5.77876	0.00535957
3.00125	-5.7819	0.00518839
3.00375	-5.78627	0.00544744
3.00625	-5.79003	0.00516401
3.00875	-5.79348	0.00525992
3.01125	-5.7958	0.0052728
3.01375	-5.79979	0.00523727
3.01625	-5.80388	0.00534122
3.01875	-5.80684	0.00530105
3.02125	-5.80978	0.00514429
3.02375	-5.8136	0.00539609
3.02625	-5.81837	0.00545713
3.02875	-5.82158	0.00557328
3.03125	-5.82587	0.00531112
3.03375	-5.82848	0.00555073
3.03625	-5.83211	0.00537485
3.03875	-5.83707	0.00560699
3.04125	-5.84044	0.00561276
3.04375	-5.84014	0.005688
3.04625	-5.84454	0.00527523
3.04875	-5.84789	0.00513182
3.05125	-5.85098	0.00567142
3.05375	-5.8566	0.00555252
3.05625	-5.85852	0.0057315
3.05875	-5.86196	0.00627115
3.06125	-5.86495	0.00631636
3.06375	-5.86713	0.00644947
3.06625	-5.87054	0.00642236
3.06875	-5.87466	0.00631769
3.07125	-5.87766	0.00609967
3.07375	-5.88049	0.00637105
3.07625	-5.8832	0.00614909
3.07875	-5.88622	0.00623465
3.08125	-5.8891	0.0063735
3.08375	-5.89199	0.0063972
3.08625	-5.89503	0.00646397
3.08875	-5.89805	0.00656895
3.09125	-5.90261	0.00630159
3.09375	-5.9058	0.0062313
3.09625	-5.90661	0.00785773
3.09875	-5.90248	0.0129318
3.10125	-5.90735	0.0127653
3.10375	-5.91097	0.0124851
3.10625	-5.91463	0.0124958
3.10875	-5.91792	0.0124358
3.11125	-5.92296	0.0124471
3.11375	-5.92613	0.0123528
3.11625	-5.92898	0.0123252
3.11875	-5.93339	0.0122501
3.12125	-5.93582	0.0123162
3.12375	-5.94071	0.0123487
3.12625	-5.94278	0.0121354
3.12875	-5.94651	0.012472
3.13125	-5.94567	0.0119343
3.13375	-5.95153	0.0117683
3.13625	-5.95279	0.0119039
3.13875	-5.95813	0.0115956
3.14125	-5.96076	0.0116521
3.14375	-5.96282	0.0116065
3.14625	-5.9664	0.0117271
3.14875	-5.97081	0.0114091
3.15125	-5.9744	0.0115173
3.15375	-5.97938	0.0112654
3.15625	-5.98285	0.0112477
3.15875	-5.98765	0.0115685
3.16125	-5.98993	0.0111231
3.16375	-5.99392	0.0112952
3.16625	-5.99694	0.0110651
3.16875	-6.00067	0.011184
3.17125	-6.00316	0.0111063
3.17375	-6.00714	0.0114284
3.17625	-6.01067	0.0110268
3.17875	-6.01436	0.011026
3.18125	-6.01905	0.0111039
3.18375	-6.02134	0.011064
3.18625	-6.02582	0.0109488
3.18875	-6.0301	0.010927
3.19125	-6.03389	0.0109594
3.19375	-6.02927	0.0145116
3.19625	-6.02987	0.0165329
3.19875	-6.03362	0.0164811
3.20125	-6.03688	0.0164119
3.20375	-6.04088	0.0161446
3.20625	-6.04565	0.0160951
3.20875	-6.04827	0.0161694
3.21125	-6.05361	0.0163851
3.21375	-6.05524	0.0161665
3.21625	-6.0599	0.0162115
3.21875	-6.06231	0.0159464
3.22125	-6.06703	0.0157861
3.22375	-6.06941	0.0158519
3.22625	-6.07181	0.0159674
3.22875	-6.07628	0.0159211
3.23125	-6.07971	0.0158531
3.23375	-6.08213	0.0156363
3.23625	-6.08563	0.0154469
3.23875	-6.0908	0.0153124
3.24125	-6.09288	0.0156713
3.24375	-6.09772	0.015483
3.24625	-6.10122	0.0153316
3.24875	-6.10599	0.0152436
3.25125	-6.108	0.0154746
3.25375	-6.11207	0.015183
3.25625	-6.11351	0.0155918
3.25875	-6.11838	0.0152942
3.26125	-6.12079	0.0151053
3.26375	-6.12697	0.0150613
3.26625	-6.12969	0.0151139
3.26875	-6.13405	0.0152816
3.27125	-6.13712	0.0146552
3.27375	-6.13955	0.0153002
3.27625	-6.14361	0.0150248
3.27875	-6.14617	0.0151514
3.28125	-6.15113	0.0150769
3.28375	-6.15377	0.0150279
3.28625	-6.1588	0.0147788
3.28875	-6.16222	0.0148356
3.29125	-6.16557	0.0145371
3.29375	-6.16874	0.015039
3.29625	-6.17167	0.0146981
3.29875	-6.17888	0.0151033
3.30125	-6.17974	0.0147058
3.30375	-6.18367	0.0147641
3.30625	-6.18566	0.0147484
3.30875	-6.19005	0.0148312
3.31125	-6.19138	0.014419
3.31375	-6.1985	0.0147344
3.31625	-6.20236	0.014629
3.31875	-6.20349	0.0142018
3.32125	-6.20924	0.0144672
3.32375	-6.21085	0.0142394
3.32625	-6.21531	0.0140822
3.32875	-6.21987	0.0141129
3.33125	-6.22132	0.0140652
3.33375	-6.22691	0.0138317
3.33625	-6.23054	0.0140484
3.33875	-6.23421	0.0137953
3.34125	-6.23737	0.0134975
3.34375	-6.24134	0.0139815
3.34625	-6.24259	0.0133798
3.34875	-6.24942	0.0139662
3.35125	-6.25332	0.0137515
3.35375	-6.25702	0.013468
3.35625	-6.25856	0.0135688
3.35875	-6.2605	0.0134101
3.36125	-6.26594	0.0132733
3.36375	-6.26892	0.0131041
3.36625	-6.26734	0.0139095
3.36875	-6.27194	0.0143877
3.37125	-6.27531	0.0138533
3.37375	-6.27982	0.0144905
3.37625	-6.28316	0.014521
3.37875	-6.28505	0.0144393
3.38125	-6.28678	0.0146155
3.38375	-6.28617	0.0155515
3.38625	-6.28832	0.0151263
3.38875	-6.29151	0.0150579
3.39125	-6.29597	0.0152271
3.39375	-6.29953	0.0150152
3.39625	-6.30251	0.0151832
3.39875	-6.30803	0.0151011
3.40125	-6.31085	0.015078
3.40375	-6.31424	0.014919
3.40625	-6.32075	0.0149566
3.40875	-6.32332	0.0148839
3.41125	-6.32652	0.0147477
3.41375	-6.33099	0.0148308
3.41625	-6.33495	0.0146793
3.41875	-6.33472	0.0150065
3.42125	-6.33784	0.0145451
3.42375	-6.34179	0.0150108
3.42625	-6.34415	0.015031
3.42875	-6.3498	0.0146973
3.43125	-6.35387	0.0149027
3.43375	-6.35711	0.0149336
3.43625	-6.36094	0.0150921
3.43875	-6.36601	0.014649
3.44125	-6.36907	0.0147002
3.44375	-6.37118	0.0143639
3.44625	-6.37597	0.0145792
3.44875	-6.37944	0.0143688
3.45125	-6.38377	0.0145784
3.45375	-6.38608	0.0139605
3.45625	-6.3909	0.0145155
3.45875	-6.39618	0.0142491
3.46125	-6.39933	0.0141395
3.46375	-6.40408	0.0143097
3.46625	-6.40763	0.0141196
3.46875	-6.41056	0.014237
3.47125	-6.41496	0.0139151
3.47375	-6.41975	0.0141591
3.47625	-6.4245	0.0142194
3.47875	-6.42669	0.0140793
3.48125	-6.42958	0.0142465
3.48375	-6.43485	0.0136495
3.48625	-6.438	0.0136479
3.48875	-6.44171	0.0136772
3.49125	-6.44522	0.013824
3.49375	-6.44846	0.0138966
3.49625	-6.45405	0.0141199
3.49875	-6.45855	0.0134453
3.50125	-6.46175	0.0137025
3.50375	-6.46463	0.0135867
3.50625	-6.46951	0.013534
3.50875	-6.47069	0.0136225
3.51125	-6.47608	0.0132719
3.51375	-6.47998	0.0133997
3.51625	-6.48454	0.0132449
3.51875	-6.48634	0.0133812
3.52125	-6.49116	0.0131852
3.52375	-6.4929	0.0132621
3.52625	-6.49782	0.0134336
3.52875	-6.50097	0.0137683
3.53125	-6.50482	0.0139919
3.53375	-6.50799	0.0138728
3.53625	-6.51124	0.0143052
3.53875	-6.51443	0.0146467
3.54125	-6.51702	0.0140921
3.54375	-6.52102	0.0143153
3.54625	-6.5247	0.0142816
3.54875	-6.52833	0.013977
3.55125	-6.53214	0.0141798
3.55375	-6.53605	0.014077
3.55625	-6.54064	0.0141682
3.55875	-6.54575	0.0140609
3.56125	-6.54836	0.0138377
3.56375	-6.54887	0.0143853
3.56625	-6.55347	0.0147945
3.56875	-6.55469	0.0148567
3.57125	-6.55961	0.0148684
3.57375	-6.56419	0.0144669
3.57625	-6.56633	0.0144395
3.57875	-6.57033	0.014627
3.58125	-6.57206	0.0145063
3.58375	-6.577	0.0145081
3.58625	-6.57906	0.0142583
3.58875	-6.58434	0.0145885
3.59125	-6.587	0.0150165
3.59375	-6.59222	0.0145164
3.59625	-6.59368	0.0145129
3.59875	-6.59757	0.0143997
3.60125	-6.60245	0.014389
3.60375	-6.60405	0.0146669
3.60625	-6.60869	0.0143668
3.60875	-6.61223	0.0149153
3.61125	-6.61646	0.0149508
3.61375	-6.62047	0.0145235
3.61625	-6.62538	0.0152173
3.61875	-6.62692	0.0151597
3.62125	-6.62976	0.015266
3.62375	-6.63402	0.0151023
3.62625	-6.63806	0.0152619
3.62875	-6.64139	0.0150213
3.63125	-6.6453	0.014797
3.63375	-6.64954	0.015338
3.63625	-6.65316	0.0151167
3.63875	-6.65646	0.014641
3.64125	-6.65892	0.0148784
3.64375	-6.66321	0.0150028
3.64625	-6.66961	0.0145551
3.64875	-6.67098	0.0149142
3.65125	-6.67565	0.0146371
3.65375	-6.67934	0.0150372
3.65625	-6.68199	0.0149584
3.65875	-6.6879	0.0148219
3.66125	-6.68805	0.0142799
3.66375	-6.6939	0.014384
3.66625	-6.69632	0.0143838
3.66875	-6.70023	0.0147397
3.67125	-6.70326	0.0149116
3.67375	-6.70709	0.0151817
3.67625	-6.71016	0.0151232
3.67875	-6.71468	0.0152111
3.68125	-6.71803	0.0151508
3.68375	-6.7201	0.0145359
3.68625	-6.71874	0.0150611
3.68875	-6.72415	0.0146211
3.69125	-6.72727	0.0146452
3.69375	-6.72993	0.0142814
3.69625	-6.73372	0.0151168
3.69875	-6.73846	0.0145697
3.70125	-6.74109	0.0150061
3.70375	-6.74381	0.0148131
3.70625	-6.74973	0.0146161
3.70875	-6.75264	0.0143945
3.71125	-6.75591	0.0145464
3.71375	-6.75842	0.0145587
3.71625	-6.762	0.0140942
3.71875	-6.76468	0.0144358
3.72125	-6.76845	0.0144542
3.72375	-6.77523	0.0143756
3.72625	-6.77727	0.0138535
3.72875	-6.77917	0.0141519
3.73125	-6.78331	0.0139275
3.73375	-6.78922	0.0141352
3.73625	-6.79195	0.0146461
3.73875	-6.79477	0.0148364
3.74125	-6.8007	0.014564
3.74375	-6.80359	0.0143692
3.74625	-6.80638	0.0148287
3.74875	-6.80574	0.0149508
3.75125	-6.80923	0.0146488
3.75375	-6.81468	0.0146277
3.75625	-6.82067	0.0146743
3.75875	-6.8204	0.0141084
3.76125	-6.82533	0.0145234
3.76375	-6.82935	0.0146409
3.76625	-6.83501	0.0144704
3.76875	-6.83603	0.0144287
3.77125	-6.8426	0.0139112
3.77375	-6.84471	0.015072
3.77625	-6.84758	0.0150256
3.77875	-6.85232	0.0150612
3.78125	-6.8524	0.0152593
3.78375	-6.8609	0.0150396
3.78625	-6.86173	0.015119
3.78875	-6.86805	0.0158917
3.79125	-6.8701	0.015411
3.79375	-6.8755	0.0160599
3.79625	-6.87878	0.0159674
3.79875	-6.88169	0.0155457
3.80125	-6.88499	0.015904
3.80375	-6.88407	0.0167673
3.80625	-6.88442	0.0181462
3.80875	-6.88841	0.0179011
3.81125	-6.89346	0.0179499
3.81375	-6.89589	0.0180103
3.81625	-6.89921	0.0179882
3.81875	-6.90599	0.0177721
3.82125	-6.90994	0.0176164
3.82375	-6.91418	0.01786
3.82625	-6.91372	0.0173203
3.82875	-6.9113	0.0180415
3.83125	-6.91439	0.0179257
3.83375	-6.91717	0.0178929
3.83625	-6.92264	0.0177573
3.83875	-6.92678	0.0182443
3.84125	-6.9301	0.0180304
3.84375	-6.93546	0.0182086
3.84625	-6.93892	0.0182133
3.84875	-6.94093	0.0181155
3.85125	-6.94744	0.0188333
3.85375	-6.95026	0.0183418
3.85625	-6.95284	0.0179448
3.85875	-6.95718	0.0183748
3.86125	-6.96077	0.0182107
3.86375	-6.96569	0.0184894
3.86625	-6.97054	0.0181317
3.86875	-6.97476	0.0186841
3.87125	-6.9746	0.0183235
3.87375	-6.9804	0.018598
3.87625	-6.98282	0.018558
3.87875	-6.98512	0.0186359
3.88125	-6.98981	0.0184911
3.88375	-6.99433	0.0187868
3.88625	-6.99726	0.0186695
3.88875	-6.99964	0.0186356
3.89125	-7.00074	0.017977
3.89375	-7.00609	0.018131
3.89625	-7.01175	0.0179524
3.89875	-7.01602	0.0174335
3.90125	-7.01621	0.0183401
3.90375	-7.02165	0.0182581
3.90625	-7.0257	0.0177346
3.90875	-7.03094	0.0184012
3.91125	-7.03504	0.0182706
3.91375	-7.03873	0.0178499
3.91625	-7.04179	0.0177713
3.91875	-7.04204	0.0181053
3.92125	-7.04666	0.0180473
3.92375	-7.05225	0.0179235
3.92625	-7.05533	0.018034
3.92875	-7.06177	0.0175169
3.93125	-7.05915	0.0174885
3.93375	-7.06815	0.0176603
3.93625	-7.06875	0.0177468
3.93875	-7.07267	0.0171691
3.94125	-7.07658	0.0174585
3.94375	-7.08092	0.0172518
3.94625	-7.08448	0.0173316
3.94875	-7.08746	0.0171151
3.95125	-7.09103	0.0173431
3.95375	-7.09527	0.0174143
3.95625	-7.09713	0.0171108
3.95875	-7.10275	0.0173838
3.96125	-7.10376	0.0168489
3.96375	-7.10816	0.0171195
3.96625	-7.11178	0.0169002
3.96875	-7.11594	0.0170474
3.97125	-7.12161	0.0171043
3.97375	-7.12392	0.0165043
3.97625	-7.12562	0.0164331
3.97875	-7.12932	0.0163314
3.98125	-7.13179	0.0169331
3.98375	-7.13651	0.0173404
3.98625	-7.1397	0.0170049
3.98875	-7.14216	0.0165463
3.99125	-7.14838	0.016712
3.99375	-7.14788	0.0171772
3.99625	-7.15123	0.0168591
3.99875	-7.15531	0.0169142
4.00125	-7.157	0.016538
4.00375	-7.16314	0.0164392
4.00625	-7.1666	0.0172141
4.00875	-7.16868	0.0173152
4.01125	-7.15101	0.0360389
4.01375	-7.15077	0.0356317
4.01625	-7.15253	0.0356892
4.01875	-7.15337	0.0355042
4.02125	-7.1584	0.0357157
4.02375	-7.16284	0.0354226
4.02625	-7.16507	0.0355679
4.02875	-7.17034	0.0355953
4.03125	-7.17088	0.0356187
4.03375	-7.17557	0.0351099
4.03625	-7.18069	0.0356281
4.03875	-7.1838	0.0350391
4.04125	-7.18787	0.0354373
4.04375	-7.19005	0.0346771
4.04625	-7.19567	0.0353493
4.04875	-7.20157	0.0356195
4.05125	-7.2051	0.0352815
4.05375	-7.21111	0.0353685
4.05625	-7.21175	0.0352791
4.05875	-7.2184	0.0349191
4.06125	-7.21935	0.0349525
4.06375	-7.22368	0.0349399
4.06625	-7.22515	0.0350525
4.06875	-7.22898	0.03509
4.07125	-7.23178	0.0349481
4.07375	-7.23583	0.0349813
4.07625	-7.23757	0.0346796
4.07875	-7.24294	0.0346001
4.08125	-7.24717	0.0344239
4.08375	-7.25223	0.0345416
4.08625	-7.25548	0.0347217
4.08875	-7.25971	0.0345677
4.09125	-7.26287	0.0348585
4.09375	-7.26689	0.0347126
4.09625	-7.27166	0.0339753
4.09875	-7.2737	0.0343065
4.10125	-7.27601	0.0346925
4.10375	-7.28179	0.0336766
4.10625	-7.28418	0.0338788
4.10875	-7.28936	0.0335921
4.11125	-7.29337	0.0343892
4.11375	-7.29568	0.0341645
4.11625	-7.2958	0.0336452
4.11875	-7.30239	0.0336239
4.12125	-7.30532	0.0331871
4.12375	-7.31109	0.0333936
4.12625	-7.31493	0.0335586
4.12875	-7.3166	0.0337367
4.13125	-7.32195	0.0329375
4.13375	-7.32154	0.0331225
4.13625	-7.32854	0.0334037
4.13875	-7.33134	0.0337878
4.14125	-7.33322	0.0331731
4.14375	-7.33787	0.0333125
4.14625	-7.3428	0.0333384
4.14875	-7.34583	0.0331306
4.15125	-7.35193	0.0326978
4.15375	-7.35619	0.0332239
4.15625	-7.35696	0.0325298
4.15875	-7.36385	0.0327403
4.16125	-7.36575	0.0328492
4.16375	-7.3701	0.0330878
4.16625	-7.37349	0.0325013
4.16875	-7.37016	0.0324052
4.17125	-7.37362	0.0326985
4.17375	-7.37783	0.0324734
4.17625	-7.38059	0.0324533
4.17875	-7.38518	0.0331145
4.18125	-7.38697	0.0321545
4.18375	-7.39231	0.0324436
4.18625	-7.3977	0.032767
4.18875	-7.39961	0.0325046
4.19125	-7.40216	0.0323879
4.19375	-7.40589	0.0323454
4.19625	-7.41004	0.0318388
4.19875	-7.41745	0.0317709
4.20125	-7.41969	0.0317622
4.20375	-7.42342	0.031907
4.20625	-7.4271	0.0320295
4.20875	-7.43268	0.0317608
4.21125	-7.43353	0.0316835
4.21375	-7.4403	0.0312483
4.21625	-7.44137	0.0314582
4.21875	-7.44741	0.0314435
4.22125	-7.45014	0.0310886
4.22375	-7.4544	0.0311194
4.22625	-7.46258	0.0310681
4.22875	-7.46307	0.0312005
4.23125	-7.46657	0.0311055
4.23375	-7.47048	0.0307891
4.23625	-7.47288	0.0307791
4.23875	-7.47541	0.0305347
4.24125	-7.48334	0.0307756
4.24375	-7.48545	0.0298794
4.24625	-7.48999	0.0298609
4.24875	-7.49254	0.0302101
4.25125	-7.49443	0.030659
4.25375	-7.49817	0.0303146
4.25625	-7.50535	0.0302173
4.25875	-7.50944	0.0302885
4.26125	-7.51064	0.0301938
4.26375	-7.51627	0.0299121
4.26625	-7.51917	0.0301833
4.26875	-7.52503	0.0300732
4.27125	-7.52795	0.030048
4.27375	-7.53272	0.0302502
4.27625	-7.53321	0.0301369
4.27875	-7.5403	0.0305571
4.28125	-7.54486	0.0298544
4.28375	-7.54766	0.0300303
4.28625	-7.55015	0.0297731
4.28875	-7.55557	0.0300519
4.29125	-7.55678	0.0299587
4.29375	-7.5623	0.0298933
4.29625	-7.5687	0.029683
4.29875	-7.57264	0.0296348
4.30125	-7.5739	0.030414
4.30375	-7.57832	0.0298189
4.30625	-7.58167	0.0298822
4.30875	-7.58305	0.0297412
4.31125	-7.58471	0.029473
4.31375	-7.5906	0.0295458
4.31625	-7.59016	0.0295654
4.31875	-7.59399	0.0297545
4.32125	-7.59669	0.0296526
4.32375	-7.60201	0.0300402
4.32625	-7.60266	0.0299076
4.32875	-7.6087	0.0306072
4.33125	-7.61353	0.030348
4.33375	-7.61431	0.0304153
4.33625	-7.61929	0.0304213
4.33875	-7.62541	0.0299237
4.34125	-7.62633	0.030219
4.34375	-7.63012	0.0299589
4.34625	-7.63662	0.0302876
4.34875	-7.63509	0.0305289
4.35125	-7.64186	0.030079
4.35375	-7.6423	0.0297353
4.35625	-7.64774	0.0309639
4.35875	-7.65017	0.0303561
4.36125	-7.64995	0.0309205
4.36375	-7.6575	0.0309611
4.36625	-7.66085	0.0307859
4.36875	-7.6649	0.0314228
4.37125	-7.66848	0.0311542
4.37375	-7.66225	0.0312522
4.37625	-7.66672	0.0317788
4.37875	-7.67159	0.0318106
4.38125	-7.67538	0.0311834
4.38375	-7.68127	0.0315012
4.38625	-7.683	0.0315455
4.38875	-7.68726	0.031462
4.39125	-7.69031	0.0315118
4.39375	-7.69158	0.0313559
4.39625	-7.69685	0.0309019
4.39875	-7.70178	0.0309932
4.40125	-7.70263	0.0308837
4.40375	-7.70774	0.0304711
4.40625	-7.71732	0.0311184
4.40875	-7.72041	0.0307659
4.41125	-7.72199	0.0310166
4.41375	-7.72255	0.0307834
4.41625	-7.72616	0.0306531
4.41875	-7.73199	0.0306625
4.42125	-7.73675	0.0311276
4.42375	-7.73764	0.0311868
4.42625	-7.73887	0.0300541
4.42875	-7.71073	0.0410486
4.43125	-7.71412	0.0414351
4.43375	-7.71837	0.0413461
4.43625	-7.72296	0.041026
4.43875	-7.72845	0.0412623
4.44125	-7.72037	0.0404173
4.44375	-7.72703	0.0406672
4.44625	-7.73015	0.0404882
4.44875	-7.73422	0.040473
4.45125	-7.739	0.0402051
4.45375	-7.7412	0.0401499
4.45625	-7.74638	0.0408113
4.45875	-7.75311	0.040382
4.46125	-7.75401	0.040441
4.46375	-7.75732	0.0408054
4.46625	-7.76111	0.0405633
4.46875	-7.7693	0.0404375
4.47125	-7.7699	0.0399763
4.47375	-7.7768	0.0398
4.47625	-7.77648	0.0417306
4.47875	-7.77745	0.0451819
4.48125	-7.78396	0.0443149
4.48375	-7.78438	0.0446757
4.48625	-7.78832	0.0450808
4.48875	-7.79127	0.0455164
4.49125	-7.79878	0.0457087
4.49375	-7.79824	0.0451698
4.49625	-7.8039	0.0456785
4.49875	-7.80712	0.0458298
4.50125	-7.80916	0.0446192
4.50375	-7.81338	0.045019
4.50625	-7.81766	0.0456285
4.50875	-7.82171	0.0455012
4.51125	-7.82338	0.0451807
4.51375	-7.83016	0.0447414
4.51625	-7.83469	0.0445696
4.51875	-7.83858	0.0454711
4.52125	-7.84211	0.0449975
4.52375	-7.84448	0.0455229
4.52625	-7.8491	0.0461066
4.52875	-7.85138	0.0460791
4.53125	-7.85329	0.0456576
4.53375	-7.86172	0.0455108
4.53625	-7.86123	0.0459137
4.53875	-7.86675	0.0459634
4.54125	-7.8706	0.0454358
4.54375	-7.87622	0.0456711
4.54625	-7.8815	0.0458429
4.54875	-7.88395	0.0446081
4.55125	-7.88887	0.0446611
4.55375	-7.89486	0.0452691
4.55625	-7.9	0.0457337
4.55875	-7.90128	0.0452494
4.56125	-7.90614	0.045335
4.56375	-7.90859	0.0449097
4.56625	-7.87854	0.0535644
4.56875	-7.88233	0.0534126
4.57125	-7.88356	0.0533897
4.57375	-7.88853	0.0526824
4.57625	-7.89542	0.053354
4.57875	-7.89651	0.0521105
4.58125	-7.90168	0.0529959
4.58375	-7.90727	0.0531698
4.58625	-7.90969	0.0531694
4.58875	-7.90933	0.0528645
4.59125	-7.91336	0.0524258
4.59375	-7.91872	0.0530766
4.59625	-7.92413	0.0529107
4.59875	-7.9263	0.0524953
4.60125	-7.93145	0.0529656
4.60375	-7.93431	0.0522055
4.60625	-7.937	0.0525103
4.60875	-7.9402	0.052105
4.61125	-7.94314	0.0523529
4.61375	-7.94738	0.0519306
4.61625	-7.94983	0.0515948
4.61875	-7.95585	0.0525241
4.62125	-7.95789	0.051709
4.62375	-7.95683	0.0503399
4.62625	-7.96202	0.0507512
4.62875	-7.96505	0.050551
4.63125	-7.97275	0.0512704
4.63375	-7.97405	0.0506174
4.63625	-7.98006	0.0508517
4.63875	-7.98401	0.0505865
4.64125	-7.98844	0.0500187
4.64375	-7.99419	0.0506575
4.64625	-7.99576	0.0501042
4.64875	-7.98531	0.0497495
4.65125	-7.98665	0.0498572
4.65375	-7.9928	0.0494854
4.65625	-7.99815	0.0490379
4.65875	-8.00267	0.0492861
4.66125	-8.00582	0.0499151
4.66375	-8.00678	0.0501217
4.66625	-8.01653	0.0506255
4.66875	-8.01365	0.0508799
4.67125	-8.01527	0.0527122
4.67375	-8.02209	0.0525921
4.67625	-8.02361	0.0522992
4.67875	-8.02904	0.0522937
4.68125	-8.03402	0.0527266
4.68375	-8.03228	0.0519887
4.68625	-8.0423	0.0528278
4.68875	-8.04422	0.0526259
4.69125	-8.04908	0.0528428
4.69375	-8.05562	0.0527584
4.69625	-8.06035	0.0528106
4.69875	-8.06302	0.0523118
4.70125	-8.06492	0.0520464
4.70375	-8.07251	0.0522913
4.70625	-8.08069	0.0522746
4.70875	-8.07905	0.0521012
4.71125	-8.08056	0.0514338
4.71375	-8.08244	0.0527827
4.71625	-8.08896	0.0534397
4.71875	-8.09102	0.0528172
4.72125	-8.09754	0.0532634
4.72375	-8.09663	0.0524237
4.72625	-8.10386	0.0523602
4.72875	-8.10668	0.0532027
4.73125	-8.11308	0.0522921
4.73375	-8.11284	0.0522214
4.73625	-8.11619	0.0523266
4.73875	-8.12202	0.0519057
4.74125	-8.12742	0.053024
4.74375	-8.13463	0.053018
4.74625	-8.13842	0.0524051
4.74875	-8.14146	0.0515755
4.75125	-8.14415	0.0524887
4.75375	-8.14798	0.0529437
4.75625	-8.14755	0.0523498
4.75875	-8.15544	0.0530024
4.76125	-8.15815	0.0527579
4.76375	-8.15744	0.0520003
4.76625	-8.16114	0.0518064
4.76875	-8.17171	0.0525341
4.77125	-8.17355	0.0523439
4.77375	-8.17578	0.0515184
4.77625	-8.1787	0.051271
4.77875	-8.18175	0.0524012
4.78125	-8.19018	0.0516038
4.78375	-8.19393	0.0513511
4.78625	-8.19225	0.0513906
4.78875	-8.19695	0.051195
4.79125	-8.19426	0.0529239
4.79375	-8.17657	0.0586367
4.79625	-8.18349	0.0583742
4.79875	-8.18677	0.0584903
4.80125	-8.19066	0.058409
4.80375	-8.19646	0.058531
4.80625	-8.19489	0.0567838
4.80875	-8.20006	0.0572001
4.81125	-8.20251	0.0594863
4.81375	-8.20369	0.059117
4.81625	-8.2051	0.0589931
4.81875	-8.21317	0.0589098
4.82125	-8.21934	0.0587125
4.82375	-8.22295	0.0588509
4.82625	-8.22592	0.0587999
4.82875	-8.22675	0.0587395
4.83125	-8.23189	0.0584279
4.83375	-8.238	0.0583571
4.83625	-8.24078	0.0582917
4.83875	-8.24201	0.0577442
4.84125	-8.24414	0.058076
4.84375	-8.24992	0.0580706
4.84625	-8.25186	0.0581709
4.84875	-8.25262	0.0576897
4.85125	-8.26204	0.0568451
4.85375	-8.26551	0.0576025
4.85625	-8.26111	0.058044
4.85875	-8.26509	0.0578825
4.86125	-8.27111	0.0583954
4.86375	-8.27707	0.0581191
4.86625	-8.28262	0.0583944
4.86875	-8.28414	0.0575607
4.87125	-8.28655	0.057055
4.87375	-8.29007	0.0581731
4.87625	-8.29298	0.0570744
4.87875	-8.3008	0.0583839
4.88125	-8.30435	0.0568669
4.88375	-8.30611	0.0575693
4.88625	-8.31366	0.0569111
4.88875	-8.31763	0.0584032
4.89125	-8.32179	0.0579192
4.89375	-8.32637	0.058124
4.89625	-8.32962	0.0581416
4.89875	-8.33678	0.0582594
4.90125	-8.33319	0.0575358
4.90375	-8.33873	0.0580159
4.90625	-8.34394	0.0577518
4.90875	-8.34776	0.0569633
4.91125	-8.35225	0.0582382
4.91375	-8.35723	0.0572558
4.91625	-8.35867	0.0574339
4.91875	-8.36599	0.0572275
4.92125	-8.36882	0.0570743
4.92375	-8.36845	0.0567367
4.92625	-8.37116	0.0555636
4.92875	-8.37518	0.0555575
4.93125	-8.38092	0.0557901
4.93375	-8.38434	0.0560487
4.93625	-8.38515	0.0555382
4.93875	-8.39151	0.056188
4.94125	-8.39345	0.0566483
4.94375	-8.40093	0.0567908
4.94625	-8.4052	0.057029
4.94875	-8.40777	0.0569247
4.95125	-8.40724	0.0564452
4.95375	-8.41216	0.0569239
4.95625	-8.4222	0.0561907
4.95875	-8.41907	0.0560682
4.96125	-8.43013	0.0574123
4.96375	-8.42948	0.0567715
4.96625	-8.43999	0.057505
4.96875	-8.43443	0.0566699
4.97125	-8.44151	0.0566527
4.97375	-8.44868	0.0565173
4.97625	-8.45518	0.056157
4.97875	-8.45221	0.0558214
4.98125	-8.45583	0.0555879
4.98375	-8.46275	0.0557505
4.98625	-8.46808	0.0550441
4.98875	-8.46877	0.0559645
4.99125	-8.4796	0.0565405
4.99375	-8.47923	0.0560463
4.99625	-8.48455	0.0559886
4.99875	-8.48983	0.0553677
5.00125	-8.48865	0.0552883
5.00375	-8.49135	0.0562462
5.00625	-8.49519	0.0555349
5.00875	-8.50073	0.0563387
5.01125	-8.50307	0.0560994
5.01375	-8.50068	0.0548938
5.01625	-8.51032	0.0562626
5.01875	-8.51475	0.0549245
5.02125	-8.51452	0.055944
5.02375	-8.52025	0.0551671
5.02625	-8.52461	0.0553979
5.02875	-8.52943	0.0565632
5.03125	-8.53009	0.0565439
5.03375	-8.53759	0.0564433
5.03625	-8.53853	0.0569352
5.03875	-8.5395	0.056385
5.04125	-8.54275	0.0561796
5.04375	-8.54898	0.0558444
5.04625	-8.54989	0.0541456
5.04875	-8.55078	0.0554231
5.05125	-8.55476	0.0553103
5.05375	-8.55734	0.0556976
5.05625	-8.568	0.055775
5.05875	-8.56376	0.0545661
5.06125	-8.57338	0.0550839
5.06375	-8.57434	0.0536725
5.06625	-8.58126	0.0549654
5.06875	-8.58449	0.0541915
5.07125	-8.59618	0.0535654
5.07375	-8.5952	0.0537888
5.07625	-8.60301	0.0531592
5.07875	-8.61157	0.054309
5.08125	-8.60355	0.0533643
5.08375	-8.60627	0.0535879
5.08625	-8.61035	0.054295
5.08875	-8.6173	0.0536922
5.09125	-8.61868	0.0536237
5.09375	-8.62747	0.0529586
5.09625	-8.62797	0.0525512
5.09875	-8.63539	0.0534031
5.10125	-8.63664	0.0535709
5.10375	-8.64123	0.0523682
5.10625	-8.65075	0.0527351
5.10875	-8.66044	0.0531972
5.11125	-8.65757	0.0538701
5.11375	-8.6657	0.0531079
5.11625	-8.67322	0.0522047
5.11875	-8.67782	0.0536273
