0.00125	-0.0073464	0.000137637
0.00375	-0.0216857	0.000188406
0.00625	-0.0354829	0.000175929
0.00875	-0.0493109	0.000110082
0.01125	-0.0630549	0.000129501
0.01375	-0.0766143	0.000175476
0.01625	-0.0898263	0.000139268
0.01875	-0.102787	0.000143375
0.02125	-0.115596	0.000138965
0.02375	-0.128855	0.000119801
0.02625	-0.141464	0.000144085
0.02875	-0.154178	0.000103863
0.03125	-0.167063	0.000149891
0.03375	-0.179193	0.000150133
0.03625	-0.191698	0.00013324
0.03875	-0.203894	0.00017606
0.04125	-0.216494	0.00014352
0.04375	-0.22848	0.000173141
0.04625	-0.240475	0.000149148
0.04875	-0.252297	0.000183553
0.05125	-0.264084	0.00019439
0.05375	-0.275887	0.000178099
0.05625	-0.287798	0.000171528
0.05875	-0.299398	0.000143805
0.06125	-0.310876	0.000154828
0.06375	-0.32291	0.00017474
0.06625	-0.334332	0.000145502
0.06875	-0.345694	0.00017162
0.07125	-0.356784	0.000120134
0.07375	-0.368593	0.000100701
0.07625	-0.379176	0.000181625
0.07875	-0.390703	0.000258127
0.08125	-0.401495	0.000265361
0.08375	-0.413016	0.000164631
0.08625	-0.423571	0.000111506
0.08875	-0.434688	0.000200452
0.09125	-0.445385	0.000175721
0.09375	-0.456374	0.000201395
0.09625	-0.467264	0.000229225
0.09875	-0.478007	0.000318359
0.10125	-0.488453	0.000115583
0.10375	-0.499301	0.000121405
0.10625	-0.509744	0.000188434
0.10875	-0.520628	0.000129147
0.11125	-0.531082	0.000226801
0.11375	-0.541133	0.000195058
0.11625	-0.551597	0.000199287
0.11875	-0.562002	0.000120539
0.12125	-0.572212	0.000204609
0.12375	-0.58246	0.000160643
0.12625	-0.59267	0.000152489
0.12875	-0.602473	0.00020958
0.13125	-0.612672	0.000258539
0.13375	-0.623134	0.000206485
0.13625	-0.633151	0.000208409
0.13875	-0.6431	0.000156736
0.14125	-0.652881	0.000111472
0.14375	-0.662955	0.000124052
0.14625	-0.672754	0.000138579
0.14875	-0.682523	0.000208199
0.15125	-0.692461	0.000155679
0.15375	-0.70185	0.000199813
0.15625	-0.711807	0.000215528
0.15875	-0.721568	0.000154745
0.16125	-0.730893	0.00028858
0.16375	-0.740832	0.000131462
0.16625	-0.749954	0.000204386
0.16875	-0.759757	0.000231496
0.17125	-0.769307	0.000125613
0.17375	-0.778926	0.000173388
0.17625	-0.787994	0.000167406
0.17875	-0.797354	0.000222216
0.18125	-0.806303	0.000211358
0.18375	-0.815764	0.000136787
0.18625	-0.825485	0.000279524
0.18875	-0.834323	0.000254441
0.19125	-0.843674	7.58996e-05
0.19375	-0.852804	0.000297669
0.19625	-0.862429	0.000206041
0.19875	-0.871278	0.000199114
0.20125	-0.880039	0.000192354
0.20375	-0.889106	0.000158661
0.20625	-0.89813	0.000323549
0.20875	-0.907124	0.000126336
0.21125	-0.916154	0.000251652
0.21375	-0.924956	0.000255671
0.21625	-0.933791	0.000145441
0.21875	-0.942639	0.000341787
0.22125	-0.951406	0.000211646
0.22375	-0.960228	0.000132239
0.22625	-0.968255	0.000242804
0.22875	-0.977255	0.000231289
0.23125	-0.9862	0.000144347
0.23375	-0.995099	0.000165708
0.23625	-1.004	0.000283036
0.23875	-1.01222	0.000199934
0.24125	-1.02094	0.00015897
0.24375	-1.02948	0.000224296
0.24625	-1.03823	0.000158222
0.24875	-1.04599	0.000279641
0.25125	-1.05473	0.000183024
0.25375	-1.0634	0.000182599
0.25625	-1.07152	0.000234757
0.25875	-1.08033	0.000243027
0.26125	-1.08816	0.000227271
0.26375	-1.09637	0.000232801
0.26625	-1.10511	0.000221643
0.26875	-1.11278	0.000309204
0.27125	-1.12166	0.000217682
0.27375	-1.12891	0.000305506
0.27625	-1.13779	0.000251668
0.27875	-1.14584	0.000209992
0.28125	-1.15457	0.000322771
0.28375	-1.16248	0.000314305
0.28625	-1.17007	0.000187778
0.28875	-1.17841	0.000259786
0.29125	-1.18623	0.000193176
0.29375	-1.19435	0.00045916
0.29625	-1.20221	0.000269725
0.29875	-1.21034	0.000203634
0.30125	-1.21794	0.000248699
0.30375	-1.22599	0.000230598
0.30625	-1.23403	0.000299887
0.30875	-1.24219	0.000250962
0.31125	-1.24988	0.000251308
0.31375	-1.2575	0.000462653
0.31625	-1.26581	0.000344689
0.31875	-1.27295	0.000303048
0.32125	-1.28108	0.000246156
0.32375	-1.28869	0.00030751
0.32625	-1.29631	0.000404678
0.32875	-1.30367	0.000293051
0.33125	-1.31194	0.00024022
0.33375	-1.31927	0.000290711
0.33625	-1.32632	0.000299945
0.33875	-1.33416	0.000285718
0.34125	-1.34182	0.000151939
0.34375	-1.34941	0.000340727
0.34625	-1.35675	0.000165572
0.34875	-1.36445	8.9759e-05
0.35125	-1.37165	0.000148583
0.35375	-1.37989	0.000321489
0.35625	-1.38723	0.000304399
0.35875	-1.39421	0.000307659
0.36125	-1.40124	0.000249609
0.36375	-1.4088	0.000260254
0.36625	-1.41606	0.000374219
0.36875	-1.42339	0.000179657
0.37125	-1.43114	0.000427398
0.37375	-1.43806	0.000349352
0.37625	-1.44555	0.00018903
0.37875	-1.45295	0.00023723
0.38125	-1.4603	0.000341339
0.38375	-1.46671	0.000264975
0.38625	-1.47362	0.000405141
0.38875	-1.48184	0.000336808
0.39125	-1.48856	0.000314492
0.39375	-1.49598	0.000377924
0.39625	-1.50337	0.000210851
0.39875	-1.50963	0.000297876
0.40125	-1.51749	0.000323147
0.40375	-1.52443	0.000324274
0.40625	-1.53076	0.000172888
0.40875	-1.53781	0.0001983
0.41125	-1.54468	0.00024237
0.41375	-1.55286	0.00029138
0.41625	-1.55904	0.000256966
0.41875	-1.56627	0.000348109
0.42125	-1.57261	0.000210769
0.42375	-1.58031	0.000235541
0.42625	-1.58663	0.00030266
0.42875	-1.5929	0.00046268
0.43125	-1.60065	0.000295321
0.43375	-1.60758	0.000453104
0.43625	-1.61443	0.00035737
0.43875	-1.62108	0.00038872
0.44125	-1.62745	0.000318894
0.44375	-1.63417	0.00042433
0.44625	-1.6411	0.000321122
0.44875	-1.64852	0.000263982
0.45125	-1.65477	0.000267195
0.45375	-1.66101	0.000479094
0.45625	-1.66787	0.000242042
0.45875	-1.67486	0.000297725
0.46125	-1.68114	0.000422302
0.46375	-1.68809	0.000478231
0.46625	-1.69431	0.000352702
0.46875	-1.70114	0.000222207
0.47125	-1.70775	0.000340758
0.47375	-1.71387	0.000302661
0.47625	-1.72137	0.000293654
0.47875	-1.72775	0.000426135
0.48125	-1.73383	0.000222908
0.48375	-1.74018	0.000196552
0.48625	-1.74706	0.000290232
0.48875	-1.75332	0.000428564
0.49125	-1.75909	0.000346963
0.49375	-1.76608	0.000402987
0.49625	-1.77273	0.000395433
0.49875	-1.77886	0.000359083
0.50125	-1.78489	0.000349717
0.50375	-1.79142	0.000332137
0.50625	-1.79854	0.000487237
0.50875	-1.80406	0.000382583
0.51125	-1.81063	0.000278975
0.51375	-1.81695	0.000397791
0.51625	-1.82341	0.000334335
0.51875	-1.82971	0.000393035
0.52125	-1.83595	0.000445265
0.52375	-1.84308	0.000282267
0.52625	-1.84843	0.000422142
0.52875	-1.85497	0.000356747
0.53125	-1.86062	0.000315486
0.53375	-1.86686	0.000381637
0.53625	-1.87378	0.000230287
0.53875	-1.8791	0.000270535
0.54125	-1.88509	0.000331882
0.54375	-1.89158	0.00052
0.54625	-1.89817	0.000364547
0.54875	-1.90447	0.000417944
0.55125	-1.91068	0.000351738
0.55375	-1.91655	0.000375752
0.55625	-1.92236	0.000461638
0.55875	-1.92838	0.000383616
0.56125	-1.934	0.000307232
0.56375	-1.94028	0.000371042
0.56625	-1.94677	0.000355892
0.56875	-1.95233	0.000298596
0.57125	-1.95874	0.000298281
0.57375	-1.96377	0.000545178
0.57625	-1.97019	0.000411896
0.57875	-1.97657	0.000290776
0.58125	-1.98229	0.000397132
0.58375	-1.9875	0.000342826
0.58625	-1.99443	0.000201849
0.58875	-2.0002	0.000244072
0.59125	-2.00611	0.0003525
0.59375	-2.01211	0.000578114
0.59625	-2.01772	0.000292066
0.59875	-2.02322	0.000192163
0.60125	-2.02921	0.000425866
0.60375	-2.03508	0.000304305
0.60625	-2.04091	0.000357256
0.60875	-2.04678	0.000497027
0.61125	-2.05289	0.000309601
0.61375	-2.05887	0.000343958
0.61625	-2.06384	0.000367165
0.61875	-2.06999	0.00044233
0.62125	-2.0753	0.000346869
0.62375	-2.08228	0.000299947
0.62625	-2.0876	0.000325214
0.62875	-2.0935	0.000483385
0.63125	-2.09819	0.00026661
0.63375	-2.10506	0.000301484
0.63625	-2.10926	0.000365005
0.63875	-2.11566	0.000509287
0.64125	-2.12122	0.000379313
0.64375	-2.12723	0.000485084
0.64625	-2.13274	0.000498196
0.64875	-2.13813	0.000365921
0.65125	-2.14374	0.000508188
0.65375	-2.14942	0.000400761
0.65625	-2.15483	0.000340067
0.65875	-2.16052	0.000330897
0.66125	-2.16608	0.000227402
0.66375	-2.17209	0.000557935
0.66625	-2.17707	0.000534513
0.66875	-2.18243	0.000358344
0.67125	-2.18895	0.000536544
0.67375	-2.19402	0.000267612
0.67625	-2.19931	0.000447016
0.67875	-2.20547	0.00040135
0.68125	-2.21058	0.000432265
0.68375	-2.21611	0.000280409
0.68625	-2.22171	0.000392942
0.68875	-2.22618	0.000339425
0.69125	-2.23214	0.000329422
0.69375	-2.23685	0.000464784
0.69625	-2.24282	0.000603866
0.69875	-2.24898	0.00038926
0.70125	-2.25327	0.000415865
0.70375	-2.25925	0.000382619
0.70625	-2.26414	0.000711602
0.70875	-2.26913	0.000400643
0.71125	-2.27522	0.000405346
0.71375	-2.28064	0.000434976
0.71625	-2.28532	0.000515051
0.71875	-2.29065	0.000338378
0.72125	-2.29682	0.000313643
0.72375	-2.30185	0.000460464
0.72625	-2.30694	0.000487719
0.72875	-2.31252	0.000504054
0.73125	-2.31815	0.000458354
0.73375	-2.3231	0.000366687
0.73625	-2.32871	0.000314485
0.73875	-2.33439	0.000337419
0.74125	-2.33846	0.000500971
0.74375	-2.3438	0.000245749
0.74625	-2.34989	0.000497609
0.74875	-2.35532	0.000315472
0.75125	-2.35994	0.000475407
0.75375	-2.3644	0.000508265
0.75625	-2.36998	0.000457487
0.75875	-2.37607	0.000535462
0.76125	-2.38049	0.00043381
0.76375	-2.38574	0.000354386
0.76625	-2.3912	0.00046069
0.76875	-2.396	0.000507322
0.77125	-2.40111	0.000388486
0.77375	-2.40668	0.000588713
0.77625	-2.41148	0.000468915
0.77875	-2.41626	0.000674405
0.78125	-2.421	0.000292626
0.78375	-2.42745	0.000482314
0.78625	-2.43211	0.000319892
0.78875	-2.43633	0.000281274
0.79125	-2.44236	0.000366327
0.79375	-2.4468	0.000491131
0.79625	-2.45195	0.000313449
0.79875	-2.4556	0.000379513
0.80125	-2.46272	0.000344041
0.80375	-2.46742	0.000445847
0.80625	-2.4714	0.000515089
0.80875	-2.47762	0.000498983
0.81125	-2.48161	0.000417175
0.81375	-2.48747	0.000634834
0.81625	-2.49205	0.000382211
0.81875	-2.49742	0.000371037
0.82125	-2.5024	0.000591091
0.82375	-2.50651	0.000712254
0.82625	-2.51186	0.000487298
0.82875	-2.51693	0.000292242
0.83125	-2.5215	0.000684416
0.83375	-2.5263	0.000359252
0.83625	-2.53076	0.000640887
0.83875	-2.53622	0.000388155
0.84125	-2.54194	0.000517819
0.84375	-2.54514	0.000282379
0.84625	-2.55171	0.000474738
0.84875	-2.55638	0.000526964
0.85125	-2.56149	0.00057955
0.85375	-2.56622	0.000731487
0.85625	-2.57099	0.00045098
0.85875	-2.5756	0.000412671
0.86125	-2.58059	0.000454462
0.86375	-2.58494	0.000614902
0.86625	-2.59046	0.000333245
0.86875	-2.59534	0.000607467
0.87125	-2.60052	0.000519569
0.87375	-2.60483	0.000564135
0.87625	-2.6102	0.00058936
0.87875	-2.61466	0.000464184
0.88125	-2.61983	0.000696717
0.88375	-2.62274	0.00066648
0.88625	-2.62964	0.000579709
0.88875	-2.63453	0.000585506
0.89125	-2.63754	0.000444606
0.89375	-2.64242	0.000385823
0.89625	-2.64712	0.000320567
0.89875	-2.65214	0.000640187
0.90125	-2.65677	0.000424133
0.90375	-2.66335	0.000350476
0.90625	-2.66779	0.000282481
0.90875	-2.67181	0.000697133
0.91125	-2.6758	0.000389955
0.91375	-2.68185	0.000660375
0.91625	-2.6859	0.000442682
0.91875	-2.6897	0.000490608
0.92125	-2.69459	0.000587035
0.92375	-2.69991	0.000881412
0.92625	-2.70434	0.000421747
0.92875	-2.70882	0.000623912
0.93125	-2.71456	0.00040829
0.93375	-2.71834	0.000738732
0.93625	-2.72468	0.000458324
0.93875	-2.72797	0.000653004
0.94125	-2.7333	0.000746678
0.94375	-2.73735	0.000499162
0.94625	-2.7405	0.000476394
0.94875	-2.74597	0.000571448
0.95125	-2.75083	0.000444647
0.95375	-2.75542	0.000396656
0.95625	-2.76033	0.00073732
0.95875	-2.76493	0.000556603
0.96125	-2.76871	0.000451023
0.96375	-2.77387	0.000491965
0.96625	-2.7777	0.000728035
0.96875	-2.7827	0.000771369
0.97125	-2.78729	0.000553586
0.97375	-2.79224	0.000951323
0.97625	-2.7965	0.000746894
0.97875	-2.80039	0.000431452
0.98125	-2.80629	0.000781369
0.98375	-2.81114	0.000570273
0.98625	-2.81431	0.000900427
0.98875	-2.81962	0.000385229
0.99125	-2.8234	0.000462235
0.99375	-2.82921	0.000509262
0.99625	-2.83324	0.000684312
0.99875	-2.83649	0.000663414
1.00125	-2.84222	0.000361556
1.00375	-2.84624	0.000772548
1.00625	-2.85128	0.00073094
1.00875	-2.85536	0.000684713
1.01125	-2.86039	0.000406252
1.01375	-2.864	0.000611143
1.01625	-2.86898	0.000598367
1.01875	-2.87332	0.000644483
1.02125	-2.87695	0.000823869
1.02375	-2.8819	0.000662009
1.02625	-2.88735	0.000720581
1.02875	-2.89139	0.000816659
1.03125	-2.89641	0.000545073
1.03375	-2.90018	0.000625747
1.03625	-2.90564	0.000738783
1.03875	-2.90809	0.000519228
1.04125	-2.9127	0.000401239
1.04375	-2.9178	0.00067351
1.04625	-2.92185	0.000595431
1.04875	-2.92672	0.000654687
1.05125	-2.93103	0.000454511
1.05375	-2.93505	0.000524712
1.05625	-2.94052	0.000319062
1.05875	-2.94326	0.000499081
1.06125	-2.94864	0.000746712
1.06375	-2.95342	0.000352985
1.06625	-2.95723	0.000766174
1.06875	-2.96122	0.000575897
1.07125	-2.96702	0.000493873
1.07375	-2.97091	0.000457359
1.07625	-2.97434	0.000696344
1.07875	-2.97743	0.000839062
1.08125	-2.98407	0.000470543
1.08375	-2.98821	0.00111235
1.08625	-2.99208	0.000682612
1.08875	-2.99596	0.000570096
1.09125	-3.00056	0.000795923
1.09375	-3.0058	0.0003977
1.09625	-3.00918	0.000791502
1.09875	-3.01379	0.000608372
1.10125	-3.01843	0.000779144
1.10375	-3.02134	0.00042876
1.10625	-3.02635	0.000775946
1.10875	-3.03174	0.000759171
1.11125	-3.03592	0.0004894
1.11375	-3.04027	0.000713866
1.11625	-3.0442	0.00104536
1.11875	-3.04853	0.000620065
1.12125	-3.05233	0.000804406
1.12375	-3.05655	0.000583891
1.12625	-3.06014	0.000506857
1.12875	-3.06493	0.00104301
1.13125	-3.06931	0.000790132
1.13375	-3.07391	0.000658177
1.13625	-3.07764	0.000659816
1.13875	-3.08117	0.00073878
1.14125	-3.08666	0.000616541
1.14375	-3.09062	0.000593504
1.14625	-3.0939	0.000611032
1.14875	-3.09935	0.000552225
1.15125	-3.10343	0.000712637
1.15375	-3.10804	0.000474142
1.15625	-3.11199	0.000580839
1.15875	-3.11565	0.000754647
1.16125	-3.12045	0.000788831
1.16375	-3.12378	0.000687877
1.16625	-3.13019	0.000741361
1.16875	-3.13249	0.000730835
1.17125	-3.13798	0.000516944
1.17375	-3.14139	0.000729364
1.17625	-3.14553	0.000774916
1.17875	-3.14914	0.000713024
1.18125	-3.1527	0.000962367
1.18375	-3.15749	0.000635929
1.18625	-3.16198	0.000744108
1.18875	-3.16528	0.000871409
1.19125	-3.16983	0.000694533
1.19375	-3.17438	0.000849596
1.19625	-3.17836	0.000661909
1.19875	-3.18295	0.0005685
1.20125	-3.18723	0.000528785
1.20375	-3.1915	0.000691557
1.20625	-3.19373	0.000665285
1.20875	-3.19759	0.000658117
1.21125	-3.20352	0.000803538
1.21375	-3.20734	0.000506164
1.21625	-3.21181	0.000798992
1.21875	-3.21488	0.000599181
1.22125	-3.21946	0.000601367
1.22375	-3.22429	0.000745135
1.22625	-3.22846	0.000679551
1.22875	-3.23203	0.00072002
1.23125	-3.23616	0.000433409
1.23375	-3.23956	0.000734909
1.23625	-3.24385	0.000632798
1.23875	-3.2483	0.000763205
1.24125	-3.25269	0.000642597
1.24375	-3.25691	0.000810743
1.24625	-3.26056	0.000803681
1.24875	-3.26431	0.00112851
1.25125	-3.26935	0.00103904
1.25375	-3.27251	0.000529686
1.25625	-3.27704	0.00104046
1.25875	-3.28048	0.00076354
1.26125	-3.28443	0.000600931
1.26375	-3.28788	0.000854965
1.26625	-3.2934	0.000844356
1.26875	-3.29646	0.000550361
1.27125	-3.30097	0.000822492
1.27375	-3.30454	0.000741203
1.27625	-3.30911	0.000810709
1.27875	-3.31343	0.000880977
1.28125	-3.31804	0.000775708
1.28375	-3.32157	0.000513046
1.28625	-3.32526	0.000885012
1.28875	-3.33058	0.000741558
1.29125	-3.33464	0.000882809
1.29375	-3.33807	0.000898467
1.29625	-3.34212	0.000748805
1.29875	-3.34631	0.000598933
1.30125	-3.35066	0.00105023
1.30375	-3.35252	0.000928866
1.30625	-3.358	0.000803922
1.30875	-3.36142	0.00067068
1.31125	-3.36474	0.0011309
1.31375	-3.36888	0.00041677
1.31625	-3.37331	0.000869919
1.31875	-3.37699	0.000940505
1.32125	-3.38167	0.000821851
1.32375	-3.38568	0.000740386
1.32625	-3.38944	0.00107862
1.32875	-3.39443	0.000967919
1.33125	-3.39854	0.000709573
1.33375	-3.4018	0.000899148
1.33625	-3.40672	0.000813808
1.33875	-3.41097	0.000499092
1.34125	-3.41369	0.00101974
1.34375	-3.4174	0.000689376
1.34625	-3.42125	0.0009172
1.34875	-3.42519	0.000547112
1.35125	-3.42902	0.000601138
1.35375	-3.43565	0.000469487
1.35625	-3.437	0.00107099
1.35875	-3.44023	0.000712445
1.36125	-3.44589	0.000675638
1.36375	-3.44942	0.000836541
1.36625	-3.45504	0.000751777
1.36875	-3.45827	0.000621705
1.37125	-3.46188	0.000857656
1.37375	-3.46504	0.000700221
1.37625	-3.4696	0.000802849
1.37875	-3.47294	0.000413459
1.38125	-3.47906	0.000658656
1.38375	-3.48166	0.000708612
1.38625	-3.48538	0.0010019
1.38875	-3.48956	0.000949426
1.39125	-3.49197	0.00126993
1.39375	-3.49662	0.0006922
1.39625	-3.50162	0.000403375
1.39875	-3.50452	0.00097529
1.40125	-3.5074	0.000808209
1.40375	-3.51341	0.000729837
1.40625	-3.51548	0.000652802
1.40875	-3.5198	0.000900484
1.41125	-3.52286	0.000683104
1.41375	-3.52813	0.00102081
1.41625	-3.53153	0.000827687
1.41875	-3.5358	0.000753141
1.42125	-3.53961	0.000956958
1.42375	-3.54336	0.00124581
1.42625	-3.54632	0.000706549
1.42875	-3.54961	0.000703563
1.43125	-3.55529	0.00131165
1.43375	-3.55715	0.000979078
1.43625	-3.56169	0.000807362
1.43875	-3.56593	0.000900358
1.44125	-3.57275	0.00118345
1.44375	-3.57479	0.000580822
1.44625	-3.57857	0.000466727
1.44875	-3.58216	0.00086631
1.45125	-3.58557	0.000965711
1.45375	-3.58894	0.00107464
1.45625	-3.59422	0.0010179
1.45875	-3.59664	0.000807208
1.46125	-3.59943	0.000893218
1.46375	-3.60522	0.000535003
1.46625	-3.60806	0.000767133
1.46875	-3.6117	0.00112948
1.47125	-3.61547	0.000858859
1.47375	-3.61937	0.000846272
1.47625	-3.62506	0.0007068
1.47875	-3.62673	0.000909775
1.48125	-3.63164	0.000828645
1.48375	-3.63604	0.000645476
1.48625	-3.63822	0.000627766
1.48875	-3.64322	0.000842007
1.49125	-3.64646	0.000619802
1.49375	-3.65115	0.000948256
1.49625	-3.65345	0.000631553
1.49875	-3.66007	0.000830266
1.50125	-3.66307	0.000555244
1.50375	-3.66648	0.000859615
1.50625	-3.67028	0.00116065
1.50875	-3.67457	0.000838385
1.51125	-3.67632	0.000652862
1.51375	-3.68127	0.00101101
1.51625	-3.68511	0.000941905
1.51875	-3.68952	0.00122407
1.52125	-3.69192	0.00104153
1.52375	-3.69637	0.000960987
1.52625	-3.70109	0.00112072
1.52875	-3.7038	0.000873645
1.53125	-3.70674	0.000652893
1.53375	-3.71241	0.000957647
1.53625	-3.71583	0.000795629
1.53875	-3.71917	0.000512281
1.54125	-3.72382	0.00104285
1.54375	-3.72789	0.00112059
1.54625	-3.73037	0.000893351
1.54875	-3.73461	0.000585817
1.55125	-3.73887	0.000474091
1.55375	-3.74103	0.000679264
1.55625	-3.74591	0.000690512
1.55875	-3.75008	0.000976117
1.56125	-3.75322	0.000574469
1.56375	-3.75799	0.00123421
1.56625	-3.76208	0.00087012
1.56875	-3.7639	0.00102687
1.57125	-3.76706	0.000777967
1.57375	-3.77276	0.000655096
1.57625	-3.7749	0.000767487
1.57875	-3.77892	0.000862224
1.58125	-3.78334	0.00110137
1.58375	-3.78641	0.000856608
1.58625	-3.79075	0.00109209
1.58875	-3.79684	0.000848607
1.59125	-3.79856	0.000815221
1.59375	-3.80131	0.000863693
1.59625	-3.80655	0.000783271
1.59875	-3.81089	0.000364935
1.60125	-3.81266	0.000809186
1.60375	-3.8171	0.000789257
1.60625	-3.82203	0.000990544
1.60875	-3.8255	0.00103261
1.61125	-3.82878	0.00103819
1.61375	-3.83239	0.00110753
1.61625	-3.83495	0.00149491
1.61875	-3.83897	0.000699714
1.62125	-3.84432	0.00125378
1.62375	-3.84798	0.0010662
1.62625	-3.85003	0.00105563
1.62875	-3.85362	0.000853836
1.63125	-3.8591	0.00111581
1.63375	-3.86239	0.000938073
1.63625	-3.86368	0.00124352
1.63875	-3.87009	0.000851507
1.64125	-3.87246	0.000942952
1.64375	-3.87793	0.000926674
1.64625	-3.88274	0.000852815
1.64875	-3.88249	0.000684702
1.65125	-3.88763	0.000866443
1.65375	-3.89121	0.000806219
1.65625	-3.89668	0.00111468
1.65875	-3.8999	0.00131391
1.66125	-3.9039	0.000817061
1.66375	-3.90604	0.000807855
1.66625	-3.91226	0.000827295
1.66875	-3.91269	0.00104927
1.67125	-3.91743	0.00114327
1.67375	-3.92248	0.00144811
1.67625	-3.92594	0.000744632
1.67875	-3.92887	0.000854489
1.68125	-3.9299	0.000662024
1.68375	-3.9372	0.000634783
1.68625	-3.94028	0.00110632
1.68875	-3.94374	0.00110692
1.69125	-3.9482	0.000636178
1.69375	-3.94968	0.00090029
1.69625	-3.9559	0.00128144
1.69875	-3.95727	0.00114264
1.70125	-3.96226	0.000946978
1.70375	-3.96637	0.00120244
1.70625	-3.97038	0.0009604
1.70875	-3.97355	0.00116543
1.71125	-3.97681	0.00114698
1.71375	-3.97997	0.00120445
1.71625	-3.9854	0.00122012
1.71875	-3.98843	0.00114455
1.72125	-3.99204	0.00121996
1.72375	-3.99405	0.00145194
1.72625	-3.99727	0.000944654
1.72875	-4.0022	0.000696136
1.73125	-4.00681	0.000966839
1.73375	-4.01034	0.000877351
1.73625	-4.01375	0.000984733
1.73875	-4.01654	0.00103915
1.74125	-4.02113	0.00122679
1.74375	-4.02329	0.00105353
1.74625	-4.02825	0.0010616
1.74875	-4.03291	0.00124227
1.75125	-4.03568	0.00107916
1.75375	-4.0358	0.00103516
1.75625	-4.04295	0.00114848
1.75875	-4.04441	0.00117702
1.76125	-4.04996	0.00120798
1.76375	-4.05231	0.000917978
1.76625	-4.05686	0.00100788
1.76875	-4.06159	0.00139009
1.77125	-4.0647	0.00139918
1.77375	-4.06737	0.000880617
1.77625	-4.07246	0.00081695
1.77875	-4.07538	0.00117517
1.78125	-4.07858	0.000534812
1.78375	-4.08231	0.00138367
1.78625	-4.08646	0.000702285
1.78875	-4.09097	0.00109999
1.79125	-4.09429	0.00084881
1.79375	-4.09595	0.00113773
1.79625	-4.09926	0.00113884
1.79875	-4.10349	0.00148482
1.80125	-4.10819	0.000887278
1.80375	-4.11274	0.000819683
1.80625	-4.11505	0.00101976
1.80875	-4.11968	0.00104451
1.81125	-4.12098	0.0011578
1.81375	-4.12679	0.00114154
1.81625	-4.12871	0.000668469
1.81875	-4.13397	0.00106908
1.82125	-4.13758	0.000991113
1.82375	-4.14068	0.001068
1.82625	-4.1436	0.00150427
1.82875	-4.14712	0.00100807
1.83125	-4.15166	0.000973711
1.83375	-4.15397	0.00126934
1.83625	-4.16036	0.00073766
1.83875	-4.16278	0.000992452
1.84125	-4.16499	0.000955357
1.84375	-4.1679	0.00111415
1.84625	-4.17462	0.00106425
1.84875	-4.17713	0.00115117
1.85125	-4.18032	0.00163217
1.85375	-4.18377	0.00121269
1.85625	-4.18883	0.00060425
1.85875	-4.19281	0.00165228
1.86125	-4.19455	0.000874899
1.86375	-4.20299	0.000973363
1.86625	-4.20413	0.00100282
1.86875	-4.20517	0.00135675
1.87125	-4.21062	0.00130886
1.87375	-4.21235	0.00119853
1.87625	-4.21899	0.00131449
1.87875	-4.22052	0.00123302
1.88125	-4.2245	0.000868435
1.88375	-4.22899	0.000772646
1.88625	-4.23122	0.00116841
1.88875	-4.23422	0.000892159
1.89125	-4.24012	0.00117449
1.89375	-4.24289	0.00123969
1.89625	-4.24557	0.00101189
1.89875	-4.24831	0.00118241
1.90125	-4.25153	0.000911129
1.90375	-4.25754	0.0011677
1.90625	-4.25932	0.00122135
1.90875	-4.26354	0.00130963
1.91125	-4.26925	0.00110919
1.91375	-4.27011	0.00164141
1.91625	-4.27392	0.000959884
1.91875	-4.27809	0.00085792
1.92125	-4.28045	0.00102359
1.92375	-4.28562	0.000876526
1.92625	-4.29058	0.00104754
1.92875	-4.29131	0.00160954
1.93125	-4.29673	0.000663132
1.93375	-4.30162	0.0017857
1.93625	-4.29927	0.000936419
1.93875	-4.30745	0.0012762
1.94125	-4.30985	0.00147632
1.94375	-4.31573	0.000685319
1.94625	-4.31631	0.00141257
1.94875	-4.32091	0.000972225
1.95125	-4.32355	0.00101123
1.95375	-4.32636	0.000781939
1.95625	-4.32948	0.00129274
1.95875	-4.33568	0.00123045
1.96125	-4.33988	0.000861347
1.96375	-4.34363	0.00141716
1.96625	-4.34732	0.00127597
1.96875	-4.34962	0.00103776
1.97125	-4.35124	0.00104856
1.97375	-4.35693	0.00123753
1.97625	-4.36085	0.0012588
1.97875	-4.36247	0.000860762
1.98125	-4.36683	0.00160893
1.98375	-4.372	0.00182568
1.98625	-4.37593	0.00148267
1.98875	-4.37694	0.00107498
1.99125	-4.38235	0.00106223
1.99375	-4.38464	0.000992659
1.99625	-4.38886	0.00118069
1.99875	-4.39344	0.00109978
2.00125	-4.39648	0.00123295
2.00375	-4.40073	0.00137578
2.00625	-4.40417	0.00147564
2.00875	-4.40611	0.00100688
2.01125	-4.41035	0.000984341
2.01375	-4.41314	0.00127471
2.01625	-4.41815	0.00108117
2.01875	-4.42239	0.00151967
2.02125	-4.42481	0.00108989
2.02375	-4.42648	0.00114457
2.02625	-4.43169	0.00132676
2.02875	-4.43483	0.00143837
2.03125	-4.43824	0.00105761
2.03375	-4.44387	0.00101311
2.03625	-4.44717	0.0012115
2.03875	-4.4486	0.00169114
2.04125	-4.45154	0.000985109
2.04375	-4.45559	0.000801765
2.04625	-4.45916	0.00183599
2.04875	-4.4633	0.00127823
2.05125	-4.46851	0.00125184
2.05375	-4.47164	0.000698564
2.05625	-4.47437	0.000653439
2.05875	-4.47642	0.00121145
2.06125	-4.48223	0.00144375
2.06375	-4.48154	0.00138318
2.06625	-4.48609	0.000926115
2.06875	-4.4899	0.00153924
2.07125	-4.49415	0.000880215
2.07375	-4.49936	0.00101992
2.07625	-4.50146	0.00131257
2.07875	-4.50778	0.00152209
2.08125	-4.50917	0.00150209
2.08375	-4.51434	0.0012067
2.08625	-4.51948	0.0013439
2.08875	-4.52062	0.00146676
2.09125	-4.52269	0.0012111
2.09375	-4.5271	0.00093938
2.09625	-4.52954	0.00153851
2.09875	-4.53426	0.000981528
2.10125	-4.53766	0.00136217
2.10375	-4.54384	0.000634637
2.10625	-4.54344	0.00101527
2.10875	-4.54894	0.00166384
2.11125	-4.55327	0.00148031
2.11375	-4.5529	0.00162143
2.11625	-4.55969	0.0022421
2.11875	-4.56223	0.00147528
2.12125	-4.56689	0.000877327
2.12375	-4.56828	0.000954586
2.12625	-4.57389	0.00177067
2.12875	-4.5739	0.00118827
2.13125	-4.58179	0.00155668
2.13375	-4.58407	0.00165714
2.13625	-4.58769	0.001149
2.13875	-4.58937	0.00133755
2.14125	-4.59072	0.00137609
2.14375	-4.59624	0.000953224
2.14625	-4.60075	0.000900757
2.14875	-4.60514	0.00190685
2.15125	-4.61029	0.00161911
2.15375	-4.61362	0.00143255
2.15625	-4.61543	0.0012322
2.15875	-4.6176	0.00108677
2.16125	-4.62215	0.0014971
2.16375	-4.62708	0.00110418
2.16625	-4.62954	0.00181634
2.16875	-4.63578	0.000845885
2.17125	-4.63839	0.0010724
2.17375	-4.63628	0.0014777
2.17625	-4.64483	0.00152351
2.17875	-4.64875	0.00131362
2.18125	-4.65056	0.00107264
2.18375	-4.65248	0.00206273
2.18625	-4.65885	0.00101706
2.18875	-4.66072	0.000837271
2.19125	-4.66085	0.00108999
2.19375	-4.66847	0.000989116
2.19625	-4.67338	0.00119489
2.19875	-4.67526	0.00155889
2.20125	-4.67742	0.00125195
2.20375	-4.68034	0.00161184
2.20625	-4.68782	0.00177092
2.20875	-4.68804	0.00164339
2.21125	-4.6931	0.0011013
2.21375	-4.69276	0.00150169
2.21625	-4.69985	0.000767087
2.21875	-4.70264	0.00146536
2.22125	-4.70517	0.00179231
2.22375	-4.71144	0.00187611
2.22625	-4.71438	0.000904766
2.22875	-4.71852	0.00176704
2.23125	-4.72289	0.00221692
2.23375	-4.72754	0.00198288
2.23625	-4.72338	0.00165151
2.23875	-4.73101	0.00171034
2.24125	-4.73187	0.00184293
2.24375	-4.74068	0.00132587
2.24625	-4.7407	0.00107417
2.24875	-4.74572	0.00161678
2.25125	-4.74942	0.00157717
2.25375	-4.75063	0.00155742
2.25625	-4.754	0.00144573
2.25875	-4.75502	0.00145775
2.26125	-4.76431	0.00174228
2.26375	-4.76647	0.00189807
2.26625	-4.76869	0.00166765
2.26875	-4.7711	0.00124963
2.27125	-4.77723	0.00175031
2.27375	-4.78027	0.00142635
2.27625	-4.78215	0.00154835
2.27875	-4.78708	0.00205625
2.28125	-4.7897	0.00107839
2.28375	-4.79394	0.00178307
2.28625	-4.79879	0.0015844
2.28875	-4.80318	0.00158582
2.29125	-4.80386	0.00153165
2.29375	-4.80809	0.00150865
2.29625	-4.81271	0.00151055
2.29875	-4.81633	0.00154257
2.30125	-4.81967	0.00173401
2.30375	-4.8216	0.00181705
2.30625	-4.82655	0.000660925
2.30875	-4.8288	0.0012231
2.31125	-4.83339	0.000568819
2.31375	-4.83649	0.00195115
2.31625	-4.83955	0.00224853
2.31875	-4.84254	0.00226438
2.32125	-4.84529	0.00185502
2.32375	-4.85022	0.00125736
2.32625	-4.85326	0.00190019
2.32875	-4.85482	0.00094389
2.33125	-4.86198	0.0014129
2.33375	-4.86197	0.00141128
2.33625	-4.86895	0.00149712
2.33875	-4.87257	0.00166248
2.34125	-4.87376	0.00189852
2.34375	-4.87612	0.00235516
2.34625	-4.88069	0.00147631
2.34875	-4.88449	0.00146455
2.35125	-4.8888	0.00189326
2.35375	-4.88979	0.00212836
2.35625	-4.89451	0.0014526
2.35875	-4.89827	0.0016759
2.36125	-4.90192	0.00123391
2.36375	-4.90586	0.00231137
2.36625	-4.90605	0.00190645
2.36875	-4.90961	0.001493
2.37125	-4.9162	0.00143584
2.37375	-4.91901	0.00140482
2.37625	-4.92379	0.0022397
2.37875	-4.92678	0.00168366
2.38125	-4.92989	0.00187871
2.38375	-4.9349	0.00105613
2.38625	-4.93435	0.00178586
2.38875	-4.94096	0.000870532
2.39125	-4.94206	0.00187106
2.39375	-4.95064	0.00128573
2.39625	-4.95199	0.00130622
2.39875	-4.95423	0.00162219
2.40125	-4.95537	0.0020412
2.40375	-4.95956	0.000973461
2.40625	-4.96508	0.00224358
2.40875	-4.96562	0.00199317
2.41125	-4.97134	0.0013972
2.41375	-4.97563	0.00208372
2.41625	-4.98095	0.00166497
2.41875	-4.98327	0.00179378
2.42125	-4.98478	0.00241269
2.42375	-4.98705	0.00188886
2.42625	-4.99176	0.00154504
2.42875	-4.99822	0.00135015
2.43125	-4.99788	0.00144061
2.43375	-5.00261	0.00194941
2.43625	-5.00561	0.00282481
2.43875	-5.00891	0.00185894
2.44125	-5.01461	0.00183672
2.44375	-5.01515	0.00136836
2.44625	-5.01785	0.00179624
2.44875	-5.02038	0.00216036
2.45125	-5.02965	0.00195802
2.45375	-5.03157	0.00195796
2.45625	-5.0333	0.00226736
2.45875	-5.03649	0.00160789
2.46125	-5.04089	0.00069038
2.46375	-5.04236	0.00211774
2.46625	-5.04578	0.00230595
2.46875	-5.05038	0.00163468
2.47125	-5.05356	0.00160005
2.47375	-5.056	0.00127739
2.47625	-5.06228	0.00163967
2.47875	-5.06327	0.00195255
2.48125	-5.06907	0.00121484
2.48375	-5.07003	0.00170806
2.48625	-5.07647	0.00114474
2.48875	-5.08165	0.00222018
2.49125	-5.07501	0.00142382
2.49375	-5.08621	0.00201123
2.49625	-5.08966	0.00140559
2.49875	-5.09533	0.00203439
2.50125	-5.0945	0.00191613
2.50375	-5.09764	0.00223429
2.50625	-5.10255	0.00152173
2.50875	-5.10582	0.00203094
2.51125	-5.10894	0.00174701
2.51375	-5.11296	0.0012959
2.51625	-5.11516	0.00267413
2.51875	-5.12104	0.00258795
2.52125	-5.1224	0.00247205
2.52375	-5.12645	0.00190282
2.52625	-5.13035	0.00131456
2.52875	-5.1334	0.00190865
2.53125	-5.13918	0.00247956
2.53375	-5.14128	0.00152828
2.53625	-5.14707	0.00170472
2.53875	-5.15002	0.00250419
2.54125	-5.14934	0.00124074
2.54375	-5.15506	0.00209852
2.54625	-5.157	0.00153528
2.54875	-5.16301	0.00139904
2.55125	-5.1681	0.00125933
2.55375	-5.16561	0.00195382
2.55625	-5.17143	0.00180004
2.55875	-5.17581	0.00245354
2.56125	-5.1785	0.00148902
2.56375	-5.17894	0.00216912
2.56625	-5.18676	0.00145523
2.56875	-5.18752	0.00196304
2.57125	-5.19107	0.00142309
2.57375	-5.1966	0.00161339
2.57625	-5.19844	0.00171209
2.57875	-5.20165	0.00121234
2.58125	-5.20473	0.00201466
2.58375	-5.21051	0.00127878
2.58625	-5.21177	0.00177684
2.58875	-5.21565	0.00208052
2.59125	-5.22297	0.00157579
2.59375	-5.22166	0.00240489
2.59625	-5.22721	0.00154851
2.59875	-5.23194	0.00205762
2.60125	-5.23581	0.00161701
2.60375	-5.23882	0.00240206
2.60625	-5.23904	0.00193632
2.60875	-5.24215	0.00252148
2.61125	-5.24735	0.00195434
2.61375	-5.25279	0.00268238
2.61625	-5.25766	0.00152087
2.61875	-5.25979	0.00188457
2.62125	-5.25962	0.00215532
2.62375	-5.26315	0.00167201
2.62625	-5.26948	0.00180084
2.62875	-5.27019	0.00227643
2.63125	-5.27626	0.00196638
2.63375	-5.27945	0.0018645
2.63625	-5.28192	0.00123076
2.63875	-5.28524	0.00183699
2.64125	-5.29008	0.00194005
2.64375	-5.29245	0.00259605
2.64625	-5.29756	0.00210987
2.64875	-5.30094	0.00174678
2.65125	-5.29875	0.00205409
2.65375	-5.30764	0.00163664
2.65625	-5.31061	0.00153944
2.65875	-5.30794	0.000649938
2.66125	-5.31556	0.00185732
2.66375	-5.32065	0.00200527
2.66625	-5.32084	0.0012683
2.66875	-5.32791	0.00230791
2.67125	-5.32666	0.00149395
2.67375	-5.33264	0.00293266
2.67625	-5.33526	0.00259051
2.67875	-5.34228	0.00137948
2.68125	-5.34139	0.00244075
2.68375	-5.34714	0.00248934
2.68625	-5.35204	0.00141493
2.68875	-5.35668	0.00222638
2.69125	-5.35848	0.00260296
2.69375	-5.3579	0.00187137
2.69625	-5.36149	0.0034162
2.69875	-5.36992	0.00227729
2.70125	-5.37005	0.00200626
2.70375	-5.37529	0.00159884
2.70625	-5.37687	0.00138611
2.70875	-5.3846	0.00159612
2.71125	-5.38432	0.00253366
2.71375	-5.38874	0.00165837
2.71625	-5.39038	0.00196188
2.71875	-5.3986	0.00150029
2.72125	-5.39685	0.001644
2.72375	-5.40269	0.00154399
2.72625	-5.40555	0.00155444
2.72875	-5.41081	0.00246452
2.73125	-5.41305	0.00147698
2.73375	-5.41488	0.0018137
2.73625	-5.41836	0.00194409
2.73875	-5.42027	0.00236635
2.74125	-5.42612	0.00220253
2.74375	-5.42851	0.00263084
2.74625	-5.43414	0.00288598
2.74875	-5.43808	0.001994
2.75125	-5.44031	0.00186631
2.75375	-5.44271	0.00223216
2.75625	-5.44773	0.00203343
2.75875	-5.45051	0.00230596
2.76125	-5.45274	0.00169447
2.76375	-5.45872	0.00312771
2.76625	-5.46291	0.00235683
2.76875	-5.4662	0.0020088
2.77125	-5.46664	0.00319273
2.77375	-5.4715	0.00165985
2.77625	-5.4743	0.00261094
2.77875	-5.47739	0.00252248
2.78125	-5.48326	0.00204369
2.78375	-5.4832	0.00185966
2.78625	-5.48924	0.00289028
2.78875	-5.49363	0.00177367
2.79125	-5.49695	0.00269804
2.79375	-5.49809	0.00194599
2.79625	-5.50223	0.00207492
2.79875	-5.50329	0.00269877
2.80125	-5.50995	0.00199967
2.80375	-5.51109	0.00200244
2.80625	-5.51132	0.00275434
2.80875	-5.52043	0.00221705
2.81125	-5.52452	0.00258722
2.81375	-5.52736	0.00299901
2.81625	-5.52776	0.00141513
2.81875	-5.53181	0.0018216
2.82125	-5.532	0.00265844
2.82375	-5.5416	0.0021595
2.82625	-5.54889	0.0021321
2.82875	-5.54524	0.00165257
2.83125	-5.55159	0.00135022
2.83375	-5.55527	0.00254534
2.83625	-5.55835	0.00299656
2.83875	-5.561	0.00240983
2.84125	-5.56457	0.00281033
2.84375	-5.56552	0.00208319
2.84625	-5.56534	0.00272351
2.84875	-5.57344	0.00302992
2.85125	-5.57311	0.00292559
2.85375	-5.58072	0.0022587
2.85625	-5.58498	0.00297741
2.85875	-5.5909	0.00203924
2.86125	-5.59123	0.00190014
2.86375	-5.59667	0.00314693
2.86625	-5.59718	0.00229602
2.86875	-5.60001	0.00130534
2.87125	-5.60138	0.00284697
2.87375	-5.60803	0.00218728
2.87625	-5.61473	0.000967045
2.87875	-5.61384	0.00281936
2.88125	-5.62179	0.00276526
2.88375	-5.62454	0.00221384
2.88625	-5.62397	0.00216077
2.88875	-5.62942	0.00163957
2.89125	-5.63399	0.00282874
2.89375	-5.63596	0.00187722
2.89625	-5.64064	0.0033416
2.89875	-5.64138	0.00448893
2.90125	-5.64254	0.00397391
2.90375	-5.64946	0.00196199
2.90625	-5.65444	0.00286726
2.90875	-5.65601	0.00211145
2.91125	-5.65814	0.0015518
2.91375	-5.66174	0.00212207
2.91625	-5.66404	0.0030902
2.91875	-5.67125	0.00256974
2.92125	-5.67658	0.00320975
2.92375	-5.67871	0.00203175
2.92625	-5.67629	0.00329396
2.92875	-5.68481	0.0022763
2.93125	-5.684	0.00279765
2.93375	-5.69186	0.00182445
2.93625	-5.6932	0.00286675
2.93875	-5.69976	0.00263303
2.94125	-5.69768	0.00223692
2.94375	-5.70066	0.00319004
2.94625	-5.71213	0.00208211
2.94875	-5.70865	0.00183893
2.95125	-5.71567	0.00226713
2.95375	-5.71988	0.00231997
2.95625	-5.7205	0.00302984
2.95875	-5.72611	0.00141306
2.96125	-5.72571	0.00181452
2.96375	-5.72921	0.00188216
2.96625	-5.73341	0.00258231
2.96875	-5.73956	0.00292547
2.97125	-5.73997	0.002691
2.97375	-5.7442	0.00188095
2.97625	-5.744	0.00284371
2.97875	-5.7489	0.0041199
2.98125	-5.75616	0.00300298
2.98375	-5.76037	0.00194735
2.98625	-5.76444	0.00174866
2.98875	-5.766	0.00272318
2.99125	-5.7698	0.00103045
2.99375	-5.77428	0.00205337
2.99625	-5.77768	0.00227492
2.99875	-5.77378	0.00326674
3.00125	-5.77585	0.0019192
3.00375	-5.78874	0.00206683
3.00625	-5.78972	0.00306307
3.00875	-5.79684	0.00272635
3.01125	-5.79844	0.00314225
3.01375	-5.79978	0.00120895
3.01625	-5.80303	0.00259605
3.01875	-5.80646	0.00179231
3.02125	-5.8132	0.00192932
3.02375	-5.81231	0.00267151
3.02625	-5.81903	0.00271523
3.02875	-5.81731	0.00336604
3.03125	-5.82368	0.00252777
3.03375	-5.82669	0.00204524
3.03625	-5.8317	0.00205125
3.03875	-5.82652	0.00230659
3.04125	-5.83465	0.00247122
3.04375	-5.84265	0.00312394
3.04625	-5.84538	0.00218739
3.04875	-5.84275	0.00297183
3.05125	-5.85189	0.00169664
3.05375	-5.85123	0.00310561
3.05625	-5.85429	0.00287273
3.05875	-5.85942	0.00201387
3.06125	-5.87027	0.00282729
3.06375	-5.86986	0.0026309
3.06625	-5.86871	0.00283846
3.06875	-5.87534	0.00210438
3.07125	-5.87827	0.0037567
3.07375	-5.88367	0.00400381
3.07625	-5.88397	0.00438077
3.07875	-5.88878	0.00303479
3.08125	-5.89173	0.00330839
3.08375	-5.89749	0.00437661
3.08625	-5.89801	0.00287064
3.08875	-5.90577	0.00261262
3.09125	-5.90764	0.00229684
3.09375	-5.90571	0.00174985
3.09625	-5.9109	0.00198033
3.09875	-5.90879	0.00147654
3.10125	-5.91765	0.00346856
3.10375	-5.92359	0.00225193
3.10625	-5.92373	0.00286086
3.10875	-5.93101	0.00322311
3.11125	-5.93185	0.00226165
3.11375	-5.93033	0.00360557
3.11625	-5.93776	0.00307896
3.11875	-5.94055	0.00204073
3.12125	-5.94473	0.00254934
3.12375	-5.94782	0.0022854
3.12625	-5.9501	0.00292627
3.12875	-5.95403	0.00245971
3.13125	-5.95595	0.00292322
3.13375	-5.96427	0.00170302
3.13625	-5.96663	0.00293065
3.13875	-5.96939	0.00360872
3.14125	-5.97748	0.00209985
3.14375	-5.97881	0.00201097
3.14625	-5.97889	0.00278705
3.14875	-5.98297	0.00279036
3.15125	-5.98893	0.0034775
3.15375	-5.99028	0.00324815
3.15625	-5.99556	0.00347524
3.15875	-5.99711	0.00336924
3.16125	-5.99844	0.00292825
3.16375	-6.0067	0.00274336
3.16625	-6.00733	0.00240221
3.16875	-6.00741	0.00282913
3.17125	-6.01825	0.00275758
3.17375	-6.01419	0.00307895
3.17625	-6.02114	0.00236909
3.17875	-6.02812	0.00208826
3.18125	-6.0291	0.00276964
3.18375	-6.0319	0.00336086
3.18625	-6.03679	0.00292509
3.18875	-6.03848	0.00312127
3.19125	-6.04417	0.00193154
3.19375	-6.04638	0.003177
3.19625	-6.04893	0.00259373
3.19875	-6.0501	0.00286499
3.20125	-6.05693	0.00272239
3.20375	-6.05716	0.00322518
3.20625	-6.06446	0.0031893
3.20875	-6.07029	0.00199316
3.21125	-6.06512	0.0042362
3.21375	-6.0737	0.00253617
3.21625	-6.07532	0.0035892
3.21875	-6.08122	0.00342802
3.22125	-6.07695	0.00338834
3.22375	-6.08628	0.00181587
3.22625	-6.08849	0.00161535
3.22875	-6.09493	0.00368474
3.23125	-6.09838	0.00263466
3.23375	-6.10459	0.00447189
3.23625	-6.10334	0.00369264
3.23875	-6.10912	0.00304056
3.24125	-6.11279	0.00220235
3.24375	-6.11078	0.00248771
3.24625	-6.11768	0.0037816
3.24875	-6.11567	0.0022929
3.25125	-6.12202	0.00361959
3.25375	-6.12793	0.00362017
3.25625	-6.13326	0.00347133
3.25875	-6.13404	0.001897
3.26125	-6.13355	0.0029923
3.26375	-6.14337	0.00249555
3.26625	-6.14266	0.00202007
3.26875	-6.14458	0.00209659
3.27125	-6.15383	0.00290757
3.27375	-6.15324	0.00348112
3.27625	-6.16113	0.00391439
3.27875	-6.16282	0.00261941
3.28125	-6.16038	0.00349954
3.28375	-6.16359	0.0031292
3.28625	-6.17303	0.00380933
3.28875	-6.1755	0.00355157
3.29125	-6.18559	0.00257207
3.29375	-6.18075	0.00256534
3.29625	-6.18408	0.00184276
3.29875	-6.19144	0.00172034
3.30125	-6.19324	0.00360565
3.30375	-6.19737	0.00233906
3.30625	-6.19664	0.00214133
3.30875	-6.19901	0.00276439
3.31125	-6.20467	0.00331805
3.31375	-6.21163	0.00438059
3.31625	-6.21653	0.00250454
3.31875	-6.21507	0.00310231
3.32125	-6.21674	0.00216312
3.32375	-6.21767	0.00337912
3.32625	-6.22404	0.0033583
3.32875	-6.22681	0.00286098
3.33125	-6.23218	0.00358439
3.33375	-6.23972	0.00309091
3.33625	-6.23867	0.00463578
3.33875	-6.2458	0.00312282
3.34125	-6.24424	0.00355321
3.34375	-6.2491	0.00362945
3.34625	-6.26364	0.00360109
3.34875	-6.25465	0.00246435
3.35125	-6.25653	0.00283976
3.35375	-6.25783	0.00404069
3.35625	-6.27113	0.00398864
3.35875	-6.27415	0.00254454
3.36125	-6.27298	0.00313108
3.36375	-6.28183	0.00394725
3.36625	-6.28448	0.00268453
3.36875	-6.27838	0.0051056
3.37125	-6.29113	0.00289243
3.37375	-6.29389	0.00484659
3.37625	-6.29561	0.00334628
3.37875	-6.30236	0.00379319
3.38125	-6.29626	0.00369227
3.38375	-6.303	0.0015353
3.38625	-6.31196	0.00363941
3.38875	-6.30867	0.00249876
3.39125	-6.3117	0.002994
3.39375	-6.31755	0.0028907
3.39625	-6.31823	0.00561627
3.39875	-6.3207	0.00318671
3.40125	-6.32382	0.00409556
3.40375	-6.33096	0.00276068
3.40625	-6.33546	0.00489908
3.40875	-6.33766	0.00411075
3.41125	-6.34528	0.00305418
3.41375	-6.34723	0.00281817
3.41625	-6.35023	0.00355483
3.41875	-6.34682	0.00370745
3.42125	-6.35386	0.00279157
3.42375	-6.36463	0.00405912
3.42625	-6.35846	0.00252869
3.42875	-6.37023	0.00322309
3.43125	-6.36674	0.00362614
3.43375	-6.36782	0.00316012
3.43625	-6.37304	0.00389609
3.43875	-6.37785	0.00300193
3.44125	-6.38029	0.00394634
3.44375	-6.38442	0.0039418
3.44625	-6.39415	0.00433955
3.44875	-6.39355	0.00397796
3.45125	-6.39642	0.00376388
3.45375	-6.39305	0.00347746
3.45625	-6.40385	0.00209562
3.45875	-6.40879	0.00365404
3.46125	-6.4069	0.00244982
3.46375	-6.40801	0.00361869
3.46625	-6.41741	0.00444832
3.46875	-6.4215	0.00411672
3.47125	-6.42431	0.00269822
3.47375	-6.42918	0.0025457
3.47625	-6.43104	0.00301533
3.47875	-6.43655	0.00322453
3.48125	-6.43731	0.00347524
3.48375	-6.43581	0.00479353
3.48625	-6.44331	0.00342285
3.48875	-6.45063	0.00513164
3.49125	-6.44576	0.00488867
3.49375	-6.44854	0.00295061
3.49625	-6.4575	0.00310262
3.49875	-6.46567	0.00343764
3.50125	-6.46205	0.00299461
3.50375	-6.46786	0.00368108
3.50625	-6.46358	0.00392627
3.50875	-6.4738	0.0019249
3.51125	-6.47748	0.00411251
3.51375	-6.48087	0.00377835
3.51625	-6.48675	0.0030407
3.51875	-6.48215	0.00426131
3.52125	-6.48644	0.00548015
3.52375	-6.48951	0.00296168
3.52625	-6.50111	0.00261847
3.52875	-6.50298	0.00426191
3.53125	-6.50138	0.00237956
3.53375	-6.50834	0.00471457
3.53625	-6.51023	0.00231317
3.53875	-6.51076	0.00246761
3.54125	-6.5171	0.00367716
3.54375	-6.52576	0.00315731
3.54625	-6.52247	0.00207782
3.54875	-6.52838	0.00363401
3.55125	-6.53323	0.00513585
3.55375	-6.53578	0.00386555
3.55625	-6.53535	0.00313108
3.55875	-6.54324	0.00572178
3.56125	-6.54781	0.00313458
3.56375	-6.54385	0.00409022
3.56625	-6.5501	0.00453258
3.56875	-6.56058	0.00391624
3.57125	-6.5543	0.00412739
3.57375	-6.56768	0.00519469
3.57625	-6.56511	0.00391612
3.57875	-6.57229	0.003526
3.58125	-6.57696	0.00396655
3.58375	-6.57353	0.00394449
3.58625	-6.57589	0.00456722
3.58875	-6.58029	0.00229171
3.59125	-6.58816	0.0034899
3.59375	-6.59535	0.00380008
3.59625	-6.59519	0.00341637
3.59875	-6.59563	0.00439142
3.60125	-6.59965	0.00393676
3.60375	-6.59951	0.0041117
3.60625	-6.60458	0.00366243
3.60875	-6.61039	0.00355314
3.61125	-6.61168	0.00539473
3.61375	-6.61994	0.00497275
3.61625	-6.61643	0.00419034
3.61875	-6.62182	0.0039183
3.62125	-6.62926	0.00354669
3.62375	-6.62907	0.00507831
3.62625	-6.63884	0.00446655
3.62875	-6.63916	0.00448706
3.63125	-6.63835	0.00385344
3.63375	-6.643	0.00399309
3.63625	-6.65392	0.00386237
3.63875	-6.65106	0.0027678
3.64125	-6.6489	0.00503187
3.64375	-6.65794	0.00399637
3.64625	-6.66096	0.00428863
3.64875	-6.6705	0.00341068
3.65125	-6.66694	0.00361601
3.65375	-6.67329	0.00440314
3.65625	-6.67247	0.00323998
3.65875	-6.67947	0.0032713
3.66125	-6.68524	0.00513443
3.66375	-6.68849	0.00337814
3.66625	-6.69039	0.00474803
3.66875	-6.69467	0.00349813
3.67125	-6.69984	0.00500166
3.67375	-6.69898	0.0029953
3.67625	-6.70419	0.0048477
3.67875	-6.70284	0.00477818
3.68125	-6.71304	0.00350778
3.68375	-6.7164	0.00409933
3.68625	-6.71124	0.003968
3.68875	-6.71942	0.00190001
3.69125	-6.72196	0.00512196
3.69375	-6.73317	0.00388463
3.69625	-6.72601	0.00268945
3.69875	-6.72911	0.00453723
3.70125	-6.73863	0.00319351
3.70375	-6.74147	0.00340888
3.70625	-6.73547	0.00297498
3.70875	-6.74561	0.0038774
3.71125	-6.7555	0.00375009
3.71375	-6.74873	0.00361892
3.71625	-6.75114	0.00337816
3.71875	-6.75349	0.00478215
3.72125	-6.76722	0.00540802
3.72375	-6.76455	0.00263686
3.72625	-6.76852	0.00349074
3.72875	-6.77373	0.00453414
3.73125	-6.76581	0.00502508
3.73375	-6.77519	0.00395578
3.73625	-6.78518	0.00612182
3.73875	-6.79059	0.00521343
3.74125	-6.78656	0.00499873
3.74375	-6.78853	0.00617628
3.74625	-6.79862	0.00437746
3.74875	-6.80049	0.00288191
3.75125	-6.79467	0.00345975
3.75375	-6.80893	0.00501877
3.75625	-6.80227	0.00321177
3.75875	-6.81372	0.00469042
3.76125	-6.81878	0.00367517
3.76375	-6.82005	0.00353827
3.76625	-6.82568	0.0028367
3.76875	-6.83607	0.00435137
3.77125	-6.83263	0.00514148
3.77375	-6.83692	0.0062363
3.77625	-6.83335	0.00221549
3.77875	-6.83766	0.00391889
3.78125	-6.84247	0.00380916
3.78375	-6.84208	0.00406954
3.78625	-6.84759	0.00274274
3.78875	-6.85082	0.00636534
3.79125	-6.85727	0.00312817
3.79375	-6.8575	0.00463821
3.79625	-6.86457	0.00481066
3.79875	-6.86813	0.0031183
3.80125	-6.86613	0.0050888
3.80375	-6.87668	0.00422517
3.80625	-6.87962	0.00403829
3.80875	-6.87306	0.00526689
3.81125	-6.88136	0.00482469
3.81375	-6.8783	0.00496336
3.81625	-6.89571	0.00196733
3.81875	-6.89409	0.00526192
3.82125	-6.89228	0.00573186
3.82375	-6.90396	0.0072874
3.82625	-6.90357	0.00356784
3.82875	-6.9104	0.00378243
3.83125	-6.91811	0.00504476
3.83375	-6.91369	0.00521644
3.83625	-6.9244	0.0044444
3.83875	-6.92342	0.003761
3.84125	-6.93072	0.00539274
3.84375	-6.93649	0.00467037
3.84625	-6.93226	0.00393781
3.84875	-6.93058	0.00318557
3.85125	-6.93498	0.00399974
3.85375	-6.94442	0.00514225
3.85625	-6.95657	0.00358032
3.85875	-6.94516	0.00472761
3.86125	-6.95736	0.00556868
3.86375	-6.95224	0.00574344
3.86625	-6.95719	0.00495963
3.86875	-6.95837	0.00300352
3.87125	-6.96055	0.00539651
3.87375	-6.97068	0.00513589
3.87625	-6.97014	0.00241131
3.87875	-6.97228	0.00283821
3.88125	-6.98161	0.00520954
3.88375	-6.97941	0.00467747
3.88625	-6.98609	0.00620498
3.88875	-6.98676	0.00460851
3.89125	-6.99804	0.00277599
3.89375	-7.00178	0.00424192
3.89625	-7.00349	0.00414362
3.89875	-7.00734	0.00487787
3.90125	-7.00367	0.00435334
3.90375	-7.00286	0.00401418
3.90625	-7.01546	0.00371421
3.90875	-7.01749	0.00653113
3.91125	-7.02827	0.00452296
3.91375	-7.02484	0.0077219
3.91625	-7.03258	0.00536963
3.91875	-7.02834	0.00542858
3.92125	-7.03803	0.00356442
3.92375	-7.04334	0.00284705
3.92625	-7.03778	0.00555737
3.92875	-7.04039	0.00261297
3.93125	-7.04501	0.00364942
3.93375	-7.04783	0.00427717
3.93625	-7.04928	0.00500068
3.93875	-7.05862	0.00612552
3.94125	-7.06373	0.00412971
3.94375	-7.06147	0.00463032
3.94625	-7.06802	0.00397377
3.94875	-7.07512	0.00340494
3.95125	-7.07233	0.00467072
3.95375	-7.08737	0.00397449
3.95625	-7.07952	0.00461577
3.95875	-7.08778	0.00441982
3.96125	-7.087	0.00499883
3.96375	-7.08452	0.00537345
3.96625	-7.08884	0.00309212
3.96875	-7.0992	0.00420691
3.97125	-7.09964	0.00411155
3.97375	-7.09836	0.00600177
3.97625	-7.10752	0.00304135
3.97875	-7.11382	0.00402838
3.98125	-7.11244	0.00319033
3.98375	-7.11852	0.00287534
3.98625	-7.11891	0.004477
3.98875	-7.12237	0.00630213
3.99125	-7.12094	0.00735415
3.99375	-7.13167	0.00590549
3.99625	-7.1361	0.0066919
3.99875	-7.13833	0.00244384
4.00125	-7.14722	0.00437437
4.00375	-7.14762	0.00515018
4.00625	-7.14914	0.00636076
4.00875	-7.14881	0.00593447
4.01125	-7.15921	0.00381438
4.01375	-7.16289	0.00570049
4.01625	-7.16122	0.00505573
4.01875	-7.16642	0.00680709
4.02125	-7.17378	0.00590508
4.02375	-7.16847	0.00454601
4.02625	-7.17606	0.00354985
4.02875	-7.17661	0.00480398
4.03125	-7.1797	0.0050668
4.03375	-7.18413	0.00309533
4.03625	-7.1921	0.00366548
4.03875	-7.19192	0.00258755
4.04125	-7.19192	0.0051188
4.04375	-7.20169	0.00873354
4.04625	-7.20692	0.00377227
4.04875	-7.20743	0.00720597
4.05125	-7.20614	0.0039281
4.05375	-7.20657	0.00478036
4.05625	-7.22382	0.00650335
4.05875	-7.22149	0.00615156
4.06125	-7.2264	0.00474888
4.06375	-7.2348	0.00882053
4.06625	-7.2254	0.00379904
4.06875	-7.23886	0.00781862
4.07125	-7.23442	0.00506625
4.07375	-7.24187	0.00449744
4.07625	-7.24966	0.00305251
4.07875	-7.25223	0.00545238
4.08125	-7.25359	0.00511658
4.08375	-7.26108	0.00645991
4.08625	-7.25404	0.00313861
4.08875	-7.25992	0.00724917
4.09125	-7.26912	0.00557608
4.09375	-7.27532	0.00607793
4.09625	-7.28138	0.00417676
4.09875	-7.27123	0.00633688
4.10125	-7.27985	0.00469296
4.10375	-7.28186	0.00476114
4.10625	-7.28272	0.0068427
4.10875	-7.28024	0.00777235
4.11125	-7.28568	0.00633056
4.11375	-7.29582	0.00519418
4.11625	-7.30118	0.00396615
4.11875	-7.30096	0.007055
4.12125	-7.30483	0.00479987
4.12375	-7.3088	0.00585477
4.12625	-7.31048	0.00417096
4.12875	-7.32323	0.00677494
4.13125	-7.31901	0.00372977
4.13375	-7.32344	0.0040122
4.13625	-7.32324	0.00568134
4.13875	-7.32778	0.00525546
4.14125	-7.33335	0.00694243
4.14375	-7.34127	0.00640037
4.14625	-7.33917	0.00573637
4.14875	-7.34059	0.00789803
4.15125	-7.33751	0.0056795
4.15375	-7.35256	0.00592937
4.15625	-7.3555	0.00629447
4.15875	-7.35426	0.00534381
4.16125	-7.35547	0.00384736
4.16375	-7.36257	0.00328741
4.16625	-7.37612	0.00792119
4.16875	-7.37361	0.00570509
4.17125	-7.37783	0.00444163
4.17375	-7.3785	0.00241916
4.17625	-7.38982	0.00620067
4.17875	-7.37287	0.0068492
4.18125	-7.38679	0.00726462
4.18375	-7.39613	0.00690071
4.18625	-7.38966	0.00490035
4.18875	-7.39807	0.00530541
4.19125	-7.39786	0.00546471
4.19375	-7.39928	0.00473257
4.19625	-7.40886	0.00585183
4.19875	-7.40894	0.00470903
4.20125	-7.41512	0.00626018
4.20375	-7.42181	0.00535623
4.20625	-7.42483	0.00729998
4.20875	-7.41931	0.00725214
4.21125	-7.42677	0.00475967
4.21375	-7.43385	0.00452092
4.21625	-7.43325	0.0051032
4.21875	-7.43489	0.00427486
4.22125	-7.43655	0.00772387
4.22375	-7.44717	0.00699413
4.22625	-7.43837	0.00621172
4.22875	-7.44944	0.00389375
4.23125	-7.45063	0.00563947
4.23375	-7.46011	0.00381883
4.23625	-7.46199	0.00523701
4.23875	-7.45889	0.00899496
4.24125	-7.47383	0.00485774
4.24375	-7.47177	0.00343856
4.24625	-7.47274	0.0043984
4.24875	-7.48506	0.00449092
4.25125	-7.49392	0.0065915
4.25375	-7.4895	0.00473912
4.25625	-7.50013	0.00611098
4.25875	-7.48951	0.00476719
4.26125	-7.49401	0.00347252
4.26375	-7.49844	0.00444622
4.26625	-7.50661	0.00374751
4.26875	-7.49132	0.00548775
4.27125	-7.50412	0.00593632
4.27375	-7.50876	0.00416151
4.27625	-7.52197	0.00721483
4.27875	-7.52051	0.00410395
4.28125	-7.51868	0.00390074
4.28375	-7.53219	0.00355043
4.28625	-7.52472	0.00626759
4.28875	-7.53449	0.00594101
4.29125	-7.52957	0.0040995
4.29375	-7.54748	0.00579874
4.29625	-7.53842	0.0046018
4.29875	-7.55291	0.00695432
4.30125	-7.55467	0.0050888
4.30375	-7.53702	0.00691503
4.30625	-7.55652	0.00762782
4.30875	-7.56534	0.00435859
4.31125	-7.56041	0.00573188
4.31375	-7.56998	0.00404663
4.31625	-7.56224	0.00782922
4.31875	-7.5697	0.00467622
4.32125	-7.58153	0.00768544
4.32375	-7.5751	0.00316016
4.32625	-7.5731	0.00654376
4.32875	-7.58643	0.00629787
4.33125	-7.58448	0.00732575
4.33375	-7.59244	0.00468987
4.33625	-7.59654	0.00654546
4.33875	-7.5986	0.00816945
4.34125	-7.59786	0.0047372
4.34375	-7.6049	0.00839004
4.34625	-7.6167	0.00522304
4.34875	-7.60554	0.00768494
4.35125	-7.60329	0.00567432
4.35375	-7.61491	0.00796065
4.35625	-7.6336	0.00638279
4.35875	-7.63545	0.00593265
4.36125	-7.62658	0.00745952
4.36375	-7.63729	0.0101777
4.36625	-7.63585	0.00553944
4.36875	-7.63981	0.00606227
4.37125	-7.65132	0.00406942
4.37375	-7.64667	0.00419626
4.37625	-7.64888	0.00420825
4.37875	-7.64628	0.006609
4.38125	-7.66124	0.010342
4.38375	-7.65483	0.00601346
4.38625	-7.65351	0.00426588
4.38875	-7.66184	0.00826076
4.39125	-7.6655	0.00708592
4.39375	-7.68779	0.0107746
4.39625	-7.67698	0.00843643
4.39875	-7.68501	0.0104337
4.40125	-7.6808	0.00690707
4.40375	-7.68639	0.00396647
4.40625	-7.70238	0.0073706
4.40875	-7.70404	0.00661138
4.41125	-7.70201	0.00711402
4.41375	-7.70936	0.00703005
4.41625	-7.70669	0.00764446
4.41875	-7.70235	0.00521314
4.42125	-7.72107	0.00652537
4.42375	-7.71571	0.00451038
4.42625	-7.71944	0.00599157
4.42875	-7.72871	0.00708571
4.43125	-7.71334	0.0068207
4.43375	-7.71985	0.00648784
4.43625	-7.7432	0.00648057
4.43875	-7.73538	0.00970548
4.44125	-7.73574	0.00750626
4.44375	-7.73948	0.00710899
4.44625	-7.73458	0.0043676
4.44875	-7.75074	0.00657747
4.45125	-7.73562	0.0065397
4.45375	-7.75557	0.00610599
4.45625	-7.75837	0.00488176
4.45875	-7.75954	0.00826061
4.46125	-7.76892	0.00530656
4.46375	-7.7741	0.00541773
4.46625	-7.77763	0.00584919
4.46875	-7.77462	0.00608388
4.47125	-7.7797	0.00789067
4.47375	-7.78729	0.0059398
4.47625	-7.79526	0.00665988
4.47875	-7.78919	0.00532937
4.48125	-7.78319	0.00317341
4.48375	-7.80261	0.0066382
4.48625	-7.79865	0.00391421
4.48875	-7.80853	0.00595209
4.49125	-7.80308	0.00899034
4.49375	-7.81426	0.00649938
4.49625	-7.82407	0.00726453
4.49875	-7.82493	0.00520716
4.50125	-7.81731	0.0091861
4.50375	-7.82349	0.0029049
4.50625	-7.82847	0.00902277
4.50875	-7.83369	0.00511266
4.51125	-7.82273	0.00839997
4.51375	-7.82764	0.00826123
4.51625	-7.84554	0.00438814
4.51875	-7.84841	0.00700259
4.52125	-7.85228	0.00702956
4.52375	-7.84903	0.00637641
4.52625	-7.85866	0.00415416
4.52875	-7.86454	0.00947553
4.53125	-7.85426	0.0072739
4.53375	-7.84474	0.00520211
4.53625	-7.8819	0.00745383
4.53875	-7.86549	0.00627796
4.54125	-7.87296	0.00662095
4.54375	-7.87003	0.00869669
4.54625	-7.884	0.00435989
4.54875	-7.88062	0.0058583
4.55125	-7.88546	0.00826379
4.55375	-7.8943	0.00534177
4.55625	-7.89842	0.00902618
4.55875	-7.91301	0.0068977
4.56125	-7.90687	0.00636524
4.56375	-7.91546	0.00750154
4.56625	-7.91255	0.00775758
4.56875	-7.91366	0.00561675
4.57125	-7.90744	0.00549967
4.57375	-7.91855	0.00885375
4.57625	-7.9144	0.0105564
4.57875	-7.92611	0.00575602
4.58125	-7.93124	0.00555321
4.58375	-7.9374	0.00721475
4.58625	-7.93844	0.00783523
4.58875	-7.93935	0.00692859
4.59125	-7.9506	0.00566637
4.59375	-7.95293	0.00551439
4.59625	-7.95627	0.00709229
4.59875	-7.96228	0.00846525
4.60125	-7.95191	0.0111973
4.60375	-7.9595	0.0070253
4.60625	-7.96285	0.0053877
4.60875	-7.96368	0.0101221
4.61125	-7.97591	0.00663552
4.61375	-7.97639	0.00843029
4.61625	-7.97965	0.00990617
4.61875	-7.97109	0.0073811
4.62125	-7.98574	0.00755848
4.62375	-7.98882	0.0104756
4.62625	-7.99833	0.00465376
4.62875	-7.98998	0.00622733
4.63125	-8.01165	0.0068241
4.63375	-7.9968	0.011077
4.63625	-8.00577	0.00884258
4.63875	-7.99887	0.00900901
4.64125	-8.00882	0.00799977
4.64375	-8.02682	0.0107645
4.64625	-8.01933	0.006572
4.64875	-8.01314	0.00531161
4.65125	-8.01351	0.00656483
4.65375	-8.01922	0.00837643
4.65625	-8.02877	0.00724684
4.65875	-8.02494	0.00877396
4.66125	-8.05026	0.00718415
4.66375	-8.03754	0.00643112
4.66625	-8.04322	0.00764924
4.66875	-8.04044	0.00662712
4.67125	-8.04346	0.00770132
4.67375	-8.04575	0.00873821
4.67625	-8.05822	0.0108002
4.67875	-8.0627	0.00787264
4.68125	-8.05483	0.00491196
4.68375	-8.0714	0.00788195
4.68625	-8.05221	0.0067275
4.68875	-8.06843	0.00955139
4.69125	-8.07254	0.0112802
4.69375	-8.07615	0.00867772
4.69625	-8.08833	0.00833368
4.69875	-8.07342	0.00989432
4.70125	-8.10022	0.00736326
4.70375	-8.08922	0.00769234
4.70625	-8.09019	0.00765037
4.70875	-8.09697	0.00733775
4.71125	-8.10549	0.00762796
4.71375	-8.09069	0.0101075
4.71625	-8.09761	0.00775282
4.71875	-8.1158	0.00752802
4.72125	-8.12444	0.0101299
4.72375	-8.12385	0.00824989
4.72625	-8.13154	0.00873085
4.72875	-8.12237	0.0110158
4.73125	-8.13741	0.00611421
4.73375	-8.14599	0.00786854
4.73625	-8.14682	0.00715249
4.73875	-8.14507	0.00488056
4.74125	-8.13958	0.0102681
4.74375	-8.1505	0.00422153
4.74625	-8.16207	0.00742922
4.74875	-8.15445	0.0086976
4.75125	-8.15968	0.00487555
4.75375	-8.16711	0.00953353
4.75625	-8.16691	0.00602729
4.75875	-8.17079	0.0114997
4.76125	-8.17058	0.00893507
4.76375	-8.16681	0.0104483
4.76625	-8.17808	0.00881281
4.76875	-8.17976	0.00817315
4.77125	-8.19197	0.00971438
4.77375	-8.1925	0.00947876
4.77625	-8.19349	0.00849046
4.77875	-8.19402	0.00973282
4.78125	-8.20117	0.0122244
4.78375	-8.19695	0.0104775
4.78625	-8.20099	0.0102102
4.78875	-8.20646	0.0092873
4.79125	-8.2117	0.00696255
4.79375	-8.23343	0.00935244
4.79625	-8.22977	0.00820095
4.79875	-8.22978	0.00742933
4.80125	-8.22317	0.00646821
4.80375	-8.23544	0.00856106
4.80625	-8.2373	0.00574712
4.80875	-8.2231	0.00599634
4.81125	-8.23621	0.0103821
4.81375	-8.23694	0.00451382
4.81625	-8.23226	0.00622048
4.81875	-8.26098	0.00749568
4.82125	-8.26125	0.00825127
4.82375	-8.25449	0.00684733
4.82625	-8.26357	0.00852816
4.82875	-8.25767	0.00664112
4.83125	-8.27394	0.0041383
4.83375	-8.27953	0.0126232
4.83625	-8.28481	0.00796727
4.83875	-8.25905	0.0101494
4.84125	-8.27311	0.00409355
4.84375	-8.29042	0.00672736
4.84625	-8.26739	0.00566212
4.84875	-8.28743	0.00570644
4.85125	-8.284	0.0105923
4.85375	-8.29767	0.00816174
4.85625	-8.29339	0.00982464
4.85875	-8.3015	0.0082407
4.86125	-8.29863	0.00577466
4.86375	-8.31442	0.008364
4.86625	-8.30882	0.0084834
4.86875	-8.31714	0.0092027
4.87125	-8.32093	0.00814201
4.87375	-8.32479	0.00543848
4.87625	-8.32624	0.0123245
4.87875	-8.31738	0.00814874
4.88125	-8.3406	0.0108004
4.88375	-8.33879	0.0082599
4.88625	-8.3409	0.00570349
4.88875	-8.35068	0.0104752
4.89125	-8.34638	0.00483508
4.89375	-8.35448	0.00796035
4.89625	-8.35648	0.00984518
4.89875	-8.36179	0.00745136
4.90125	-8.36211	0.013028
4.90375	-8.35782	0.0110983
4.90625	-8.38351	0.00824823
4.90875	-8.38133	0.0120752
4.91125	-8.39926	0.00844862
4.91375	-8.37859	0.00709778
4.91625	-8.37937	0.00928773
4.91875	-8.37666	0.00926356
4.92125	-8.38959	0.00881093
4.92375	-8.41143	0.00619902
4.92625	-8.40457	0.00631841
4.92875	-8.40065	0.00957902
4.93125	-8.41835	0.0112364
4.93375	-8.41667	0.00418402
4.93625	-8.41763	0.0063091
4.93875	-8.4093	0.00756275
4.94125	-8.405	0.0110642
4.94375	-8.40901	0.00737189
4.94625	-8.4199	0.0062467
4.94875	-8.41238	0.00660287
4.95125	-8.42756	0.00900735
4.95375	-8.42443	0.00700026
4.95625	-8.42732	0.0102988
4.95875	-8.43528	0.00937887
4.96125	-8.42754	0.010622
4.96375	-8.44738	0.0113631
4.96625	-8.44976	0.0102914
4.96875	-8.45423	0.0103356
4.97125	-8.45099	0.00736063
4.97375	-8.45839	0.0136261
4.97625	-8.45879	0.00665372
4.97875	-8.47565	0.00720669
4.98125	-8.48022	0.0116345
4.98375	-8.47174	0.00756799
4.98625	-8.46724	0.0116505
4.98875	-8.47773	0.00634803
4.99125	-8.49736	0.00629622
4.99375	-8.50281	0.00797875
4.99625	-8.50369	0.00642904
4.99875	-8.50796	0.00786183
5.00125	-8.5002	0.00857008
5.00375	-8.49251	0.00781784
5.00625	-8.48166	0.0132261
5.00875	-8.53326	0.00947554
5.01125	-8.51212	0.0106639
5.01375	-8.51395	0.0106476
5.01625	-8.51917	0.0114939
5.01875	-8.51916	0.00620513
5.02125	-8.51206	0.0134142
5.02375	-8.53139	0.00892199
5.02625	-8.52857	0.00579855
5.02875	-8.52641	0.00865201
5.03125	-8.52842	0.0149536
5.03375	-8.54879	0.00977332
5.03625	-8.53869	0.0106782
5.03875	-8.54573	0.0135787
5.04125	-8.54222	0.00965141
5.04375	-8.54585	0.00841928
5.04625	-8.55726	0.0127225
5.04875	-8.57752	0.00568631
5.05125	-8.56589	0.00700198
5.05375	-8.56052	0.0125942
5.05625	-8.57575	0.00673751
5.05875	-8.57181	0.0143493
5.06125	-8.57586	0.011839
5.06375	-8.59419	0.00868717
5.06625	-8.58621	0.0129628
5.06875	-8.58614	0.0063338
5.07125	-8.58341	0.0109648
5.07375	-8.58638	0.0092511
5.07625	-8.58988	0.0129757
5.07875	-8.60246	0.0144746
5.08125	-8.59659	0.00697887
5.08375	-8.63046	0.00787057
5.08625	-8.61592	0.00875726
5.08875	-8.59579	0.0129167
5.09125	-8.60947	0.00935328
5.09375	-8.64141	0.00909221
5.09625	-8.62861	0.00969172
5.09875	-8.63779	0.0109646
5.10125	-8.62194	0.0150304
5.10375	-8.64814	0.0153945
5.10625	-8.66094	0.00795974
5.10875	-8.64198	0.00672337
5.11125	-8.64898	0.0143729
5.11375	-8.65397	0.00588206
5.11625	-8.6487	0.00784339
5.11875	-8.65805	0.00702783
