0.00125	-0.00745579	0.000117621
0.00375	-0.0215367	0.000109791
0.00625	-0.0356351	9.15195e-05
0.00875	-0.0495225	0.000136604
0.01125	-0.0629291	0.000109233
0.01375	-0.0765226	0.000181306
0.01625	-0.0895917	0.000137975
0.01875	-0.102866	0.000165572
0.02125	-0.115868	0.000162337
0.02375	-0.128743	0.000169544
0.02625	-0.141583	0.000146679
0.02875	-0.154377	0.000162743
0.03125	-0.166866	0.000162857
0.03375	-0.179501	0.000172126
0.03625	-0.19186	0.000149608
0.03875	-0.20402	0.000148911
0.04125	-0.216317	0.000179742
0.04375	-0.22798	0.000134194
0.04625	-0.240407	0.000166412
0.04875	-0.252467	0.000172103
0.05125	-0.264468	0.000120739
0.05375	-0.276394	0.00011339
0.05625	-0.287869	0.000243836
0.05875	-0.299639	0.000142607
0.06125	-0.311276	0.000135674
0.06375	-0.322526	0.000157727
0.06625	-0.334239	0.000170169
0.06875	-0.345678	0.00014723
0.07125	-0.356921	0.000164173
0.07375	-0.368457	0.000240456
0.07625	-0.379587	0.000189562
0.07875	-0.390328	0.000172235
0.08125	-0.401933	0.000140749
0.08375	-0.412625	0.000274134
0.08625	-0.423706	0.000216553
0.08875	-0.434595	0.000141675
0.09125	-0.445663	0.000150562
0.09375	-0.456509	0.000163228
0.09625	-0.467034	0.000182462
0.09875	-0.478248	0.0001722
0.10125	-0.488771	0.000121083
0.10375	-0.499153	0.000137145
0.10625	-0.510208	0.000152309
0.10875	-0.520016	0.000197592
0.11125	-0.531055	9.79602e-05
0.11375	-0.541142	0.000203605
0.11625	-0.551696	0.000147136
0.11875	-0.562018	0.000228533
0.12125	-0.572345	0.000131721
0.12375	-0.582675	0.000227668
0.12625	-0.593018	0.0001299
0.12875	-0.602769	0.000253034
0.13125	-0.613068	0.000272442
0.13375	-0.623144	0.000183106
0.13625	-0.633296	0.000151868
0.13875	-0.643034	0.000194562
0.14125	-0.653331	0.000200028
0.14375	-0.663087	0.000219225
0.14625	-0.672731	0.00016435
0.14875	-0.682685	0.00018364
0.15125	-0.692593	0.000174182
0.15375	-0.702357	0.000197857
0.15625	-0.712009	0.000207547
0.15875	-0.721948	0.000233545
0.16125	-0.73133	0.000195134
0.16375	-0.740995	0.000278446
0.16625	-0.750443	0.000196256
0.16875	-0.759895	0.000182557
0.17125	-0.769267	0.00016365
0.17375	-0.779187	0.000169009
0.17625	-0.788187	0.000202534
0.17875	-0.79754	0.00034949
0.18125	-0.806889	0.0002725
0.18375	-0.816068	0.0002589
0.18625	-0.825443	0.000230015
0.18875	-0.834979	0.000232051
0.19125	-0.843956	0.000227915
0.19375	-0.85326	0.000177374
0.19625	-0.862431	0.00017362
0.19875	-0.871395	0.0001525
0.20125	-0.880518	0.000263636
0.20375	-0.889859	0.000384105
0.20625	-0.898523	0.000284276
0.20875	-0.907187	0.000278731
0.21125	-0.916304	0.000252532
0.21375	-0.925128	0.000231172
0.21625	-0.933927	0.000308939
0.21875	-0.942792	0.000264664
0.22125	-0.951945	0.000277829
0.22375	-0.960608	0.000180088
0.22625	-0.969209	0.000257204
0.22875	-0.978229	0.00033744
0.23125	-0.98688	0.000349736
0.23375	-0.995553	0.000227197
0.23625	-1.00398	0.000275541
0.23875	-1.01251	0.000343419
0.24125	-1.02144	0.000372698
0.24375	-1.02974	0.00033343
0.24625	-1.03816	0.000274738
0.24875	-1.04662	0.000240588
0.25125	-1.05546	0.000388728
0.25375	-1.06375	0.000330539
0.25625	-1.0723	0.000396272
0.25875	-1.08056	0.000280423
0.26125	-1.08915	0.000299612
0.26375	-1.09711	0.00029414
0.26625	-1.10521	0.000281433
0.26875	-1.11369	0.000274792
0.27125	-1.12217	0.000285806
0.27375	-1.12965	0.000394124
0.27625	-1.13859	0.0003676
0.27875	-1.14676	0.000304671
0.28125	-1.15452	0.000438965
0.28375	-1.16239	0.000298274
0.28625	-1.17086	0.000383545
0.28875	-1.17905	0.000243563
0.29125	-1.18719	0.00033078
0.29375	-1.19495	0.000276362
0.29625	-1.20276	0.000363226
0.29875	-1.21111	0.000494619
0.30125	-1.21847	0.0002256
0.30375	-1.22676	0.000480865
0.30625	-1.23439	0.00033545
0.30875	-1.24243	0.000266809
0.31125	-1.25039	0.000395923
0.31375	-1.25821	0.000495482
0.31625	-1.26545	0.000293174
0.31875	-1.27365	0.000408531
0.32125	-1.28172	0.00037551
0.32375	-1.28943	0.000433456
0.32625	-1.29681	0.000244786
0.32875	-1.30439	0.000573783
0.33125	-1.31202	0.000305485
0.33375	-1.31944	0.000584975
0.33625	-1.32793	0.00033259
0.33875	-1.33502	0.000398398
0.34125	-1.3427	0.000364005
0.34375	-1.35009	0.000292826
0.34625	-1.35781	0.000328123
0.34875	-1.3655	0.000372406
0.35125	-1.37304	0.000379466
0.35375	-1.38014	0.000329847
0.35625	-1.38731	0.000520798
0.35875	-1.39487	0.000528162
0.36125	-1.40235	0.000511739
0.36375	-1.40952	0.000565654
0.36625	-1.41731	0.00038118
0.36875	-1.42461	0.000432757
0.37125	-1.43135	0.000436173
0.37375	-1.43892	0.00050623
0.37625	-1.44603	0.000399563
0.37875	-1.45319	0.000438542
0.38125	-1.46086	0.000511734
0.38375	-1.46735	0.000521958
0.38625	-1.47481	0.00052322
0.38875	-1.4822	0.000436757
0.39125	-1.48944	0.000515795
0.39375	-1.49704	0.000490411
0.39625	-1.50355	0.000633138
0.39875	-1.51063	0.000525106
0.40125	-1.51817	0.00043252
0.40375	-1.5249	0.000504061
0.40625	-1.53205	0.000614474
0.40875	-1.53893	0.000419494
0.41125	-1.54621	0.000469488
0.41375	-1.55282	0.000542727
0.41625	-1.56103	0.000563057
0.41875	-1.56726	0.000427531
0.42125	-1.57383	0.000477526
0.42375	-1.5808	0.000447438
0.42625	-1.5879	0.000576299
0.42875	-1.59465	0.000537819
0.43125	-1.60157	0.000428113
0.43375	-1.60867	0.00059222
0.43625	-1.61482	0.000492683
0.43875	-1.62182	0.000463561
0.44125	-1.62829	0.000405718
0.44375	-1.63495	0.000591689
0.44625	-1.64201	0.000538059
0.44875	-1.64873	0.000563685
0.45125	-1.65619	0.000530267
0.45375	-1.66249	0.000533957
0.45625	-1.6691	0.000656582
0.45875	-1.67474	0.000562982
0.46125	-1.6827	0.000506266
0.46375	-1.68849	0.000546354
0.46625	-1.69526	0.000598584
0.46875	-1.70226	0.000550044
0.47125	-1.70907	0.000658083
0.47375	-1.71477	0.000675604
0.47625	-1.7224	0.000451612
0.47875	-1.7291	0.000657102
0.48125	-1.73459	0.000492964
0.48375	-1.74099	0.000632667
0.48625	-1.74787	0.000711729
0.48875	-1.75449	0.000528933
0.49125	-1.76049	0.000585159
0.49375	-1.76728	0.0005252
0.49625	-1.77404	0.000673655
0.49875	-1.78057	0.000578918
0.50125	-1.78625	0.000410408
0.50375	-1.79206	0.000657708
0.50625	-1.79897	0.000753986
0.50875	-1.80541	0.000753083
0.51125	-1.81224	0.000627475
0.51375	-1.81847	0.000954397
0.51625	-1.82484	0.000700363
0.51875	-1.83065	0.00054468
0.52125	-1.83686	0.000737999
0.52375	-1.84369	0.000650451
0.52625	-1.84955	0.000655337
0.52875	-1.85567	0.000714724
0.53125	-1.86141	0.000667173
0.53375	-1.86849	0.000646989
0.53625	-1.87461	0.000686921
0.53875	-1.88058	0.000742607
0.54125	-1.88714	0.000589024
0.54375	-1.89251	0.000795642
0.54625	-1.89916	0.000734614
0.54875	-1.90514	0.000639929
0.55125	-1.91148	0.00078288
0.55375	-1.91774	0.00101713
0.55625	-1.92408	0.000839635
0.55875	-1.92979	0.000785765
0.56125	-1.93645	0.000789202
0.56375	-1.94203	0.000658012
0.56625	-1.94747	0.000645505
0.56875	-1.95311	0.000803714
0.57125	-1.95998	0.000813714
0.57375	-1.96554	0.000512392
0.57625	-1.97144	0.000730938
0.57875	-1.9778	0.000850444
0.58125	-1.98323	0.000904802
0.58375	-1.99013	0.000556037
0.58625	-1.99664	0.000891736
0.58875	-2.00143	0.000853802
0.59125	-2.00715	0.00077805
0.59375	-2.01305	0.000805157
0.59625	-2.01897	0.00094575
0.59875	-2.02412	0.000918532
0.60125	-2.03048	0.000590313
0.60375	-2.03691	0.00098752
0.60625	-2.04258	0.000736193
0.60875	-2.04847	0.000716448
0.61125	-2.05427	0.000917918
0.61375	-2.0596	0.000919898
0.61625	-2.06596	0.000879369
0.61875	-2.07126	0.000861294
0.62125	-2.07693	0.000880317
0.62375	-2.08287	0.000897394
0.62625	-2.08865	0.000826202
0.62875	-2.09409	0.000740477
0.63125	-2.09951	0.0010203
0.63375	-2.10621	0.00105819
0.63625	-2.11108	0.00089221
0.63875	-2.11673	0.000730497
0.64125	-2.1227	0.00103082
0.64375	-2.12828	0.000824352
0.64625	-2.13397	0.000881606
0.64875	-2.14023	0.00101506
0.65125	-2.1451	0.000865448
0.65375	-2.15072	0.000820943
0.65625	-2.15631	0.00114029
0.65875	-2.16194	0.000871168
0.66125	-2.16666	0.000884457
0.66375	-2.17323	0.00104344
0.66625	-2.17868	0.00108319
0.66875	-2.18373	0.00111256
0.67125	-2.19014	0.00079436
0.67375	-2.19495	0.00114527
0.67625	-2.20089	0.000723476
0.67875	-2.20683	0.00118766
0.68125	-2.21144	0.000946396
0.68375	-2.21733	0.000829148
0.68625	-2.22256	0.00108865
0.68875	-2.22861	0.00116272
0.69125	-2.23388	0.00114674
0.69375	-2.23963	0.00104738
0.69625	-2.2446	0.000884481
0.69875	-2.24971	0.00096939
0.70125	-2.25476	0.00088111
0.70375	-2.26036	0.000975468
0.70625	-2.26636	0.000905615
0.70875	-2.27079	0.000986518
0.71125	-2.27694	0.000988198
0.71375	-2.28161	0.001148
0.71625	-2.28749	0.000985488
0.71875	-2.29286	0.00104844
0.72125	-2.29729	0.000996625
0.72375	-2.30389	0.000879781
0.72625	-2.3086	0.00104549
0.72875	-2.31385	0.00104917
0.73125	-2.31997	0.000924562
0.73375	-2.32459	0.00118103
0.73625	-2.32983	0.0011205
0.73875	-2.33548	0.00129285
0.74125	-2.34102	0.00125786
0.74375	-2.34558	0.000853594
0.74625	-2.35129	0.00101664
0.74875	-2.35612	0.000871032
0.75125	-2.36119	0.00117825
0.75375	-2.36628	0.00122937
0.75625	-2.37151	0.00116665
0.75875	-2.37782	0.00115481
0.76125	-2.38146	0.00117235
0.76375	-2.38757	0.000936659
0.76625	-2.39278	0.00109299
0.76875	-2.39732	0.00131093
0.77125	-2.40255	0.00115895
0.77375	-2.40845	0.00117688
0.77625	-2.41312	0.00141184
0.77875	-2.41831	0.00106086
0.78125	-2.42208	0.00123644
0.78375	-2.42885	0.00113224
0.78625	-2.43355	0.00109035
0.78875	-2.43765	0.00100898
0.79125	-2.4433	0.00124847
0.79375	-2.44849	0.00131532
0.79625	-2.4538	0.00103442
0.79875	-2.45866	0.00113212
0.80125	-2.46329	0.00111197
0.80375	-2.46932	0.00126821
0.80625	-2.4733	0.00102409
0.80875	-2.4788	0.00104484
0.81125	-2.48363	0.00156289
0.81375	-2.48879	0.00134451
0.81625	-2.49358	0.00119711
0.81875	-2.49881	0.00126057
0.82125	-2.50469	0.000957545
0.82375	-2.50906	0.00129583
0.82625	-2.51381	0.00128199
0.82875	-2.5188	0.00135407
0.83125	-2.52401	0.00143787
0.83375	-2.52837	0.00153516
0.83625	-2.53342	0.00129841
0.83875	-2.53818	0.00143512
0.84125	-2.54381	0.0014187
0.84375	-2.54862	0.00133755
0.84625	-2.55289	0.00120976
0.84875	-2.55925	0.00132985
0.85125	-2.56289	0.0014488
0.85375	-2.56779	0.001529
0.85625	-2.57292	0.00135877
0.85875	-2.57828	0.00127539
0.86125	-2.58337	0.00127039
0.86375	-2.58739	0.00133294
0.86625	-2.59204	0.00168016
0.86875	-2.5977	0.00140138
0.87125	-2.60156	0.00131112
0.87375	-2.60692	0.001414
0.87625	-2.61102	0.00121048
0.87875	-2.61642	0.00147614
0.88125	-2.62193	0.00128418
0.88375	-2.62535	0.00126857
0.88625	-2.63059	0.00168877
0.88875	-2.63535	0.00110167
0.89125	-2.63996	0.00150078
0.89375	-2.64428	0.00159395
0.89625	-2.64974	0.00153398
0.89875	-2.65364	0.00160891
0.90125	-2.65889	0.00175579
0.90375	-2.66442	0.00130143
0.90625	-2.66971	0.0015107
0.90875	-2.67335	0.00170591
0.91125	-2.67901	0.0016619
0.91375	-2.68269	0.00166126
0.91625	-2.6875	0.0014549
0.91875	-2.69167	0.00137537
0.92125	-2.6958	0.00127875
0.92375	-2.70133	0.00116896
0.92625	-2.70731	0.00150877
0.92875	-2.71065	0.00111765
0.93125	-2.71633	0.00146742
0.93375	-2.72051	0.00139585
0.93625	-2.72436	0.00158844
0.93875	-2.72919	0.00155664
0.94125	-2.73504	0.00143084
0.94375	-2.73953	0.00166118
0.94625	-2.74349	0.00123147
0.94875	-2.74907	0.00145523
0.95125	-2.75202	0.00141478
0.95375	-2.75843	0.00139302
0.95625	-2.76226	0.0013602
0.95875	-2.76732	0.00171967
0.96125	-2.77109	0.00177414
0.96375	-2.77588	0.00153915
0.96625	-2.78079	0.00147728
0.96875	-2.7857	0.00134331
0.97125	-2.78909	0.00151902
0.97375	-2.79485	0.00165625
0.97625	-2.79923	0.0018686
0.97875	-2.8041	0.00182874
0.98125	-2.80725	0.0014959
0.98375	-2.81304	0.00172501
0.98625	-2.81694	0.00178861
0.98875	-2.82159	0.00137366
0.99125	-2.82576	0.0015964
0.99375	-2.83096	0.00156714
0.99625	-2.83521	0.00160526
0.99875	-2.83963	0.00178712
1.00125	-2.84455	0.00190123
1.00375	-2.84828	0.00187921
1.00625	-2.85237	0.00186715
1.00875	-2.85881	0.00144947
1.01125	-2.86239	0.00198015
1.01375	-2.8678	0.0017558
1.01625	-2.87162	0.00133315
1.01875	-2.87616	0.00175959
1.02125	-2.88075	0.00178988
1.02375	-2.88552	0.0014396
1.02625	-2.8894	0.00174268
1.02875	-2.89388	0.00169727
1.03125	-2.89816	0.0015889
1.03375	-2.90238	0.00165573
1.03625	-2.90727	0.00211842
1.03875	-2.91145	0.00153871
1.04125	-2.91601	0.00162945
1.04375	-2.92117	0.00175259
1.04625	-2.92498	0.00175389
1.04875	-2.92873	0.00160867
1.05125	-2.93281	0.00197009
1.05375	-2.93843	0.00187369
1.05625	-2.94227	0.00177493
1.05875	-2.94703	0.00174347
1.06125	-2.95156	0.00177298
1.06375	-2.95503	0.00169956
1.06625	-2.95955	0.00182163
1.06875	-2.96341	0.00176573
1.07125	-2.96786	0.00182372
1.07375	-2.97229	0.00156342
1.07625	-2.97728	0.00184124
1.07875	-2.98164	0.00148409
1.08125	-2.98539	0.00173363
1.08375	-2.99024	0.00213136
1.08625	-2.9946	0.00183842
1.08875	-2.99855	0.0014909
1.09125	-3.00265	0.00205589
1.09375	-3.00767	0.00204498
1.09625	-3.01238	0.00185913
1.09875	-3.01543	0.00232964
1.10125	-3.02017	0.00160401
1.10375	-3.02492	0.00146423
1.10625	-3.02965	0.00162461
1.10875	-3.03326	0.00170838
1.11125	-3.03692	0.00216729
1.11375	-3.0422	0.001715
1.11625	-3.04626	0.00188465
1.11875	-3.0498	0.00205401
1.12125	-3.0555	0.00189778
1.12375	-3.05906	0.00181865
1.12625	-3.06305	0.00190165
1.12875	-3.06757	0.00179526
1.13125	-3.07138	0.00165718
1.13375	-3.07781	0.0020169
1.13625	-3.08038	0.00160693
1.13875	-3.0847	0.00181496
1.14125	-3.08981	0.00200012
1.14375	-3.0939	0.00203605
1.14625	-3.09733	0.0019267
1.14875	-3.10244	0.00206332
1.15125	-3.10622	0.00191458
1.15375	-3.11042	0.00184592
1.15625	-3.11397	0.00220222
1.15875	-3.11848	0.00189721
1.16125	-3.12305	0.00224454
1.16375	-3.12851	0.00207485
1.16625	-3.13088	0.00212178
1.16875	-3.13628	0.00178952
1.17125	-3.13977	0.00183715
1.17375	-3.14464	0.00169513
1.17625	-3.14787	0.00204881
1.17875	-3.1503	0.00189087
1.18125	-3.15645	0.0019107
1.18375	-3.16048	0.00234522
1.18625	-3.16539	0.00193103
1.18875	-3.16862	0.00229573
1.19125	-3.1732	0.0022082
1.19375	-3.178	0.00201596
1.19625	-3.18104	0.00199695
1.19875	-3.18502	0.00218323
1.20125	-3.18938	0.00176803
1.20375	-3.19404	0.00184841
1.20625	-3.19742	0.00189288
1.20875	-3.20134	0.00228732
1.21125	-3.20664	0.00237462
1.21375	-3.21112	0.00224531
1.21625	-3.21313	0.00239218
1.21875	-3.21954	0.002147
1.22125	-3.22351	0.0019042
1.22375	-3.22672	0.00245623
1.22625	-3.23162	0.00158152
1.22875	-3.23524	0.0023834
1.23125	-3.2382	0.00202967
1.23375	-3.24312	0.002276
1.23625	-3.24815	0.002452
1.23875	-3.25115	0.00208234
1.24125	-3.25505	0.00282843
1.24375	-3.25913	0.00229851
1.24625	-3.26428	0.00200647
1.24875	-3.26921	0.0021728
1.25125	-3.27201	0.00215359
1.25375	-3.27678	0.00204316
1.25625	-3.27867	0.00209804
1.25875	-3.28466	0.00229172
1.26125	-3.28864	0.00216823
1.26375	-3.29132	0.00215778
1.26625	-3.29713	0.00247839
1.26875	-3.29845	0.00203665
1.27125	-3.30421	0.00214717
1.27375	-3.30819	0.00218948
1.27625	-3.31241	0.0022134
1.27875	-3.31649	0.00229324
1.28125	-3.31956	0.00217025
1.28375	-3.32373	0.00232218
1.28625	-3.3285	0.00255754
1.28875	-3.3329	0.00242469
1.29125	-3.33559	0.00223054
1.29375	-3.34135	0.00185998
1.29625	-3.34569	0.00232536
1.29875	-3.3487	0.00236178
1.30125	-3.35258	0.0021747
1.30375	-3.35535	0.0021864
1.30625	-3.36116	0.00238209
1.30875	-3.36507	0.002215
1.31125	-3.36935	0.00216245
1.31375	-3.37181	0.00241771
1.31625	-3.37791	0.00219723
1.31875	-3.38045	0.0025322
1.32125	-3.38503	0.00233739
1.32375	-3.38845	0.00252897
1.32625	-3.39173	0.00238839
1.32875	-3.39742	0.00288643
1.33125	-3.39987	0.00260656
1.33375	-3.40424	0.00191549
1.33625	-3.40902	0.0021567
1.33875	-3.41389	0.00207417
1.34125	-3.41572	0.00193434
1.34375	-3.42193	0.00226097
1.34625	-3.42355	0.00221459
1.34875	-3.42835	0.00231641
1.35125	-3.43266	0.00257936
1.35375	-3.43724	0.00203448
1.35625	-3.44055	0.00185003
1.35875	-3.4447	0.00232376
1.36125	-3.44919	0.00257458
1.36375	-3.45241	0.00226139
1.36625	-3.45528	0.00229445
1.36875	-3.46039	0.00227775
1.37125	-3.46515	0.002154
1.37375	-3.46785	0.00240841
1.37625	-3.4717	0.00275486
1.37875	-3.47517	0.00229066
1.38125	-3.47966	0.0021771
1.38375	-3.4825	0.00249283
1.38625	-3.48684	0.00249731
1.38875	-3.49213	0.0025938
1.39125	-3.49458	0.00224712
1.39375	-3.49988	0.00265542
1.39625	-3.50378	0.00245543
1.39875	-3.5076	0.0021689
1.40125	-3.51207	0.0028047
1.40375	-3.51503	0.00252038
1.40625	-3.51897	0.0030043
1.40875	-3.52347	0.00268518
1.41125	-3.52586	0.00202846
1.41375	-3.52923	0.00225161
1.41625	-3.53562	0.0024631
1.41875	-3.53789	0.00230668
1.42125	-3.54219	0.0024879
1.42375	-3.54765	0.00231053
1.42625	-3.55086	0.00234904
1.42875	-3.55461	0.0025963
1.43125	-3.55811	0.00278052
1.43375	-3.56131	0.00220329
1.43625	-3.56639	0.00234228
1.43875	-3.56975	0.00267522
1.44125	-3.57537	0.00254833
1.44375	-3.57684	0.00247589
1.44625	-3.58093	0.00214757
1.44875	-3.58459	0.00274409
1.45125	-3.5879	0.0033172
1.45375	-3.59273	0.00247297
1.45625	-3.59705	0.00228933
1.45875	-3.60075	0.00313766
1.46125	-3.60461	0.00298633
1.46375	-3.60876	0.0028319
1.46625	-3.61307	0.00259966
1.46875	-3.61481	0.00304614
1.47125	-3.62073	0.00272722
1.47375	-3.6228	0.00264823
1.47625	-3.62647	0.00279998
1.47875	-3.63063	0.00282056
1.48125	-3.63413	0.00293236
1.48375	-3.63922	0.0025566
1.48625	-3.64326	0.00243574
1.48875	-3.64778	0.00198942
1.49125	-3.65164	0.00261905
1.49375	-3.65435	0.00319592
1.49625	-3.65755	0.00256218
1.49875	-3.66251	0.00255804
1.50125	-3.66574	0.00253115
1.50375	-3.66996	0.00273274
1.50625	-3.67554	0.00250504
1.50875	-3.67875	0.00288528
1.51125	-3.6823	0.00267393
1.51375	-3.68467	0.00267265
1.51625	-3.68775	0.00286101
1.51875	-3.69233	0.00264077
1.52125	-3.69669	0.00283947
1.52375	-3.70008	0.00258727
1.52625	-3.70344	0.00265024
1.52875	-3.70734	0.00314614
1.53125	-3.71197	0.00301104
1.53375	-3.71469	0.00251314
1.53625	-3.71764	0.00311167
1.53875	-3.72295	0.00289367
1.54125	-3.72701	0.00290742
1.54375	-3.73243	0.00281955
1.54625	-3.73459	0.0027439
1.54875	-3.73879	0.00280099
1.55125	-3.74322	0.00285816
1.55375	-3.74527	0.00282803
1.55625	-3.7516	0.00303617
1.55875	-3.75308	0.00327454
1.56125	-3.75637	0.00238774
1.56375	-3.7621	0.00295449
1.56625	-3.76613	0.00281123
1.56875	-3.7691	0.00246341
1.57125	-3.77269	0.00336457
1.57375	-3.7755	0.003063
1.57625	-3.7797	0.00303673
1.57875	-3.78276	0.00323834
1.58125	-3.78616	0.00310955
1.58375	-3.79105	0.00322884
1.58625	-3.79464	0.00321999
1.58875	-3.79924	0.0029247
1.59125	-3.80019	0.00304759
1.59375	-3.80542	0.00251425
1.59625	-3.80989	0.00288002
1.59875	-3.81245	0.00266343
1.60125	-3.81571	0.00274652
1.60375	-3.82021	0.00387368
1.60625	-3.82374	0.00308753
1.60875	-3.82951	0.00295851
1.61125	-3.83309	0.00266268
1.61375	-3.83688	0.00286939
1.61625	-3.84042	0.00323379
1.61875	-3.84321	0.00329238
1.62125	-3.84646	0.0028238
1.62375	-3.85174	0.00289543
1.62625	-3.85533	0.00240091
1.62875	-3.85856	0.00317031
1.63125	-3.8627	0.00276108
1.63375	-3.86643	0.00332714
1.63625	-3.86913	0.00314882
1.63875	-3.87096	0.00339521
1.64125	-3.87656	0.00328421
1.64375	-3.88242	0.00314869
1.64625	-3.88505	0.00308209
1.64875	-3.88874	0.00260463
1.65125	-3.89349	0.00340982
1.65375	-3.89569	0.0033071
1.65625	-3.90087	0.00287101
1.65875	-3.90221	0.00320406
1.66125	-3.90657	0.00338225
1.66375	-3.90966	0.00327965
1.66625	-3.91202	0.00300412
1.66875	-3.91836	0.00262849
1.67125	-3.92166	0.00304342
1.67375	-3.92427	0.00280908
1.67625	-3.92903	0.00342069
1.67875	-3.93314	0.00332396
1.68125	-3.93487	0.00341053
1.68375	-3.94155	0.00369208
1.68625	-3.94454	0.00349182
1.68875	-3.94773	0.00334622
1.69125	-3.95059	0.00323171
1.69375	-3.9558	0.00305626
1.69625	-3.95823	0.00301802
1.69875	-3.96251	0.00336473
1.70125	-3.96672	0.00373027
1.70375	-3.97125	0.0037468
1.70625	-3.97364	0.00316628
1.70875	-3.97636	0.00366718
1.71125	-3.98032	0.00315948
1.71375	-3.98539	0.00270977
1.71625	-3.98695	0.00310876
1.71875	-3.99213	0.0028497
1.72125	-3.99417	0.00324984
1.72375	-3.99943	0.00314593
1.72625	-4.00104	0.00333337
1.72875	-4.00696	0.00411575
1.73125	-4.01031	0.00319669
1.73375	-4.01414	0.00309654
1.73625	-4.01738	0.00305753
1.73875	-4.02164	0.00373613
1.74125	-4.02485	0.00337085
1.74375	-4.03004	0.00336001
1.74625	-4.03139	0.00299321
1.74875	-4.03458	0.00312539
1.75125	-4.03898	0.00356263
1.75375	-4.0421	0.00384339
1.75625	-4.04763	0.00328514
1.75875	-4.05015	0.00310809
1.76125	-4.05463	0.0035045
1.76375	-4.05805	0.00333956
1.76625	-4.06179	0.00309068
1.76875	-4.06391	0.0028597
1.77125	-4.06791	0.00356894
1.77375	-4.07168	0.00345288
1.77625	-4.07568	0.00372407
1.77875	-4.081	0.00357987
1.78125	-4.08389	0.00363356
1.78375	-4.08599	0.00376519
1.78625	-4.09134	0.00349008
1.78875	-4.09477	0.00361412
1.79125	-4.099	0.00337205
1.79375	-4.10215	0.0035848
1.79625	-4.10365	0.00378151
1.79875	-4.10889	0.00330398
1.80125	-4.11328	0.00346051
1.80375	-4.11492	0.00361239
1.80625	-4.11871	0.00395456
1.80875	-4.12438	0.00335691
1.81125	-4.12686	0.00384011
1.81375	-4.12911	0.0028912
1.81625	-4.13302	0.0037494
1.81875	-4.13652	0.00391039
1.82125	-4.14036	0.00381131
1.82375	-4.14626	0.00329621
1.82625	-4.1473	0.00365171
1.82875	-4.15285	0.00350946
1.83125	-4.15692	0.0034438
1.83375	-4.16114	0.0041633
1.83625	-4.16334	0.00362388
1.83875	-4.16597	0.00339891
1.84125	-4.17247	0.00388193
1.84375	-4.1742	0.00364144
1.84625	-4.17815	0.00316795
1.84875	-4.18163	0.00322349
1.85125	-4.18444	0.00290839
1.85375	-4.18634	0.00290432
1.85625	-4.19319	0.00345544
1.85875	-4.19648	0.00425024
1.86125	-4.20063	0.00451691
1.86375	-4.20419	0.00332878
1.86625	-4.20891	0.00327147
1.86875	-4.21091	0.00387418
1.87125	-4.21514	0.00331418
1.87375	-4.21756	0.00387629
1.87625	-4.21972	0.00365326
1.87875	-4.22413	0.00350993
1.88125	-4.2295	0.00340513
1.88375	-4.23341	0.00407599
1.88625	-4.23472	0.00315591
1.88875	-4.23739	0.00308882
1.89125	-4.24259	0.00422571
1.89375	-4.24698	0.0035881
1.89625	-4.25109	0.0037449
1.89875	-4.25314	0.0036317
1.90125	-4.25821	0.0039023
1.90375	-4.26138	0.00326672
1.90625	-4.26459	0.00376253
1.90875	-4.26802	0.00398468
1.91125	-4.27288	0.00396489
1.91375	-4.27556	0.00403904
1.91625	-4.27889	0.00373149
1.91875	-4.28268	0.00461157
1.92125	-4.2863	0.00349873
1.92375	-4.29198	0.00325185
1.92625	-4.29481	0.00366159
1.92875	-4.29729	0.00398965
1.93125	-4.3029	0.00335871
1.93375	-4.30356	0.00336616
1.93625	-4.30682	0.00444162
1.93875	-4.31063	0.00424959
1.94125	-4.31343	0.00362462
1.94375	-4.31711	0.00390168
1.94625	-4.32139	0.00406982
1.94875	-4.32499	0.00411812
1.95125	-4.32689	0.00421134
1.95375	-4.33033	0.00365868
1.95625	-4.33616	0.00344486
1.95875	-4.34033	0.00475991
1.96125	-4.34347	0.00355434
1.96375	-4.34675	0.00395253
1.96625	-4.35255	0.00351778
1.96875	-4.35342	0.00387126
1.97125	-4.35642	0.0034309
1.97375	-4.36227	0.00299638
1.97625	-4.36606	0.00428285
1.97875	-4.36672	0.00422783
1.98125	-4.37178	0.00374008
1.98375	-4.37702	0.0041268
1.98625	-4.37994	0.00377611
1.98875	-4.38124	0.00404075
1.99125	-4.38527	0.00331329
1.99375	-4.39061	0.00344777
1.99625	-4.39348	0.00386508
1.99875	-4.39758	0.00428927
2.00125	-4.40015	0.00389299
2.00375	-4.40441	0.00405969
2.00625	-4.40773	0.0038478
2.00875	-4.40863	0.00381588
2.01125	-4.41457	0.00390493
2.01375	-4.4201	0.00394152
2.01625	-4.42068	0.00349668
2.01875	-4.42666	0.00408032
2.02125	-4.42969	0.00353885
2.02375	-4.43141	0.00432422
2.02625	-4.43605	0.00378214
2.02875	-4.43771	0.00363061
2.03125	-4.43982	0.00361463
2.03375	-4.44802	0.00391043
2.03625	-4.44936	0.00376722
2.03875	-4.45538	0.00364194
2.04125	-4.45844	0.00351491
2.04375	-4.46129	0.00395837
2.04625	-4.46459	0.00351572
2.04875	-4.46764	0.00364529
2.05125	-4.47197	0.00381297
2.05375	-4.47422	0.00334693
2.05625	-4.47791	0.00405455
2.05875	-4.48245	0.00389429
2.06125	-4.48455	0.00328423
2.06375	-4.48697	0.00491204
2.06625	-4.49284	0.00388866
2.06875	-4.4958	0.00329475
2.07125	-4.49992	0.00338102
2.07375	-4.50305	0.00436934
2.07625	-4.50599	0.00458588
2.07875	-4.50836	0.003595
2.08125	-4.51435	0.00358979
2.08375	-4.51799	0.00466736
2.08625	-4.52143	0.00396146
2.08875	-4.52643	0.00447924
2.09125	-4.5308	0.00374664
2.09375	-4.53147	0.00381459
2.09625	-4.53637	0.00473408
2.09875	-4.53882	0.00361588
2.10125	-4.54377	0.00434005
2.10375	-4.54613	0.00393803
2.10625	-4.54817	0.00422629
2.10875	-4.55436	0.00447502
2.11125	-4.55545	0.00438217
2.11375	-4.55906	0.00424676
2.11625	-4.56385	0.00466874
2.11875	-4.56493	0.00427518
2.12125	-4.57028	0.00464747
2.12375	-4.57537	0.00406277
2.12625	-4.57746	0.00420983
2.12875	-4.58207	0.00464061
2.13125	-4.58577	0.00402512
2.13375	-4.58952	0.00483139
2.13625	-4.5939	0.00454069
2.13875	-4.59676	0.00466916
2.14125	-4.59959	0.00440292
2.14375	-4.60358	0.00394371
2.14625	-4.60692	0.00369859
2.14875	-4.61209	0.00394161
2.15125	-4.61217	0.0037325
2.15375	-4.61648	0.00533676
2.15625	-4.62076	0.00402125
2.15875	-4.62346	0.0038756
2.16125	-4.62899	0.00394505
2.16375	-4.62942	0.00469909
2.16625	-4.63574	0.00512408
2.16875	-4.63631	0.00448812
2.17125	-4.64321	0.00545158
2.17375	-4.64493	0.00447287
2.17625	-4.64663	0.00392073
2.17875	-4.6504	0.00500862
2.18125	-4.6551	0.00401027
2.18375	-4.65834	0.00464744
2.18625	-4.66563	0.00386012
2.18875	-4.66767	0.00539554
2.19125	-4.67041	0.00343208
2.19375	-4.67426	0.0034501
2.19625	-4.67588	0.00524439
2.19875	-4.67808	0.00458856
2.20125	-4.68544	0.00504104
2.20375	-4.68759	0.00386973
2.20625	-4.69005	0.00410895
2.20875	-4.69578	0.00474814
2.21125	-4.69771	0.00448844
2.21375	-4.70093	0.00517571
2.21625	-4.70358	0.00429276
2.21875	-4.70566	0.00407259
2.22125	-4.71246	0.00437389
2.22375	-4.71569	0.0049474
2.22625	-4.71946	0.00451339
2.22875	-4.72203	0.00488522
2.23125	-4.72509	0.00424083
2.23375	-4.72838	0.00473957
2.23625	-4.73082	0.00518993
2.23875	-4.73695	0.00481649
2.24125	-4.73903	0.00488939
2.24375	-4.74126	0.00441948
2.24625	-4.74348	0.0046104
2.24875	-4.74675	0.00340574
2.25125	-4.75381	0.00433829
2.25375	-4.75702	0.00350361
2.25625	-4.76391	0.00465386
2.25875	-4.76178	0.00500686
2.26125	-4.76596	0.00449629
2.26375	-4.77071	0.00472891
2.26625	-4.77503	0.00455001
2.26875	-4.77885	0.00475248
2.27125	-4.78121	0.0045144
2.27375	-4.78263	0.00407076
2.27625	-4.7901	0.00391953
2.27875	-4.79093	0.00466055
2.28125	-4.79559	0.0047646
2.28375	-4.79903	0.00547477
2.28625	-4.79974	0.00459916
2.28875	-4.80599	0.00525925
2.29125	-4.80815	0.0035764
2.29375	-4.81526	0.00534777
2.29625	-4.81782	0.00414758
2.29875	-4.81776	0.00459089
2.30125	-4.82321	0.00450811
2.30375	-4.82606	0.00414049
2.30625	-4.83179	0.00403616
2.30875	-4.83343	0.00341065
2.31125	-4.83564	0.00507382
2.31375	-4.83832	0.00460446
2.31625	-4.84426	0.0047734
2.31875	-4.84723	0.00453656
2.32125	-4.85319	0.00493023
2.32375	-4.85674	0.00355301
2.32625	-4.85644	0.00465165
2.32875	-4.85905	0.00472568
2.33125	-4.86638	0.00502962
2.33375	-4.86817	0.00477467
2.33625	-4.87196	0.00412235
2.33875	-4.8734	0.00446915
2.34125	-4.87811	0.00491721
2.34375	-4.88418	0.00509624
2.34625	-4.88649	0.00456361
2.34875	-4.89057	0.00420557
2.35125	-4.89309	0.00427888
2.35375	-4.89321	0.00535355
2.35625	-4.90188	0.00505054
2.35875	-4.9047	0.00540059
2.36125	-4.90723	0.00418003
2.36375	-4.91077	0.00442501
2.36625	-4.91294	0.00539682
2.36875	-4.919	0.00468417
2.37125	-4.92022	0.00520963
2.37375	-4.92376	0.00520955
2.37625	-4.92776	0.005406
2.37875	-4.92813	0.00465851
2.38125	-4.93113	0.00491373
2.38375	-4.9376	0.00398899
2.38625	-4.94223	0.00537429
2.38875	-4.94429	0.00596894
2.39125	-4.9494	0.0047647
2.39375	-4.95204	0.00422202
2.39625	-4.95806	0.00494188
2.39875	-4.95986	0.00565471
2.40125	-4.96159	0.00545361
2.40375	-4.96966	0.00553507
2.40625	-4.96643	0.00517083
2.40875	-4.97391	0.00493516
2.41125	-4.9761	0.00530787
2.41375	-4.97851	0.00453163
2.41625	-4.98387	0.00453451
2.41875	-4.98961	0.00552011
2.42125	-4.99162	0.00520856
2.42375	-4.9951	0.00460431
2.42625	-4.99819	0.00463597
2.42875	-5.00087	0.00478462
2.43125	-5.00271	0.00498105
2.43375	-5.00953	0.00433269
2.43625	-5.01329	0.00448232
2.43875	-5.01486	0.0050539
2.44125	-5.01862	0.00561177
2.44375	-5.02549	0.00481934
2.44625	-5.02594	0.0049733
2.44875	-5.02952	0.00461987
2.45125	-5.03102	0.00531495
2.45375	-5.03718	0.00415626
2.45625	-5.03955	0.00589197
2.45875	-5.04089	0.00413452
2.46125	-5.04691	0.0050286
2.46375	-5.04694	0.00621325
2.46625	-5.0529	0.00440993
2.46875	-5.05676	0.00522175
2.47125	-5.05856	0.00433962
2.47375	-5.06618	0.00483668
2.47625	-5.06804	0.00421386
2.47875	-5.06825	0.00463957
2.48125	-5.07511	0.00480038
2.48375	-5.07762	0.00496858
2.48625	-5.0822	0.00458682
2.48875	-5.08509	0.00605496
2.49125	-5.0865	0.00538481
2.49375	-5.0881	0.00542686
2.49625	-5.09784	0.00529722
2.49875	-5.09975	0.00582088
2.50125	-5.10055	0.00587934
2.50375	-5.10523	0.00518377
2.50625	-5.10828	0.00639593
2.50875	-5.10787	0.005583
2.51125	-5.11433	0.00509178
2.51375	-5.11923	0.0045655
2.51625	-5.12029	0.0044407
2.51875	-5.12611	0.00499291
2.52125	-5.1269	0.00490354
2.52375	-5.13586	0.00533519
2.52625	-5.13787	0.00497164
2.52875	-5.13929	0.00507533
2.53125	-5.14215	0.00612561
2.53375	-5.14676	0.00562707
2.53625	-5.15145	0.00467403
2.53875	-5.15386	0.0058048
2.54125	-5.15831	0.00500181
2.54375	-5.15953	0.00578315
2.54625	-5.16507	0.00482499
2.54875	-5.16878	0.00421616
2.55125	-5.17216	0.00482154
2.55375	-5.17314	0.00533365
2.55625	-5.17951	0.00495062
2.55875	-5.17847	0.00581118
2.56125	-5.18629	0.00493949
2.56375	-5.18766	0.00461928
2.56625	-5.19254	0.0060257
2.56875	-5.19596	0.00530928
2.57125	-5.19786	0.00543579
2.57375	-5.20338	0.00647247
2.57625	-5.2039	0.00574424
2.57875	-5.20679	0.00483924
2.58125	-5.21263	0.00731676
2.58375	-5.2194	0.00489625
2.58625	-5.22019	0.00625277
2.58875	-5.2199	0.0047872
2.59125	-5.22603	0.00553323
2.59375	-5.23226	0.0054032
2.59625	-5.23166	0.00487997
2.59875	-5.23438	0.00539454
2.60125	-5.24015	0.00588127
2.60375	-5.23937	0.00401682
2.60625	-5.24953	0.00509731
2.60875	-5.24771	0.0050498
2.61125	-5.25088	0.00620418
2.61375	-5.25896	0.00500343
2.61625	-5.26446	0.00568026
2.61875	-5.2621	0.00563883
2.62125	-5.2685	0.00531975
2.62375	-5.27331	0.0057219
2.62625	-5.2764	0.00465906
2.62875	-5.27375	0.00555903
2.63125	-5.28395	0.00502195
2.63375	-5.28542	0.0047928
2.63625	-5.28705	0.00593222
2.63875	-5.29264	0.00590779
2.64125	-5.29194	0.00567707
2.64375	-5.2989	0.00543902
2.64625	-5.30025	0.00570664
2.64875	-5.30561	0.00568923
2.65125	-5.30809	0.00469852
2.65375	-5.3127	0.00513131
2.65625	-5.31667	0.00605763
2.65875	-5.31885	0.00636764
2.66125	-5.32541	0.00476042
2.66375	-5.32443	0.00536429
2.66625	-5.3288	0.00625863
2.66875	-5.33018	0.00648487
2.67125	-5.33754	0.00686984
2.67375	-5.34331	0.00465773
2.67625	-5.34337	0.00544734
2.67875	-5.34166	0.00599913
2.68125	-5.34921	0.00570642
2.68375	-5.35331	0.00581658
2.68625	-5.35847	0.00531806
2.68875	-5.35904	0.00472819
2.69125	-5.36419	0.00648377
2.69375	-5.36686	0.00608572
2.69625	-5.36892	0.00554345
2.69875	-5.37788	0.00574912
2.70125	-5.3778	0.00589969
2.70375	-5.38055	0.00688007
2.70625	-5.38383	0.00675972
2.70875	-5.38962	0.00661198
2.71125	-5.38858	0.00623399
2.71375	-5.39214	0.00651836
2.71625	-5.39809	0.00584959
2.71875	-5.40028	0.00508254
2.72125	-5.4038	0.00591604
2.72375	-5.40797	0.00639813
2.72625	-5.41302	0.00550082
2.72875	-5.41652	0.00581355
2.73125	-5.41675	0.00588036
2.73375	-5.42412	0.00583511
2.73625	-5.42472	0.00580208
2.73875	-5.43035	0.00646166
2.74125	-5.4379	0.00517287
2.74375	-5.43865	0.00395391
2.74625	-5.43884	0.00530691
2.74875	-5.44479	0.00538632
2.75125	-5.44477	0.00582715
2.75375	-5.45184	0.00588835
2.75625	-5.45194	0.00562339
2.75875	-5.45463	0.00598628
2.76125	-5.46166	0.00616626
2.76375	-5.4694	0.00641487
2.76625	-5.46659	0.00625485
2.76875	-5.47117	0.00576262
2.77125	-5.47253	0.00624543
2.77375	-5.47911	0.00657749
2.77625	-5.48239	0.00616059
2.77875	-5.48602	0.00647251
2.78125	-5.48642	0.00647447
2.78375	-5.49482	0.00724863
2.78625	-5.49538	0.0070831
2.78875	-5.49998	0.00616929
2.79125	-5.50408	0.00495317
2.79375	-5.50922	0.00577646
2.79625	-5.51006	0.0059636
2.79875	-5.51144	0.00657427
2.80125	-5.5155	0.0060204
2.80375	-5.51898	0.00624043
2.80625	-5.52082	0.00625622
2.80875	-5.52709	0.00565558
2.81125	-5.52998	0.00650244
2.81375	-5.53011	0.00644795
2.81625	-5.53418	0.00694008
2.81875	-5.53896	0.00566668
2.82125	-5.54283	0.00632823
2.82375	-5.54728	0.00460226
2.82625	-5.55173	0.00583441
2.82875	-5.55197	0.00568137
2.83125	-5.55812	0.00538849
2.83375	-5.55851	0.00558776
2.83625	-5.56327	0.00656008
2.83875	-5.56831	0.0061943
2.84125	-5.56803	0.00538693
2.84375	-5.57153	0.00570902
2.84625	-5.57805	0.00644783
2.84875	-5.58078	0.00629227
2.85125	-5.58057	0.0061635
2.85375	-5.58609	0.00589969
2.85625	-5.59394	0.00623621
2.85875	-5.59313	0.00618108
2.86125	-5.59965	0.00579323
2.86375	-5.60197	0.00556539
2.86625	-5.60579	0.0055848
2.86875	-5.60772	0.0060027
2.87125	-5.60684	0.00664291
2.87375	-5.61722	0.00645277
2.87625	-5.61871	0.00645503
2.87875	-5.62091	0.00539341
2.88125	-5.6227	0.00697713
2.88375	-5.62728	0.0056175
2.88625	-5.62902	0.00685444
2.88875	-5.63465	0.00552324
2.89125	-5.63765	0.00576562
2.89375	-5.64148	0.00594427
2.89625	-5.64414	0.00500089
2.89875	-5.64565	0.00581318
2.90125	-5.65479	0.00647548
2.90375	-5.658	0.00709527
2.90625	-5.65983	0.00631173
2.90875	-5.66165	0.00689844
2.91125	-5.66582	0.00623012
2.91375	-5.67141	0.00552621
2.91625	-5.66852	0.00674488
2.91875	-5.67954	0.00592249
2.92125	-5.68038	0.00594067
2.92375	-5.68068	0.00624292
2.92625	-5.68797	0.00569662
2.92875	-5.69143	0.00774725
2.93125	-5.6952	0.00606686
2.93375	-5.6947	0.00598339
2.93625	-5.69808	0.00778287
2.93875	-5.70368	0.00544184
2.94125	-5.70667	0.0061624
2.94375	-5.70912	0.00611727
2.94625	-5.71423	0.00568274
2.94875	-5.71743	0.00726604
2.95125	-5.71603	0.00596135
2.95375	-5.72407	0.00614723
2.95625	-5.72633	0.00620118
2.95875	-5.72569	0.00745979
2.96125	-5.73625	0.00529491
2.96375	-5.73829	0.00594413
2.96625	-5.73807	0.00682188
2.96875	-5.74339	0.00698019
2.97125	-5.74418	0.0072825
2.97375	-5.75237	0.00670281
2.97625	-5.75581	0.00716039
2.97875	-5.75513	0.00766738
2.98125	-5.76586	0.00693203
2.98375	-5.76743	0.00571136
2.98625	-5.77127	0.00663712
2.98875	-5.7708	0.00782297
2.99125	-5.77217	0.00551096
2.99375	-5.77912	0.00730489
2.99625	-5.78384	0.00789416
2.99875	-5.78761	0.00463676
3.00125	-5.79104	0.00668768
3.00375	-5.79061	0.00611194
3.00625	-5.7978	0.006353
3.00875	-5.79627	0.00676975
3.01125	-5.80403	0.00670762
3.01375	-5.80427	0.00635572
3.01625	-5.81164	0.00690392
3.01875	-5.81095	0.00490094
3.02125	-5.81653	0.00558172
3.02375	-5.82199	0.00589755
3.02625	-5.82655	0.00765979
3.02875	-5.8319	0.00714163
3.03125	-5.82933	0.00589503
3.03375	-5.83558	0.00364949
3.03625	-5.83301	0.00635929
3.03875	-5.83819	0.00677259
3.04125	-5.84392	0.008081
3.04375	-5.84839	0.00626102
3.04625	-5.85168	0.00557564
3.04875	-5.85292	0.00443809
3.05125	-5.86025	0.00607846
3.05375	-5.86069	0.00755509
3.05625	-5.86624	0.00599371
3.05875	-5.86753	0.00744055
3.06125	-5.87399	0.00730326
3.06375	-5.87392	0.00654258
3.06625	-5.87818	0.00711671
3.06875	-5.8778	0.00778373
3.07125	-5.88342	0.00639723
3.07375	-5.88589	0.00635637
3.07625	-5.89357	0.00642933
3.07875	-5.89356	0.00647341
3.08125	-5.89966	0.00684814
3.08375	-5.9042	0.00609272
3.08625	-5.9061	0.00717795
3.08875	-5.90576	0.00648883
3.09125	-5.91101	0.00689458
3.09375	-5.91388	0.00788055
3.09625	-5.91847	0.00760511
3.09875	-5.92063	0.00840974
3.10125	-5.92318	0.00552318
3.10375	-5.92434	0.00661537
3.10625	-5.93898	0.00685258
3.10875	-5.94271	0.00753977
3.11125	-5.94371	0.00796261
3.11375	-5.9482	0.00666818
3.11625	-5.94739	0.00705517
3.11875	-5.94844	0.00606211
3.12125	-5.95342	0.006703
3.12375	-5.95665	0.00830315
3.12625	-5.96144	0.00630581
3.12875	-5.96714	0.00627524
3.13125	-5.97167	0.00864947
3.13375	-5.97245	0.00585194
3.13625	-5.97342	0.00717151
3.13875	-5.9728	0.00632872
3.14125	-5.9837	0.00740454
3.14375	-5.98468	0.00661125
3.14625	-5.99332	0.00597265
3.14875	-5.98838	0.00792704
3.15125	-5.99302	0.00773255
3.15375	-5.99777	0.00620456
3.15625	-6.00363	0.00784479
3.15875	-6.0026	0.00725132
3.16125	-6.01057	0.00625445
3.16375	-6.01189	0.00737629
3.16625	-6.01986	0.00581826
3.16875	-6.01674	0.00584987
3.17125	-6.02335	0.00828659
3.17375	-6.02646	0.00731561
3.17625	-6.0292	0.00815644
3.17875	-6.02969	0.00648933
3.18125	-6.03567	0.00599175
3.18375	-6.04394	0.00689093
3.18625	-6.03888	0.00858849
3.18875	-6.04059	0.0051853
3.19125	-6.05175	0.00774544
3.19375	-6.05254	0.00752998
3.19625	-6.05642	0.00596642
3.19875	-6.05852	0.00634465
3.20125	-6.05713	0.00633846
3.20375	-6.06053	0.00770785
3.20625	-6.07195	0.00666407
3.20875	-6.06985	0.00694498
3.21125	-6.07609	0.0072062
3.21375	-6.07767	0.00683803
3.21625	-6.08857	0.00681101
3.21875	-6.08896	0.00591705
3.22125	-6.08763	0.00703115
3.22375	-6.09349	0.00776894
3.22625	-6.09576	0.0063987
3.22875	-6.09517	0.00748699
3.23125	-6.10526	0.00736993
3.23375	-6.11111	0.00712876
3.23625	-6.1099	0.00812779
3.23875	-6.11609	0.0071398
3.24125	-6.11951	0.00763109
3.24375	-6.12146	0.00681374
3.24625	-6.12793	0.00610134
3.24875	-6.12748	0.00801931
3.25125	-6.13696	0.00804509
3.25375	-6.13608	0.00770804
3.25625	-6.13975	0.00709662
3.25875	-6.14182	0.00623666
3.26125	-6.14522	0.00624598
3.26375	-6.14244	0.00805848
3.26625	-6.14995	0.00785982
3.26875	-6.15202	0.00546363
3.27125	-6.15887	0.00809613
3.27375	-6.16956	0.00668548
3.27625	-6.16586	0.00782313
3.27875	-6.16703	0.00689366
3.28125	-6.17294	0.00712342
3.28375	-6.17534	0.00723902
3.28625	-6.17938	0.00884717
3.28875	-6.18474	0.00919521
3.29125	-6.18736	0.00795894
3.29375	-6.18905	0.00816085
3.29625	-6.19399	0.00849043
3.29875	-6.19627	0.00730637
3.30125	-6.205	0.00785832
3.30375	-6.20237	0.00777822
3.30625	-6.20611	0.00912817
3.30875	-6.21072	0.00755022
3.31125	-6.21418	0.00690151
3.31375	-6.21682	0.00750321
3.31625	-6.21937	0.00825507
3.31875	-6.22723	0.00849338
3.32125	-6.22085	0.005495
3.32375	-6.23289	0.0079682
3.32625	-6.23208	0.0067156
3.32875	-6.23455	0.00684557
3.33125	-6.23995	0.00791542
3.33375	-6.24218	0.0058075
3.33625	-6.24522	0.00736133
3.33875	-6.25096	0.00557333
3.34125	-6.25427	0.00749059
3.34375	-6.25271	0.00841467
3.34625	-6.26023	0.00880966
3.34875	-6.26098	0.00888741
3.35125	-6.2659	0.00719557
3.35375	-6.2698	0.00823667
3.35625	-6.2733	0.00724412
3.35875	-6.27605	0.00760194
3.36125	-6.27802	0.00683356
3.36375	-6.29074	0.00698383
3.36625	-6.28953	0.00767725
3.36875	-6.29151	0.00882751
3.37125	-6.29863	0.00857648
3.37375	-6.30214	0.00693748
3.37625	-6.29587	0.00731272
3.37875	-6.29858	0.00819003
3.38125	-6.31024	0.00662624
3.38375	-6.31472	0.00688978
3.38625	-6.32142	0.00886533
3.38875	-6.31939	0.00857586
3.39125	-6.32189	0.0076673
3.39375	-6.32816	0.00645303
3.39625	-6.32939	0.00837726
3.39875	-6.33437	0.00924535
3.40125	-6.34049	0.00770095
3.40375	-6.33488	0.00697361
3.40625	-6.34409	0.0061264
3.40875	-6.34825	0.00755961
3.41125	-6.35451	0.00781359
3.41375	-6.3551	0.00693879
3.41625	-6.35436	0.00906767
3.41875	-6.36187	0.00687063
3.42125	-6.36325	0.00998429
3.42375	-6.36491	0.00773219
3.42625	-6.37167	0.00714427
3.42875	-6.36672	0.00808953
3.43125	-6.38296	0.00810866
3.43375	-6.375	0.00869649
3.43625	-6.38131	0.00666988
3.43875	-6.38466	0.0068059
3.44125	-6.39267	0.00934214
3.44375	-6.39589	0.00826557
3.44625	-6.39735	0.0071003
3.44875	-6.40103	0.00682511
3.45125	-6.40094	0.00583962
3.45375	-6.41431	0.00799291
3.45625	-6.41394	0.00862319
3.45875	-6.41587	0.00904506
3.46125	-6.41933	0.00904033
3.46375	-6.42023	0.00884415
3.46625	-6.42241	0.00945382
3.46875	-6.43391	0.00854008
3.47125	-6.43163	0.00774035
3.47375	-6.42589	0.00752741
3.47625	-6.43264	0.00675492
3.47875	-6.44547	0.00619196
3.48125	-6.44629	0.00696306
3.48375	-6.44822	0.00818039
3.48625	-6.45157	0.00692393
3.48875	-6.45219	0.00759124
3.49125	-6.4546	0.00842025
3.49375	-6.466	0.00805034
3.49625	-6.46858	0.00641873
3.49875	-6.46685	0.00826988
3.50125	-6.47095	0.00793419
3.50375	-6.4735	0.00864368
3.50625	-6.47759	0.00698778
3.50875	-6.485	0.00803644
3.51125	-6.48446	0.00740745
3.51375	-6.48553	0.0100535
3.51625	-6.49433	0.00714525
3.51875	-6.50099	0.00707789
3.52125	-6.50106	0.00702897
3.52375	-6.49571	0.0107495
3.52625	-6.50932	0.0106254
3.52875	-6.50473	0.00673281
3.53125	-6.50933	0.00793716
3.53375	-6.51219	0.00893995
3.53625	-6.52675	0.00715101
3.53875	-6.51922	0.00846068
3.54125	-6.52486	0.00776574
3.54375	-6.52895	0.00814325
3.54625	-6.53332	0.00703245
3.54875	-6.53655	0.00887141
3.55125	-6.5337	0.00693999
3.55375	-6.53881	0.00900437
3.55625	-6.54159	0.00727916
3.55875	-6.54112	0.0090961
3.56125	-6.55177	0.00917426
3.56375	-6.55859	0.00852099
3.56625	-6.56007	0.00736116
3.56875	-6.5621	0.00733018
3.57125	-6.5653	0.00818435
3.57375	-6.57213	0.00861619
3.57625	-6.57618	0.00702423
3.57875	-6.58343	0.00711427
3.58125	-6.58408	0.00874004
3.58375	-6.58613	0.00858771
3.58625	-6.58581	0.00917913
3.58875	-6.58985	0.00785055
3.59125	-6.59358	0.00705549
3.59375	-6.59368	0.00622074
3.59625	-6.60202	0.00718845
3.59875	-6.60119	0.00696612
3.60125	-6.60919	0.00816462
3.60375	-6.60557	0.00820974
3.60625	-6.61474	0.00571832
3.60875	-6.61754	0.00656212
3.61125	-6.62453	0.00955351
3.61375	-6.62814	0.00786864
3.61625	-6.62595	0.00836844
3.61875	-6.62618	0.00726456
3.62125	-6.63919	0.00987553
3.62375	-6.63922	0.00741556
3.62625	-6.64608	0.00706442
3.62875	-6.63872	0.00677139
3.63125	-6.63958	0.00933708
3.63375	-6.64947	0.0103883
3.63625	-6.65637	0.0102953
3.63875	-6.65759	0.0100853
3.64125	-6.66117	0.00844045
3.64375	-6.65836	0.00753641
3.64625	-6.67025	0.00877542
3.64875	-6.66964	0.00802776
3.65125	-6.67942	0.00876494
3.65375	-6.6819	0.00885251
3.65625	-6.68121	0.00821406
3.65875	-6.68389	0.00961768
3.66125	-6.69678	0.00992344
3.66375	-6.6897	0.00895651
3.66625	-6.69841	0.0096549
3.66875	-6.70434	0.00903656
3.67125	-6.71038	0.00873164
3.67375	-6.70522	0.00749378
3.67625	-6.70378	0.00861009
3.67875	-6.71524	0.00939669
3.68125	-6.71448	0.00881171
3.68375	-6.71213	0.00939374
3.68625	-6.71846	0.00864993
3.68875	-6.72869	0.00916318
3.69125	-6.73001	0.00825772
3.69375	-6.73525	0.00682612
3.69625	-6.74145	0.00950536
3.69875	-6.74513	0.00672665
3.70125	-6.74975	0.00800981
3.70375	-6.74496	0.0103222
3.70625	-6.7459	0.00999803
3.70875	-6.75738	0.00841812
3.71125	-6.75607	0.0112165
3.71375	-6.75716	0.00811703
3.71625	-6.76391	0.00947587
3.71875	-6.77158	0.00741088
3.72125	-6.77283	0.00758691
3.72375	-6.77346	0.0104256
3.72625	-6.78106	0.0112541
3.72875	-6.78236	0.0104921
3.73125	-6.78453	0.00947914
3.73375	-6.79302	0.00884506
3.73625	-6.78677	0.00943746
3.73875	-6.79221	0.00688574
3.74125	-6.80015	0.0106345
3.74375	-6.79914	0.00645396
3.74625	-6.80287	0.00786016
3.74875	-6.8014	0.00969706
3.75125	-6.80525	0.00995797
3.75375	-6.81459	0.0110393
3.75625	-6.81662	0.00981655
3.75875	-6.82287	0.00832577
3.76125	-6.82912	0.00766313
3.76375	-6.82903	0.00843356
3.76625	-6.8385	0.00818421
3.76875	-6.83839	0.00818438
3.77125	-6.83438	0.00738115
3.77375	-6.83719	0.0106297
3.77625	-6.85224	0.00949883
3.77875	-6.84504	0.00797476
3.78125	-6.86062	0.0100515
3.78375	-6.86136	0.00675617
3.78625	-6.8567	0.0098808
3.78875	-6.86489	0.00823315
3.79125	-6.86408	0.0084887
3.79375	-6.8663	0.00780679
3.79625	-6.87622	0.00820795
3.79875	-6.8642	0.00923866
3.80125	-6.87189	0.00936338
3.80375	-6.87865	0.00684767
3.80625	-6.88203	0.0104636
3.80875	-6.89299	0.0085699
3.81125	-6.88847	0.00890858
3.81375	-6.89675	0.00890691
3.81625	-6.89697	0.0103426
3.81875	-6.89688	0.0100062
3.82125	-6.91205	0.0107842
3.82375	-6.90658	0.00783849
3.82625	-6.91029	0.00759381
3.82875	-6.91925	0.00704941
3.83125	-6.917	0.0111501
3.83375	-6.93193	0.0103898
3.83625	-6.9242	0.00996298
3.83875	-6.93054	0.0102108
3.84125	-6.9289	0.00922386
3.84375	-6.9345	0.00844377
3.84625	-6.94608	0.0104536
3.84875	-6.93719	0.00870504
3.85125	-6.95889	0.0117337
3.85375	-6.95538	0.0138887
3.85625	-6.95682	0.0111683
3.85875	-6.95062	0.00800152
3.86125	-6.96589	0.0107132
3.86375	-6.95796	0.00658486
3.86625	-6.9679	0.00908382
3.86875	-6.96756	0.00851314
3.87125	-6.969	0.010156
3.87375	-6.98158	0.00903764
3.87625	-6.99129	0.0110682
3.87875	-6.98259	0.0088866
3.88125	-6.98686	0.0113535
3.88375	-6.98333	0.00723038
3.88625	-6.98974	0.00814844
3.88875	-7.00006	0.00769606
3.89125	-6.99479	0.0085139
3.89375	-7.00768	0.0131308
3.89625	-7.00985	0.00903896
3.89875	-7.01483	0.00977641
3.90125	-7.01718	0.0104136
3.90375	-7.01861	0.00962589
3.90625	-7.02223	0.0090835
3.90875	-7.03241	0.00780584
3.91125	-7.02773	0.00837205
3.91375	-7.03191	0.00760555
3.91625	-7.03441	0.00756052
3.91875	-7.04046	0.00851884
3.92125	-7.04469	0.00862328
3.92375	-7.05281	0.0128579
3.92625	-7.04966	0.00938404
3.92875	-7.06157	0.00994154
3.93125	-7.06311	0.0105045
3.93375	-7.05402	0.010643
3.93625	-7.06009	0.00922085
3.93875	-7.06465	0.00724338
3.94125	-7.07654	0.00909002
3.94375	-7.07707	0.00913779
3.94625	-7.07527	0.0112332
3.94875	-7.08036	0.00818372
3.95125	-7.07775	0.0116589
3.95375	-7.0914	0.00878744
3.95625	-7.08915	0.00961026
3.95875	-7.09286	0.0100711
3.96125	-7.0984	0.00950797
3.96375	-7.09817	0.00770902
3.96625	-7.09939	0.0115882
3.96875	-7.10187	0.00842618
3.97125	-7.11048	0.0105306
3.97375	-7.11676	0.00906588
3.97625	-7.11683	0.00596664
3.97875	-7.12949	0.00826655
3.98125	-7.124	0.0104862
3.98375	-7.12793	0.0125666
3.98625	-7.12321	0.00940519
3.98875	-7.1392	0.0109144
3.99125	-7.13878	0.0104212
3.99375	-7.14783	0.0103438
3.99625	-7.14633	0.00902866
3.99875	-7.15579	0.00859236
4.00125	-7.15726	0.0103674
4.00375	-7.1485	0.0104763
4.00625	-7.1615	0.00891462
4.00875	-7.15775	0.00728794
4.01125	-7.1658	0.0104666
4.01375	-7.16739	0.0103327
4.01625	-7.16651	0.00943864
4.01875	-7.17745	0.0112452
4.02125	-7.17789	0.0113995
4.02375	-7.18497	0.0103851
4.02625	-7.18265	0.0103609
4.02875	-7.19072	0.00610157
4.03125	-7.1923	0.00995098
4.03375	-7.20607	0.00919813
4.03625	-7.19957	0.0100038
4.03875	-7.19737	0.010665
4.04125	-7.20201	0.0103837
4.04375	-7.21576	0.00673101
4.04625	-7.20973	0.00982611
4.04875	-7.21173	0.0111671
4.05125	-7.225	0.0114357
4.05375	-7.23125	0.00928198
4.05625	-7.22319	0.00742783
4.05875	-7.23444	0.00883972
4.06125	-7.22836	0.00911413
4.06375	-7.23853	0.00626641
4.06625	-7.23662	0.00879715
4.06875	-7.2433	0.0079089
4.07125	-7.25465	0.00990486
4.07375	-7.24967	0.00946843
4.07625	-7.24901	0.0113242
4.07875	-7.25554	0.00968462
4.08125	-7.2569	0.00755538
4.08375	-7.27037	0.00866573
4.08625	-7.25794	0.0100936
4.08875	-7.27259	0.00955035
4.09125	-7.27729	0.00767181
4.09375	-7.2832	0.0112209
4.09625	-7.2846	0.0106461
4.09875	-7.28087	0.0131677
4.10125	-7.28519	0.0103894
4.10375	-7.28665	0.0121446
4.10625	-7.29865	0.010631
4.10875	-7.30722	0.00948502
4.11125	-7.30724	0.00961034
4.11375	-7.3037	0.012321
4.11625	-7.30916	0.0101668
4.11875	-7.30824	0.01019
4.12125	-7.31455	0.0119205
4.12375	-7.31698	0.0102634
4.12625	-7.32543	0.0100653
4.12875	-7.32688	0.0116219
4.13125	-7.3348	0.0125178
4.13375	-7.33404	0.0098716
4.13625	-7.34392	0.00800297
4.13875	-7.33982	0.0105746
4.14125	-7.3472	0.0101276
4.14375	-7.34144	0.0111177
4.14625	-7.33877	0.010295
4.14875	-7.35307	0.0148541
4.15125	-7.35611	0.0107641
4.15375	-7.36944	0.0049519
4.15625	-7.35942	0.0110745
4.15875	-7.36447	0.0111531
4.16125	-7.36241	0.0107628
4.16375	-7.36681	0.0106688
4.16625	-7.37379	0.00985537
4.16875	-7.3804	0.00935917
4.17125	-7.38831	0.011625
4.17375	-7.37573	0.00952275
4.17625	-7.38368	0.00793117
4.17875	-7.37992	0.0109603
4.18125	-7.3922	0.0152022
4.18375	-7.39408	0.00750069
4.18625	-7.40674	0.0121053
4.18875	-7.41707	0.0113734
4.19125	-7.41832	0.0111254
4.19375	-7.41535	0.0104328
4.19625	-7.40997	0.00938222
4.19875	-7.41162	0.00930536
4.20125	-7.43517	0.0124341
4.20375	-7.43275	0.00856191
4.20625	-7.43223	0.00980803
4.20875	-7.43101	0.0109175
4.21125	-7.42487	0.0108164
4.21375	-7.43538	0.00958141
4.21625	-7.44152	0.00694386
4.21875	-7.43702	0.00912993
4.22125	-7.45189	0.0114256
4.22375	-7.45456	0.010062
4.22625	-7.46979	0.0114103
4.22875	-7.46883	0.0115506
4.23125	-7.48141	0.0120304
4.23375	-7.46687	0.0124344
4.23625	-7.47735	0.0103475
4.23875	-7.46453	0.0117202
4.24125	-7.48529	0.0110835
4.24375	-7.48691	0.00989409
4.24625	-7.48952	0.0084804
4.24875	-7.48565	0.00954306
4.25125	-7.4981	0.0114743
4.25375	-7.49276	0.00891064
4.25625	-7.49868	0.0125425
4.25875	-7.50288	0.0105731
4.26125	-7.50323	0.00900807
4.26375	-7.50554	0.00732815
4.26625	-7.50666	0.0134136
4.26875	-7.50915	0.00960053
4.27125	-7.51721	0.010433
4.27375	-7.5249	0.010328
4.27625	-7.52179	0.0126798
4.27875	-7.52899	0.0117234
4.28125	-7.53476	0.0126716
4.28375	-7.53099	0.00979183
4.28625	-7.53265	0.00801684
4.28875	-7.53309	0.008906
4.29125	-7.53864	0.0127818
4.29375	-7.54933	0.0107679
4.29625	-7.55465	0.0117451
4.29875	-7.56771	0.00891551
4.30125	-7.54684	0.0107284
4.30375	-7.56004	0.010649
4.30625	-7.56649	0.0111885
4.30875	-7.56713	0.0101394
4.31125	-7.56322	0.0141033
4.31375	-7.58002	0.0128679
4.31625	-7.57398	0.0107694
4.31875	-7.58275	0.0125059
4.32125	-7.59429	0.00814046
4.32375	-7.59809	0.0117331
4.32625	-7.59144	0.0105464
4.32875	-7.59702	0.0078461
4.33125	-7.60747	0.0121215
4.33375	-7.58972	0.0126244
4.33625	-7.61323	0.0124104
4.33875	-7.60204	0.0106674
4.34125	-7.62399	0.00836743
4.34375	-7.61601	0.0105918
4.34625	-7.62197	0.00947706
4.34875	-7.62844	0.0129757
4.35125	-7.62237	0.013956
4.35375	-7.63112	0.0101165
4.35625	-7.63176	0.0129771
4.35875	-7.64817	0.0122863
4.36125	-7.6392	0.0103388
4.36375	-7.64594	0.0103511
4.36625	-7.64382	0.00815357
4.36875	-7.6634	0.00774153
4.37125	-7.64533	0.0126173
4.37375	-7.64628	0.0107396
4.37625	-7.65253	0.00864292
4.37875	-7.67452	0.0115758
4.38125	-7.66271	0.0116367
4.38375	-7.67883	0.0130559
4.38625	-7.68201	0.0102653
4.38875	-7.67166	0.0118237
4.39125	-7.68194	0.0107754
4.39375	-7.69118	0.0121504
4.39625	-7.67815	0.0124183
4.39875	-7.69054	0.0104076
4.40125	-7.70451	0.011085
4.40375	-7.70187	0.00874709
4.40625	-7.70302	0.0124625
4.40875	-7.69676	0.0136891
4.41125	-7.71242	0.00796372
4.41375	-7.70125	0.0137051
4.41625	-7.73072	0.00853904
4.41875	-7.7212	0.0104009
4.42125	-7.7265	0.0124196
4.42375	-7.72051	0.0104483
4.42625	-7.73262	0.0134339
4.42875	-7.72542	0.0102267
4.43125	-7.74079	0.0139567
4.43375	-7.74079	0.0121481
4.43625	-7.73322	0.0120082
4.43875	-7.74053	0.00813236
4.44125	-7.75896	0.00903941
4.44375	-7.75812	0.0109212
4.44625	-7.75134	0.0124625
4.44875	-7.7609	0.0124895
4.45125	-7.76228	0.0137827
4.45375	-7.75432	0.010462
4.45625	-7.76657	0.00995028
4.45875	-7.77034	0.0114126
4.46125	-7.78208	0.0118771
4.46375	-7.78389	0.0114978
4.46625	-7.78922	0.00814018
4.46875	-7.78669	0.0113563
4.47125	-7.7764	0.0135656
4.47375	-7.78298	0.012096
4.47625	-7.80424	0.0109971
4.47875	-7.80167	0.0147943
4.48125	-7.79821	0.0147292
4.48375	-7.8166	0.0125376
4.48625	-7.80665	0.0133061
4.48875	-7.80897	0.00819027
4.49125	-7.80622	0.0102701
4.49375	-7.83118	0.0113233
4.49625	-7.82254	0.0110788
4.49875	-7.83981	0.00838686
4.50125	-7.8295	0.0114971
4.50375	-7.8376	0.0103575
4.50625	-7.82702	0.0121875
4.50875	-7.84407	0.00901527
4.51125	-7.84653	0.0113799
4.51375	-7.84051	0.0097945
4.51625	-7.84309	0.0162463
4.51875	-7.85765	0.011218
4.52125	-7.8689	0.0128751
4.52375	-7.85803	0.0105829
4.52625	-7.86037	0.0100787
4.52875	-7.8627	0.010374
4.53125	-7.86433	0.0122222
4.53375	-7.86016	0.0156878
4.53625	-7.86988	0.0139544
4.53875	-7.88243	0.00925758
4.54125	-7.88313	0.0111936
4.54375	-7.88695	0.012518
4.54625	-7.89434	0.0123594
4.54875	-7.90081	0.0167969
4.55125	-7.89814	0.00960631
4.55375	-7.89931	0.013314
4.55625	-7.91049	0.0129372
4.55875	-7.90107	0.0107893
4.56125	-7.90935	0.00624202
4.56375	-7.91224	0.00971501
4.56625	-7.90893	0.0118829
4.56875	-7.91155	0.0136125
4.57125	-7.9159	0.0130154
4.57375	-7.93092	0.0124755
4.57625	-7.91838	0.0141647
4.57875	-7.94322	0.0139974
4.58125	-7.94986	0.011295
4.58375	-7.94224	0.00627388
4.58625	-7.93789	0.0132702
4.58875	-7.94796	0.0101666
4.59125	-7.94745	0.0124089
4.59375	-7.94526	0.0105252
4.59625	-7.9604	0.010925
4.59875	-7.96976	0.0126052
4.60125	-7.96362	0.0122707
4.60375	-7.96736	0.0159974
4.60625	-7.97628	0.00402789
4.60875	-7.97766	0.0161593
4.61125	-7.98267	0.0121586
4.61375	-7.97838	0.0118597
4.61625	-7.99023	0.0132789
4.61875	-7.98077	0.012872
4.62125	-7.98645	0.011397
4.62375	-7.99599	0.012809
4.62625	-7.99871	0.00889298
4.62875	-7.99855	0.0104241
4.63125	-8.01456	0.00938535
4.63375	-8.00598	0.0110283
4.63625	-8.02343	0.00923642
4.63875	-8.01528	0.0122298
4.64125	-8.01702	0.0110927
4.64375	-8.01236	0.00824518
4.64625	-8.03272	0.0162531
4.64875	-8.02689	0.0109371
4.65125	-8.02863	0.0111425
4.65375	-8.03314	0.0129389
4.65625	-8.03889	0.0144793
4.65875	-8.05582	0.0114813
4.66125	-8.0483	0.0104682
4.66375	-8.05781	0.0138045
4.66625	-8.04445	0.0120162
4.66875	-8.06875	0.0101783
4.67125	-8.08043	0.00942567
4.67375	-8.0718	0.00664436
4.67625	-8.06246	0.0128469
4.67875	-8.06992	0.0103596
4.68125	-8.07367	0.00932116
4.68375	-8.08703	0.00942452
4.68625	-8.08002	0.00920366
4.68875	-8.09432	0.0126868
4.69125	-8.09247	0.011421
4.69375	-8.10031	0.0125071
4.69625	-8.10489	0.00894474
4.69875	-8.08877	0.0131347
4.70125	-8.09675	0.0145
4.70375	-8.1012	0.0120446
4.70625	-8.1171	0.0136887
4.70875	-8.1103	0.00688367
4.71125	-8.10578	0.0145434
4.71375	-8.10439	0.0170592
4.71625	-8.12359	0.00775704
4.71875	-8.14032	0.0133856
4.72125	-8.1201	0.0123422
4.72375	-8.12814	0.0132719
4.72625	-8.1483	0.0153279
4.72875	-8.1449	0.0101552
4.73125	-8.13564	0.0140558
4.73375	-8.16143	0.0118203
4.73625	-8.15149	0.0146288
4.73875	-8.15696	0.0181702
4.74125	-8.14578	0.0149112
4.74375	-8.16738	0.0139864
4.74625	-8.15494	0.0130762
4.74875	-8.18531	0.0176792
4.75125	-8.17904	0.0105295
4.75375	-8.17088	0.00941667
4.75625	-8.19096	0.0161207
4.75875	-8.18433	0.00951865
4.76125	-8.18991	0.0139058
4.76375	-8.19121	0.0109627
4.76625	-8.18481	0.012428
4.76875	-8.18802	0.0158562
4.77125	-8.18336	0.0122534
4.77375	-8.196	0.011946
4.77625	-8.20634	0.0173542
4.77875	-8.21015	0.0103287
4.78125	-8.20452	0.0142541
4.78375	-8.21879	0.0107571
4.78625	-8.21722	0.0126619
4.78875	-8.21274	0.0119893
4.79125	-8.24226	0.00860194
4.79375	-8.23032	0.0104332
4.79625	-8.23282	0.0142007
4.79875	-8.23988	0.00790133
4.80125	-8.23512	0.0177562
4.80375	-8.24956	0.00974048
4.80625	-8.25027	0.010326
4.80875	-8.26725	0.0195634
4.81125	-8.24397	0.00918606
4.81375	-8.24847	0.0153215
4.81625	-8.25343	0.0122292
4.81875	-8.25105	0.0083152
4.82125	-8.25289	0.0146271
4.82375	-8.28116	0.011486
4.82625	-8.27854	0.0122046
4.82875	-8.27047	0.0116254
4.83125	-8.2773	0.0146383
4.83375	-8.26598	0.0100865
4.83625	-8.29674	0.0114744
4.83875	-8.28436	0.0144429
4.84125	-8.28987	0.0136973
4.84375	-8.30245	0.0149081
4.84625	-8.29552	0.0129351
4.84875	-8.28372	0.0117153
4.85125	-8.29126	0.0151184
4.85375	-8.29539	0.0146647
4.85625	-8.31153	0.0173674
4.85875	-8.31802	0.00927234
4.86125	-8.31274	0.0107645
4.86375	-8.32584	0.0211975
4.86625	-8.32043	0.0114698
4.86875	-8.33488	0.0131246
4.87125	-8.33429	0.0121522
4.87375	-8.3275	0.0117125
4.87625	-8.33308	0.0162486
4.87875	-8.34437	0.0132548
4.88125	-8.36902	0.0126499
4.88375	-8.35042	0.0113252
4.88625	-8.34506	0.0109419
4.88875	-8.35995	0.00970273
4.89125	-8.34045	0.0106556
4.89375	-8.35293	0.0144104
4.89625	-8.36132	0.0122079
4.89875	-8.38398	0.012328
4.90125	-8.36135	0.0144485
4.90375	-8.38327	0.0113497
4.90625	-8.36994	0.014749
4.90875	-8.39046	0.0170666
4.91125	-8.38091	0.01086
4.91375	-8.38717	0.0187643
4.91625	-8.38517	0.0143191
4.91875	-8.39051	0.0157917
4.92125	-8.41727	0.0205608
4.92375	-8.41821	0.0115956
4.92625	-8.41119	0.015282
4.92875	-8.39961	0.00714918
4.93125	-8.39985	0.0112935
4.93375	-8.41629	0.0155312
4.93625	-8.42838	0.0137956
4.93875	-8.44302	0.0173743
4.94125	-8.42983	0.0135981
4.94375	-8.43457	0.0128942
4.94625	-8.40991	0.0160426
4.94875	-8.45765	0.015165
4.95125	-8.44832	0.01114
4.95375	-8.45269	0.0135439
4.95625	-8.45994	0.013734
4.95875	-8.45082	0.0149908
4.96125	-8.4574	0.0174934
4.96375	-8.46478	0.0152872
4.96625	-8.45535	0.0125035
4.96875	-8.46841	0.0156188
4.97125	-8.47568	0.0158744
4.97375	-8.48379	0.0131379
4.97625	-8.48385	0.0146203
4.97875	-8.4709	0.0113523
4.98125	-8.47304	0.0142143
4.98375	-8.48312	0.0134101
4.98625	-8.48471	0.0136276
4.98875	-8.48279	0.0169262
4.99125	-8.49461	0.0121045
4.99375	-8.50814	0.0167417
4.99625	-8.50352	0.0157591
4.99875	-8.50612	0.0154081
5.00125	-8.51201	0.0148569
5.00375	-8.52444	0.0128023
5.00625	-8.53526	0.0139971
5.00875	-8.50829	0.0130073
5.01125	-8.5326	0.00994904
5.01375	-8.52054	0.0136124
5.01625	-8.5287	0.0187921
5.01875	-8.54373	0.0144314
5.02125	-8.53566	0.0111144
5.02375	-8.55035	0.012215
5.02625	-8.55262	0.0144258
5.02875	-8.55374	0.00981781
5.03125	-8.53497	0.0178635
5.03375	-8.55536	0.0106362
5.03625	-8.54672	0.013788
5.03875	-8.56262	0.0148167
5.04125	-8.56573	0.0152823
5.04375	-8.56346	0.0171523
5.04625	-8.56566	0.0134108
5.04875	-8.58118	0.0126247
5.05125	-8.56587	0.0140665
5.05375	-8.59189	0.0139497
5.05625	-8.57508	0.0111935
5.05875	-8.59697	0.0188289
5.06125	-8.59138	0.0135831
5.06375	-8.59274	0.0172895
5.06625	-8.59091	0.0167452
5.06875	-8.61161	0.0196286
5.07125	-8.59738	0.0177046
5.07375	-8.6119	0.0156035
5.07625	-8.62443	0.0172538
5.07875	-8.61602	0.0137683
5.08125	-8.60742	0.0145826
5.08375	-8.62152	0.0116503
5.08625	-8.63289	0.0146796
5.08875	-8.64138	0.010222
5.09125	-8.62168	0.00977566
5.09375	-8.63245	0.0108755
5.09625	-8.61887	0.0147904
5.09875	-8.65098	0.0139265
5.10125	-8.63206	0.0141495
5.10375	-8.65848	0.0150198
5.10625	-8.64135	0.0129822
5.10875	-8.65562	0.0160556
5.11125	-8.64505	0.0119212
5.11375	-8.66275	0.0148827
5.11625	-8.67246	0.0169708
5.11875	-8.6532	0.0134296
