0.00125	-0.00726081	2.90128e-05	-0.0070419	-0.0301495	-0.00745975	0.0273991
0.00375	-0.0216194	3.55229e-05	-0.0213656	-0.0117395	-0.0216914	0.00333034
0.00625	-0.0355804	2.52662e-05	-0.0356435	0.00177345	-0.0355752	-0.000146148
0.00875	-0.0494061	3.01294e-05	-0.0492635	-0.00288628	-0.0492618	-0.00292069
0.01125	-0.0629381	2.60376e-05	-0.0630014	0.00100575	-0.0628973	-0.000648256
0.01375	-0.07649	3.73511e-05	-0.0763545	-0.00177147	-0.0766708	0.00236371
0.01625	-0.0897209	3.69878e-05	-0.0897604	0.000440254	-0.0893794	-0.00380625
0.01875	-0.102806	5.34551e-05	-0.102673	-0.0012937	-0.102812	5.83624e-05
0.02125	-0.115838	5.43736e-05	-0.115751	-0.000751049	-0.116064	0.001951
0.02375	-0.128769	4.06155e-05	-0.128845	0.000590204	-0.128631	-0.00107169
0.02625	-0.141569	6.298e-05	-0.141718	0.00105249	-0.141514	-0.000388503
0.02875	-0.154191	6.15639e-05	-0.154163	-0.000181593	-0.154281	0.000583692
0.03125	-0.16681	5.18748e-05	-0.166858	0.000287753	-0.166749	-0.000365686
0.03375	-0.179259	6.70606e-05	-0.179309	0.000278926	-0.179188	-0.000396075
0.03625	-0.191669	6.5515e-05	-0.19179	0.000631297	-0.191867	0.00103303
0.03875	-0.203903	6.19285e-05	-0.20423	0.0016037	-0.203833	-0.0003433
0.04125	-0.216131	8.44282e-05	-0.216382	0.00116133	-0.216317	0.000860589
0.04375	-0.228276	7.17559e-05	-0.228964	0.0030139	-0.228316	0.000175226
0.04625	-0.240393	7.74509e-05	-0.240592	0.000827811	-0.240572	0.000744614
0.04875	-0.252336	7.05425e-05	-0.252302	-0.000134741	-0.252412	0.000301186
0.05125	-0.264253	6.56401e-05	-0.264659	0.00153641	-0.264346	0.000351935
0.05375	-0.276057	6.60768e-05	-0.276371	0.00113745	-0.276139	0.00029704
0.05625	-0.28778	6.63547e-05	-0.287983	0.0007054	-0.287603	-0.000615053
0.05875	-0.299534	6.44777e-05	-0.299856	0.001075	-0.29934	-0.000647673
0.06125	-0.311117	7.49186e-05	-0.311604	0.00156533	-0.311092	-8.03556e-05
0.06375	-0.322678	7.53895e-05	-0.322955	0.000858441	-0.322448	-0.000712785
0.06625	-0.33414	7.47628e-05	-0.334368	0.000682349	-0.334116	-7.18262e-05
0.06875	-0.345484	5.81747e-05	-0.345726	0.000700467	-0.345745	0.000755462
0.07125	-0.356922	6.34864e-05	-0.357093	0.000479096	-0.356503	-0.00117393
0.07375	-0.36819	6.88055e-05	-0.368625	0.00118146	-0.368235	0.00012222
0.07625	-0.379388	6.88741e-05	-0.379896	0.001339	-0.379698	0.000817105
0.07875	-0.390498	5.89762e-05	-0.391072	0.00146992	-0.390805	0.000786176
0.08125	-0.401745	7.98908e-05	-0.402013	0.00066709	-0.401679	-0.000164283
0.08375	-0.412685	7.40484e-05	-0.41311	0.00102984	-0.412812	0.000307741
0.08625	-0.423642	5.64981e-05	-0.424644	0.0023652	-0.423424	-0.000514585
0.08875	-0.434651	6.47469e-05	-0.435019	0.000846656	-0.434159	-0.00113194
0.09125	-0.445589	6.52815e-05	-0.446171	0.00130614	-0.445444	-0.000325412
0.09375	-0.45644	6.40454e-05	-0.456757	0.000694505	-0.456358	-0.000179651
0.09625	-0.46713	7.44913e-05	-0.467707	0.0012352	-0.467158	5.99405e-05
0.09875	-0.477896	7.07638e-05	-0.478597	0.00146685	-0.47787	-5.44051e-05
0.10125	-0.488538	7.68517e-05	-0.489307	0.00157408	-0.488417	-0.000247678
0.10375	-0.499246	7.33219e-05	-0.499751	0.00101153	-0.499095	-0.000302456
0.10625	-0.50974	6.7435e-05	-0.510394	0.00128301	-0.50967	-0.000137325
0.10875	-0.520345	6.29031e-05	-0.520899	0.00106468	-0.520279	-0.000126839
0.11125	-0.530804	6.20807e-05	-0.531894	0.00205349	-0.531188	0.000723431
0.11375	-0.541167	7.32771e-05	-0.54195	0.00144687	-0.540921	-0.000454573
0.11625	-0.551615	6.11102e-05	-0.552226	0.00110766	-0.551416	-0.000360759
0.11875	-0.561902	7.91138e-05	-0.562706	0.00143085	-0.562024	0.00021712
0.12125	-0.572276	7.76513e-05	-0.572919	0.00112358	-0.572401	0.000218426
0.12375	-0.582605	8.12611e-05	-0.583314	0.00121695	-0.582468	-0.000235151
0.12625	-0.59262	5.64102e-05	-0.593553	0.00157436	-0.592522	-0.000165367
0.12875	-0.602826	8.68609e-05	-0.603733	0.00150458	-0.602945	0.000197404
0.13125	-0.612912	8.16558e-05	-0.613562	0.00106051	-0.612836	-0.000123998
0.13375	-0.623029	9.33481e-05	-0.623961	0.00149592	-0.622937	-0.000147666
0.13625	-0.632963	8.09547e-05	-0.633956	0.00156881	-0.633226	0.000415506
0.13875	-0.643056	0.000105494	-0.64417	0.00173235	-0.643185	0.000200605
0.14125	-0.652828	9.67377e-05	-0.654061	0.00188871	-0.653401	0.00087772
0.14375	-0.662821	0.000101529	-0.663729	0.0013699	-0.662997	0.000265532
0.14625	-0.672637	0.000106425	-0.673825	0.00176618	-0.672632	-7.43343e-06
0.14875	-0.682582	9.95419e-05	-0.68368	0.0016086	-0.682156	-0.000624101
0.15125	-0.692298	0.000110534	-0.693174	0.00126535	-0.692216	-0.000118446
0.15375	-0.702034	0.000103719	-0.702869	0.0011894	-0.701932	-0.000145292
0.15625	-0.711746	0.000107441	-0.713171	0.00200212	-0.711408	-0.000474889
0.15875	-0.721399	0.000110291	-0.722513	0.00154422	-0.721327	-9.98061e-05
0.16125	-0.730978	9.28988e-05	-0.732325	0.00184274	-0.731153	0.000239405
0.16375	-0.740702	9.96607e-05	-0.741699	0.00134602	-0.740686	-2.16011e-05
0.16625	-0.750179	0.000114787	-0.751474	0.00172625	-0.749544	-0.000846465
0.16875	-0.759705	0.000110056	-0.760992	0.00169408	-0.759449	-0.000336973
0.17125	-0.769182	8.73554e-05	-0.77013	0.00123248	-0.76934	0.000205413
0.17375	-0.778577	0.000143498	-0.779931	0.00173907	-0.778958	0.000489354
0.17625	-0.788044	0.000105717	-0.789208	0.00147707	-0.78764	-0.000512662
0.17875	-0.797339	0.000113933	-0.798717	0.00172825	-0.79762	0.000352422
0.18125	-0.806597	0.000111513	-0.807999	0.00173817	-0.807344	0.000926113
0.18375	-0.816109	0.000112089	-0.817118	0.00123635	-0.816434	0.000398231
0.18625	-0.825211	0.000128452	-0.826802	0.00192799	-0.825135	-9.20977e-05
0.18875	-0.834446	9.37276e-05	-0.835618	0.00140452	-0.834849	0.000482955
0.19125	-0.843808	9.99334e-05	-0.845066	0.00149086	-0.84398	0.000203838
0.19375	-0.852758	9.7956e-05	-0.854089	0.00156082	-0.853013	0.00029903
0.19625	-0.861969	0.000100032	-0.863263	0.00150121	-0.861664	-0.000353841
0.19875	-0.871078	0.000109672	-0.872276	0.00137531	-0.871023	-6.31402e-05
0.20125	-0.880164	0.000104751	-0.881493	0.00150995	-0.879882	-0.000320395
0.20375	-0.889109	0.000103856	-0.890911	0.00202675	-0.888822	-0.000322795
0.20625	-0.89809	0.000102646	-0.899771	0.00187175	-0.89806	-3.34042e-05
0.20875	-0.907144	9.65002e-05	-0.909184	0.00224882	-0.90706	-9.25983e-05
0.21125	-0.916153	0.000118987	-0.917406	0.00136768	-0.915715	-0.000478086
0.21375	-0.925038	0.000127979	-0.926432	0.00150697	-0.924489	-0.000593489
0.21625	-0.933803	9.01432e-05	-0.9355	0.0018173	-0.933646	-0.00016813
0.21875	-0.942593	9.71155e-05	-0.944288	0.00179823	-0.942532	-6.47151e-05
0.22125	-0.951457	0.000125817	-0.953511	0.00215879	-0.951557	0.000105102
0.22375	-0.96022	0.000108834	-0.962272	0.00213701	-0.960179	-4.26985e-05
0.22625	-0.968988	8.90553e-05	-0.970742	0.00181014	-0.969382	0.00040661
0.22875	-0.977747	9.6895e-05	-0.979974	0.00227769	-0.977829	8.38663e-05
0.23125	-0.98629	0.00010956	-0.988346	0.00208458	-0.986143	-0.000149043
0.23375	-0.99512	0.000112863	-0.99673	0.0016179	-0.995137	1.70834e-05
0.23625	-1.00366	0.000106222	-1.00544	0.00177351	-1.00358	-7.97083e-05
0.23875	-1.01219	9.79471e-05	-1.01396	0.00174868	-1.01237	0.000177832
0.24125	-1.02089	0.000110048	-1.02271	0.00178276	-1.02055	-0.000333043
0.24375	-1.02936	9.88819e-05	-1.03112	0.0017098	-1.02902	-0.000330302
0.24625	-1.03797	0.000104704	-1.04032	0.00226403	-1.03822	0.000240855
0.24875	-1.04642	0.000126922	-1.04846	0.0019495	-1.04676	0.000324917
0.25125	-1.05481	0.000102351	-1.05693	0.00200984	-1.05483	1.89608e-05
0.25375	-1.06333	0.000111475	-1.06542	0.00196552	-1.06392	0.000554861
0.25625	-1.0717	0.000122897	-1.07376	0.00192218	-1.07179	8.39787e-05
0.25875	-1.08003	0.000139877	-1.08249	0.00227771	-1.08001	-1.8518e-05
0.26125	-1.08844	0.000108197	-1.09077	0.00214068	-1.08809	-0.000321561
0.26375	-1.09674	0.000129266	-1.09821	0.00134034	-1.09661	-0.000118533
0.26625	-1.10516	0.000100279	-1.10685	0.00152919	-1.1053	0.000126678
0.26875	-1.11334	0.000140221	-1.11582	0.00222753	-1.11315	-0.000170658
0.27125	-1.12142	0.00011496	-1.12386	0.00217581	-1.12133	-8.02554e-05
0.27375	-1.12979	0.000119399	-1.1319	0.0018676	-1.12933	-0.000407155
0.27625	-1.13808	0.000132822	-1.14029	0.00194187	-1.13784	-0.000210881
0.27875	-1.14606	0.00011622	-1.14921	0.00274855	-1.1458	-0.000226864
0.28125	-1.15423	9.7229e-05	-1.1563	0.0017934	-1.15375	-0.000415862
0.28375	-1.16231	0.000118229	-1.16455	0.0019272	-1.16208	-0.000197882
0.28625	-1.17037	0.000107545	-1.17283	0.0021019	-1.17055	0.000153798
0.28875	-1.17854	0.000138257	-1.18099	0.00207884	-1.1782	-0.000288493
0.29125	-1.18649	9.60019e-05	-1.18907	0.00217448	-1.18653	3.37129e-05
0.29375	-1.19459	0.000119234	-1.19718	0.00216811	-1.19435	-0.000200906
0.29625	-1.20252	0.000124727	-1.20489	0.00197086	-1.20259	5.82111e-05
0.29875	-1.21042	0.000148303	-1.21274	0.00191669	-1.21017	-0.00020654
0.30125	-1.21835	0.000113718	-1.22098	0.00215866	-1.21836	8.20782e-06
0.30375	-1.22637	0.000133313	-1.22848	0.00172052	-1.22623	-0.000114158
0.30625	-1.2342	0.000127701	-1.23677	0.00208232	-1.23399	-0.000170151
0.30875	-1.24201	0.000137297	-1.2448	0.00224636	-1.24136	-0.000523345
0.31125	-1.25001	0.000146527	-1.25223	0.00177599	-1.24964	-0.000295998
0.31375	-1.25765	0.000116247	-1.25994	0.00182086	-1.25758	-5.56594e-05
0.31625	-1.26545	0.000122694	-1.26787	0.00191236	-1.26553	6.32186e-05
0.31875	-1.27329	0.000118776	-1.27571	0.00190059	-1.27283	-0.000361269
0.32125	-1.28096	0.000122798	-1.28379	0.00220928	-1.28111	0.0001171
0.32375	-1.28877	9.72717e-05	-1.29132	0.00197863	-1.2889	0.000100871
0.32625	-1.29643	0.000126825	-1.29936	0.00226005	-1.29599	-0.000339394
0.32875	-1.30405	0.000108564	-1.30671	0.0020398	-1.30341	-0.000490779
0.33125	-1.31179	0.000129293	-1.31432	0.00192866	-1.31171	-6.09854e-05
0.33375	-1.31935	0.000153519	-1.32174	0.0018115	-1.31926	-6.82154e-05
0.33625	-1.32689	0.000102416	-1.32953	0.00198961	-1.32669	-0.000150728
0.33875	-1.33458	0.000114466	-1.33715	0.0019257	-1.33452	-4.4958e-05
0.34125	-1.34219	0.000147212	-1.34486	0.00198929	-1.34223	2.9802e-05
0.34375	-1.3497	0.000132562	-1.35273	0.00224494	-1.34946	-0.000177817
0.34625	-1.3573	0.00012034	-1.36001	0.00199661	-1.35691	-0.000287335
0.34875	-1.36481	0.000138583	-1.36754	0.00200028	-1.36444	-0.0002711
0.35125	-1.37213	0.000128919	-1.37549	0.00244875	-1.37189	-0.000174911
0.35375	-1.37969	0.000119119	-1.38263	0.00213091	-1.37947	-0.000159456
0.35625	-1.38708	0.00011739	-1.39074	0.00263864	-1.38656	-0.000374888
0.35875	-1.39447	8.46276e-05	-1.39771	0.00232346	-1.39379	-0.00048764
0.36125	-1.40206	0.00014236	-1.40521	0.00224669	-1.40141	-0.000463604
0.36375	-1.40934	0.00011005	-1.41242	0.00218542	-1.40862	-0.000510877
0.36625	-1.41676	0.000124841	-1.42016	0.00239984	-1.4164	-0.000254101
0.36875	-1.42402	0.000132618	-1.42691	0.00202947	-1.4237	-0.000224716
0.37125	-1.43126	0.000135266	-1.43423	0.00207509	-1.43105	-0.000146724
0.37375	-1.43862	0.000157287	-1.44155	0.00203667	-1.43859	-2.08533e-05
0.37625	-1.44587	0.000131705	-1.44895	0.00213021	-1.44571	-0.00011066
0.37875	-1.45312	0.000141115	-1.45625	0.00215399	-1.4529	-0.000151398
0.38125	-1.46045	9.7338e-05	-1.4633	0.00195145	-1.45984	-0.000417679
0.38375	-1.46746	0.00011207	-1.47106	0.00245322	-1.4671	-0.000245322
0.38625	-1.47462	0.000150658	-1.47805	0.00232602	-1.4747	5.42513e-05
0.38875	-1.48186	0.000133245	-1.48524	0.00228092	-1.48122	-0.00043189
0.39125	-1.48901	0.000143322	-1.49206	0.00204834	-1.489	-6.71587e-06
0.39375	-1.49617	0.000149931	-1.4994	0.00215885	-1.49515	-0.000681741
0.39625	-1.50335	0.000122573	-1.50668	0.00221505	-1.50277	-0.000385805
0.39875	-1.51029	0.000128977	-1.5135	0.00212542	-1.51024	-3.31062e-05
0.40125	-1.51738	0.000144401	-1.52082	0.00226707	-1.5173	-5.27225e-05
0.40375	-1.5246	0.000121894	-1.52786	0.00213827	-1.52466	3.93546e-05
0.40625	-1.53156	0.000125789	-1.5347	0.0020502	-1.53122	-0.000221996
0.40875	-1.53863	0.000139848	-1.54171	0.00200178	-1.53835	-0.00018198
0.41125	-1.54562	0.000139634	-1.54902	0.00219976	-1.54531	-0.000200567
0.41375	-1.55264	0.000122454	-1.55599	0.00215762	-1.55174	-0.000579658
0.41625	-1.55949	0.000115986	-1.56289	0.0021802	-1.55879	-0.000448865
0.41875	-1.56652	0.000120433	-1.57019	0.00234277	-1.5659	-0.000395782
0.42125	-1.57338	0.000122813	-1.57631	0.00186223	-1.57345	4.44902e-05
0.42375	-1.58038	0.000141696	-1.58446	0.00258166	-1.57954	-0.000531518
0.42625	-1.58727	0.000127712	-1.59062	0.00211054	-1.58667	-0.000378008
0.42875	-1.59413	0.000139995	-1.59787	0.00234611	-1.59338	-0.000470476
0.43125	-1.60081	0.000160541	-1.60402	0.00200523	-1.60042	-0.000243627
0.43375	-1.60781	0.000130411	-1.6111	0.00204626	-1.60723	-0.000360739
0.43625	-1.61464	0.000171488	-1.61799	0.00207477	-1.61451	-8.05133e-05
0.43875	-1.62142	0.000148873	-1.62478	0.00207226	-1.62081	-0.000376213
0.44125	-1.6283	0.000158128	-1.63174	0.00211263	-1.62726	-0.000638703
0.44375	-1.635	0.000129241	-1.63873	0.00228135	-1.63416	-0.000513761
0.44625	-1.64171	0.000132449	-1.64522	0.00213801	-1.64149	-0.000134007
0.44875	-1.64838	0.000139636	-1.65234	0.00240236	-1.64838	-0
0.45125	-1.65499	0.000156318	-1.65863	0.00219941	-1.65476	-0.000138974
0.45375	-1.66163	0.000115121	-1.66588	0.00255773	-1.66175	7.22182e-05
0.45625	-1.66841	0.000153397	-1.67225	0.00230159	-1.66823	-0.000107887
0.45875	-1.67513	0.00017392	-1.67888	0.00223863	-1.67509	-2.38787e-05
0.46125	-1.68185	0.00014626	-1.68606	0.0025032	-1.68118	-0.000398371
0.46375	-1.68845	0.000154936	-1.69233	0.00229797	-1.68784	-0.000361278
0.46625	-1.6951	0.000136189	-1.69875	0.00215327	-1.69447	-0.000371659
0.46875	-1.70175	0.000148907	-1.7057	0.00232114	-1.70121	-0.00031732
0.47125	-1.70831	0.000164073	-1.71243	0.00241174	-1.70777	-0.000316102
0.47375	-1.71481	0.000123834	-1.71886	0.00236178	-1.71398	-0.000484019
0.47625	-1.72155	0.000149008	-1.72524	0.00214342	-1.72097	-0.000336906
0.47875	-1.72794	0.000131475	-1.7324	0.00258111	-1.72684	-0.000636596
0.48125	-1.73431	0.000138247	-1.73891	0.00265235	-1.73413	-0.000103788
0.48375	-1.74099	0.000172711	-1.74448	0.00200461	-1.73991	-0.000620337
0.48625	-1.74734	0.000153923	-1.75188	0.00259824	-1.74694	-0.000228919
0.48875	-1.7538	0.000130492	-1.75775	0.00225225	-1.7535	-0.000171057
0.49125	-1.76038	0.000141007	-1.76471	0.0024597	-1.75957	-0.000460128
0.49375	-1.76694	0.00016341	-1.77035	0.00192989	-1.76647	-0.000265997
0.49625	-1.77309	0.000138502	-1.77782	0.00266766	-1.77238	-0.000400431
0.49875	-1.7797	0.00011575	-1.78364	0.00221386	-1.77924	-0.000258471
