#n_h: 3
#T/J: 0.2
 1  2  3  4  5  6  7  8  9 10 11 12 13 14 15 16 17 18 19 20 21 22 23 24 25 26 27 28 29
0.00058131 0.00196339 0.0036981  0.00550983 0.00686344 0.00795025 0.00847768 0.00872146 0.00871378 0.00872065 0.00859135 0.00854778 0.0085895  0.00855894 0.0086564  0.00859383 0.0085435  0.00857128 0.00858907 0.0086956  0.00874093 0.0087012  0.00847988 0.00795425 0.00692107 0.00553909 0.00368605 0.00195284 0.00060486
0.00012227 0.0001933  0.00027454 0.00029677 0.00035858 0.00021906 0.00015072 0.00016968 0.00018756 0.00029054 0.0002471  0.00025616 0.00024629 0.00023591 0.00025304 0.000261   0.00027384 0.00023907 0.00025798 0.00023859 0.00019191 0.00018775 0.00017012 0.00024122 0.00032627 0.00029707 0.00025203 0.00016248 0.00014044

#n_h: 3
#T/J: 0.5
 1  2  3  4  5  6  7  8  9 10 11 12 13 14 15 16 17 18 19 20 21 22 23 24 25 26 27 28 29
0.0011975  0.00353575 0.00572676 0.00711438 0.00770058 0.00785081 0.0079057  0.00786706 0.00786438 0.00786289 0.00786306 0.00785436 0.00783451 0.00782665 0.00784387 0.00783998 0.00783836 0.00788171 0.00781988 0.00784585 0.00787573 0.00785785 0.00791532 0.00788265 0.00771069 0.00712502 0.00575166 0.00352785 0.00116993
0.00011984 0.00014813 0.00012442 0.00012166 0.00013054 0.00013231 0.00012907 0.00014693 0.00012379 0.0001322  0.00013422 0.00015061 0.00014836 0.00014227 0.00015834 0.00015421 0.00013842 0.00011979 0.00015169 0.0001506  0.00011937 0.00016698 0.00011544 0.00011305 0.00012692 0.0001366  0.00015773 0.00011585 0.00014768

#n_h: 3
#T/J: 1.0
 1  2  3  4  5  6  7  8  9 10 11 12 13 14 15 16 17 18 19 20 21 22 23 24 25 26 27 28 29
0.00196621 0.0049912  0.00682502 0.00740628 0.00748533 0.00752841 0.00747963 0.00754144 0.00748504 0.00750418 0.00752512 0.00748508 0.00751732 0.00754854 0.00754798 0.00755998 0.00751255 0.00753318 0.00749455 0.00747361 0.00745689 0.00748896 0.00749877 0.00750227 0.00749792 0.00739889 0.00684478 0.00505917 0.00197376
0.00014775 0.00014684 0.00014428 0.0001232  0.00013446 0.00014313 0.00011962 0.00013882 0.0001399  0.00016924 0.00015282 0.00013491 0.00011722 0.00015664 0.0001103  0.00016416 0.00010785 0.00014269 0.00011731 0.00013387 0.00011378 0.00015114 0.00017346 0.0001387 0.00013999 0.00012995 0.00013527 0.00010503 0.0001861 

#n_h: 4
#T/J: 0.2
 1  2  3  4  5  6  7  8  9 10 11 12 13 14 15 16 17 18 19 20 21 22 23 24 25 26 27 28 29
0.0014948  0.00474605 0.00885633 0.01250486 0.01516362 0.01653513 0.01695549 0.01674125 0.01654638 0.01647183 0.0163651  0.01647442 0.01664038 0.01674692 0.01675806 0.01674676 0.01663076 0.01647138 0.01639726 0.01643967 0.01655859 0.01676355 0.01695234 0.01651642 0.0151352  0.01252986 0.00883479 0.00478327 0.00147825
0.00017029 0.00018951 0.00025406 0.00031068 0.00024855 0.0002384 0.00020998 0.00032857 0.00023301 0.00018845 0.00025925 0.00019931 0.0002407  0.00026749 0.00042654 0.0002652  0.00024456 0.00021932 0.00030605 0.00020379 0.00022657 0.0003158  0.00022695 0.00024037 0.00024734 0.00023705 0.00026898 0.00024899 0.00015205

#n_h: 4
#T/J: 0.5
 1  2  3  4  5  6  7  8  9 10 11 12 13 14 15 16 17 18 19 20 21 22 23 24 25 26 27 28 29
0.00264027 0.00763435 0.01211432 0.01456759 0.01545546 0.01556161 0.01557646 0.01562159 0.01553591 0.01555328 0.01552864 0.01556818 0.01557354 0.01557445 0.0155801  0.01559509 0.01556855 0.01554906 0.01553155 0.01559075 0.01556772 0.01556423 0.01554883 0.01557911 0.01545778 0.01454057 0.01209638 0.00763117 0.00261305
0.00016042 0.00016955 0.00019515 0.00017429 0.00014207 0.00013633 0.00016389 0.00016425 0.00016314 0.00017506 0.00014564 0.00014427 0.00017584 0.00014738 0.00020085 0.00019335 0.00017466 0.00016663 0.00017929 0.0001048  0.00016092 0.00013265 0.00015469 0.00015316 0.0001766  0.00014563 0.00015612 0.00016794 0.0001461 

#n_h: 4
#T/J: 1.0
 1  2  3  4  5  6  7  8  9 10 11 12 13 14 15 16 17 18 19 20 21 22 23 24 25 26 27 28 29
0.00415936 0.01052113 0.0138925  0.01480363 0.01495288 0.01489078 0.01491088 0.01493606 0.01485832 0.01489732 0.0148769  0.01497371 0.01494116 0.01490667 0.0149868  0.01493714 0.01494527 0.01495335 0.01488835 0.01490811 0.01490045 0.01492121 0.01493281 0.01491386 0.01495932 0.01484322 0.01388016 0.01048506 0.00416143
0.00014638 0.00016752 0.00015183 0.00014683 0.00013035 0.00017641 0.00013927 0.00012762 0.00014009 0.00016918 0.00017153 0.00017442 0.00017097 0.00016782 0.00018402 0.00018583 0.00017918 0.0001981 0.0001457  0.00014246 0.00012535 0.00014245 0.00013804 0.00016113 0.00015647 0.00016596 0.00013313 0.00015073 0.00016354

#n_h: 5
#T/J: 0.2
 1  2  3  4  5  6  7  8  9 10 11 12 13 14 15 16 17 18 19 20 21 22 23 24 25 26 27 28 29
0.00309646 0.0097016  0.01715473 0.02317861 0.02643972 0.02725825 0.02684691 0.02631857 0.0262394  0.0265133  0.02690689 0.02704932 0.0269468  0.02662087 0.02652825 0.02666357 0.02690018 0.02701446 0.0269456  0.02653004 0.02624478 0.02632545 0.02681073 0.02727181 0.02648366 0.02317879 0.01717486 0.00966205 0.00307276
0.00018596 0.00024668 0.00032337 0.00026524 0.00026596 0.00033347 0.00028311 0.0002537  0.00037647 0.00030427 0.00027052 0.000308 0.00027197 0.00025434 0.00035045 0.00025189 0.00026543 0.00031258 0.00027909 0.00029678 0.00034156 0.00031922 0.00027992 0.00030455 0.00023004 0.0002603  0.00030309 0.00026113 0.00023115

#n_h: 5
#T/J: 0.5
 1  2  3  4  5  6  7  8  9 10 11 12 13 14 15 16 17 18 19 20 21 22 23 24 25 26 27 28 29
0.00481321 0.0138565  0.02124921 0.02483513 0.02561382 0.02561652 0.02551964 0.02556197 0.02555885 0.02554823 0.02557811 0.0255678 0.02557814 0.02560978 0.02556303 0.02560265 0.02560541 0.02560612 0.02558034 0.02556897 0.02554855 0.02549703 0.02551817 0.02562385 0.02558751 0.02482062 0.02124304 0.01387737 0.00483133
0.00018203 0.00016802 0.00013587 0.00016961 0.00017923 0.00015333 0.00015694 0.00014629 0.0001522  0.00015352 0.000108   0.00017676 0.00015723 0.00020264 0.00018288 0.00014623 0.00019023 0.00013996 0.00014961 0.00014328 0.00013802 0.00014728 0.00013615 0.00014385 0.00019649 0.00017144 0.00018293 0.00018753 0.00013954

#n_h: 5
#T/J: 1.0
 1  2  3  4  5  6  7  8  9 10 11 12 13 14 15 16 17 18 19 20 21 22 23 24 25 26 27 28 29
0.00745171 0.01834677 0.02362088 0.02469567 0.02472723 0.02473077 0.02472106 0.0246835  0.02469719 0.02471488 0.02472184 0.02473671 0.02468155 0.02472014 0.02473579 0.02472251 0.02471645 0.02468695 0.0246758  0.02468998 0.02469489 0.02468677 0.02471362 0.02471121 0.02474094 0.02468471 0.02356155 0.01834996 0.00748712
0.00015287 0.00019521 0.00018904 0.00017659 0.00014663 0.0001305 0.00016277 0.00014911 0.00016308 0.00018029 0.00016302 0.0001278 0.00020588 0.00016429 0.00016118 0.00017929 0.00014665 0.00015957 0.00014351 0.0001552  0.00014936 0.00016979 0.00018774 0.00014254 0.00013728 0.00018659 0.00018344 0.00021691 0.00014792

#n_h: 6
#T/J: 0.2
 1  2  3  4  5  6  7  8  9 10 11 12 13 14 15 16 17 18 19 20 21 22 23 24 25 26 27 28 29
0.00588699 0.0178467  0.0298659  0.03741618 0.03957079 0.03878769 0.03801726 0.03840652 0.03915143 0.03947479 0.03924543 0.03887854 0.03881937 0.0392463  0.03944102 0.03924488 0.03890339 0.03879743 0.03918939 0.03951937 0.03917045 0.03841437 0.03802875 0.03880588 0.03951638 0.03739242 0.02987709 0.01788633 0.00586436
0.00024    0.00029249 0.00030408 0.00028027 0.00038261 0.00026604 0.00031175 0.00030556 0.0002662  0.00034268 0.00031082 0.00022578 0.0003185  0.00024648 0.00038773 0.0003176  0.0003116  0.00025399 0.00029392 0.00032806 0.00026322 0.00027621 0.00026354 0.0002771 0.0003593  0.00034162 0.00031158 0.00022499 0.00017813

#n_h: 6
#T/J: 0.5
 1  2  3  4  5  6  7  8  9 10 11 12 13 14 15 16 17 18 19 20 21 22 23 24 25 26 27 28 29
0.00815335 0.02274142 0.03359129 0.037691   0.03807093 0.03775516 0.03778719 0.03790939 0.03799232 0.0379849  0.03796151 0.03792613 0.03786511 0.03792564 0.03794128 0.03795623 0.03797856 0.03791862 0.03792394 0.03792641 0.03795651 0.03791886 0.03777583 0.0377944 0.03801001 0.0377195  0.033574   0.02276129 0.00811721
0.00021353 0.00018338 0.00013859 0.00016885 0.00017986 0.00017257 0.00015267 0.00015166 0.0001446  0.00016462 0.00013577 0.00017699 0.00016283 0.0001442  0.00020272 0.0001352  0.00017231 0.00018313 0.00018138 0.00019104 0.00017913 0.00019228 0.00014118 0.00018748 0.00016038 0.00016018 0.00014923 0.0001818  0.00015764

#n_h: 6
#T/J: 1.0
 1  2  3  4  5  6  7  8  9 10 11 12 13 14 15 16 17 18 19 20 21 22 23 24 25 26 27 28 29
0.01197739 0.02867796 0.03583684 0.03688567 0.03685462 0.03681502 0.03679111 0.03685805 0.03680627 0.03680938 0.0368267  0.0367972 0.03681393 0.03685364 0.03685213 0.03681499 0.03681232 0.03680034 0.0368124  0.0367667  0.03681616 0.03680462 0.03682292 0.03683682 0.03686166 0.036878   0.0357901  0.02867889 0.01197972
0.00020482 0.00022614 0.00028552 0.00017228 0.00018002 0.00014622 0.00020331 0.00019223 0.00020845 0.00021566 0.0001816  0.00017897 0.000163   0.00018815 0.00023572 0.00017822 0.00017764 0.00017437 0.00014803 0.00017832 0.0001824  0.00018366 0.00017825 0.00018772 0.00020077 0.00019959 0.00024062 0.00025854 0.00020482

#n_h: 7
#T/J: 0.2
 1  2  3  4  5  6  7  8  9 10 11 12 13 14 15 16 17 18 19 20 21 22 23 24 25 26 27 28 29
0.01035258 0.02981068 0.04641533 0.05337966 0.05312642 0.05198063 0.05263166 0.05374649 0.05391936 0.05331394 0.05322477 0.05368553 0.05392732 0.05364439 0.05327997 0.05372673 0.05395344 0.05368025 0.05322438 0.05327418 0.05390951 0.05377231 0.05262376 0.05199431 0.0531194  0.05342314 0.0464304  0.02978892 0.01034082
0.00020582 0.00028199 0.00028289 0.00027305 0.00023504 0.00032573 0.00029749 0.00032488 0.00039103 0.00031299 0.00022982 0.00036376 0.00032991 0.00028309 0.00029101 0.00029697 0.00026899 0.00032106 0.00023157 0.00026361 0.00034432 0.00030487 0.00032757 0.0003053 0.00023373 0.00025446 0.00029228 0.00026787 0.00024726

#n_h: 7
#T/J: 0.5
 1  2  3  4  5  6  7  8  9 10 11 12 13 14 15 16 17 18 19 20 21 22 23 24 25 26 27 28 29
0.01287279 0.03470672 0.04892294 0.05260529 0.05223295 0.05209499 0.05240846 0.05254436 0.05252119 0.05246258 0.05251746 0.05251571 0.05253997 0.05250009 0.05247768 0.05250012 0.05254484 0.05253817 0.0524909  0.05244995 0.05252829 0.05258252 0.05238573 0.05207433 0.05221618 0.05261227 0.04892547 0.03471722 0.01283645
0.00014236 0.00014332 0.00015354 0.00017139 0.00017916 0.0001794 0.00016069 0.00017726 0.00016975 0.00012926 0.00018942 0.0001491 0.00014121 0.0001783  0.00018233 0.00015311 0.00015953 0.00018589 0.00013733 0.00015459 0.00020476 0.00015376 0.00013948 0.00019519 0.00017225 0.00016287 0.00011665 0.00016468 0.00019729

#n_h: 7
#T/J: 1.0
 1  2  3  4  5  6  7  8  9 10 11 12 13 14 15 16 17 18 19 20 21 22 23 24 25 26 27 28 29
0.01801291 0.04175234 0.05056861 0.05125411 0.05119239 0.05127234 0.05132473 0.05128513 0.05129154 0.05132053 0.0512768  0.05133112 0.05131092 0.05129997 0.05129855 0.05129918 0.05127514 0.05130665 0.05133017 0.05133599 0.05130851 0.05125694 0.05127389 0.0512673 0.05115132 0.051333   0.0505451  0.04177974 0.0180333 
0.00021893 0.00024078 0.00020504 0.00017129 0.00018074 0.00015718 0.00020638 0.00020711 0.00014313 0.0002084  0.00018477 0.00016947 0.00013228 0.00022623 0.00021522 0.00017817 0.00015266 0.00016 0.00017385 0.00018581 0.00018368 0.00018467 0.0002068  0.00019273 0.00017788 0.00015694 0.00020768 0.00022454 0.00016096

#n_h: 8
#T/J: 0.2
 1  2  3  4  5  6  7  8  9 10 11 12 13 14 15 16 17 18 19 20 21 22 23 24 25 26 27 28 29
0.01688826 0.04601767 0.06612705 0.07022785 0.06806493 0.06843662 0.07037771 0.07054232 0.06972185 0.06996715 0.07073227 0.07043575 0.06999879 0.07035135 0.07065659 0.07039727 0.06998158 0.07039305 0.07067056 0.06994845 0.06976481 0.07052365 0.07037185 0.06850146 0.06803331 0.07021164 0.06613744 0.04609141 0.01684956
0.00019953 0.00021233 0.00024152 0.00029907 0.00028926 0.00028891 0.00029824 0.00022867 0.00029232 0.00034515 0.00027511 0.00031546 0.00026241 0.00029118 0.00045964 0.00027144 0.00025064 0.00028221 0.00027677 0.00034938 0.00028695 0.00030007 0.00029182 0.00030412 0.00026665 0.00028191 0.0002216  0.00024874 0.00019975

#n_h: 8
#T/J: 0.5
 1  2  3  4  5  6  7  8  9 10 11 12 13 14 15 16 17 18 19 20 21 22 23 24 25 26 27 28 29
0.0195638  0.05050642 0.06718316 0.0692762  0.06844602 0.06893949 0.06944829 0.06940895 0.06928274 0.0693423  0.06940901 0.06939574 0.06930208 0.06936128 0.06941346 0.06935895 0.06932906 0.06935524 0.06939461 0.06938796 0.06926528 0.06937864 0.06945996 0.06893843 0.06842018 0.06928927 0.06722261 0.05042499 0.01950697
0.00018756 0.00019848 0.00018575 0.00016157 0.00019753 0.00019207 0.00018203 0.00020646 0.00019363 0.00019077 0.0001623  0.00019922 0.00017315 0.00020141 0.00023939 0.00017651 0.00015354 0.00015168 0.00017947 0.00015525 0.00020029 0.00017531 0.00020231 0.00018977 0.00019834 0.00018468 0.0001987  0.00013988 0.00016046

#n_h: 8
#T/J: 1.0
 1  2  3  4  5  6  7  8  9 10 11 12 13 14 15 16 17 18 19 20 21 22 23 24 25 26 27 28 29
0.02600811 0.05788851 0.06766697 0.06789646 0.0678841  0.06798877 0.0679915  0.06800011 0.06798202 0.06800957 0.06799508 0.06796523 0.0680121  0.06802511 0.0680551  0.06799654 0.06803637 0.06798025 0.06800628 0.06801231 0.06801094 0.06803035 0.06799889 0.06798051 0.06787669 0.06782359 0.06767945 0.05789866 0.02598875
0.00018359 0.00017144 0.00017841 0.00013584 0.0001998  0.00016316 0.00015074 0.00017604 0.00014121 0.0002094  0.00017308 0.0002401 0.00023125 0.00023222 0.00019343 0.00020831 0.00019697 0.00019767 0.00015879 0.0001881  0.00019495 0.00013429 0.00016121 0.00018433 0.00016147 0.00018647 0.0001536  0.00016238 0.00016329

