0 0.852078641392 0.000390495859067 0.000560472750047 0.000168360408892
1 0.80906277387 0.000437936482687 -0.00150049214149 0.000450527799665
2 0.797440084077 0.000358228709364 0.00206395354528 0.00058812412861
3 0.794108415903 0.000454994857018 -0.00175971056717 0.00050522161214
4 0.793335303394 0.000427807205573 0.00107720627898 0.000412563764211
5 0.793923454943 0.00055092608175 -0.000893757650508 0.000548585360206
6 0.794215575963 0.000513484252482 0.000774289953273 0.00068857312592
7 0.794261637765 0.00049150996362 -0.000392635945789 0.000710339966644
8 0.794103116913 0.000452574146227 -9.92498138748e-05 0.000653158403099
9 0.793976508588 0.000405068754442 0.000408221169486 0.000537307123973
10 0.794232545578 0.000343920266172 -0.000549457424208 0.000482965503166
11 0.794632712431 0.000292752140875 0.000586178315901 0.000548281315069
12 0.795001928039 0.000240074988571 -0.000493084062013 0.000574286414985
13 0.795114007496 0.000384327398841 0.000188516083239 0.000441115277633
14 0.795136232953 0.000387322478086 0.000150199330297 0.000411088779187
15 0.795061879712 0.000391802827278 -0.000159746925447 0.000460891802073
16 0.795125600098 0.000395011375911 5.63629426068e-05 0.000568742071715
17 0.795489027477 0.000398104560446 -9.75813787087e-05 0.000534033507485
18 0.795249304627 0.000441557989833 0.000140922724815 0.000428978271069
19 0.795272382988 0.000450897202088 6.22730329377e-05 0.000298126684886
20 0.79513007572 0.000480624215145 -0.000348240096446 0.000271309417101
21 0.795059762247 0.000553933811692 0.00069039036054 0.000299766184851
22 0.795305950535 0.000417265088242 -0.00111321257782 0.000350409950475
23 0.7955233801 0.000455538134898 0.00137497104733 0.000388412329398
24 0.79571247376 0.000357273772667 -0.00137594510471 0.000295472929063
25 0.795590519949 0.000424680661135 0.00127267221704 0.000348579209235
26 0.796050207122 0.000365404976096 -0.00134126946323 0.000737378766463
27 0.799571488885 0.000544410546015 0.00141303808894 0.000935358170698
28 0.811353189582 0.000702722818434 -0.00105278582661 0.000766611419847
29 0.853881817893 0.000718747483227 0.000357501137311 0.000297454627697
