0 0 0.841204895805 0.00206866222305 0.420602447903 0.00103433111152
1 0 0.808265505828 0.00263033471189 -0.264069195113 0.00329030370945
2 0 0.802746647432 0.00250409433148 0.135774422694 0.00520314485292
3 0 0.798467612241 0.00250253951636 -0.054844103973 0.00607586693732
4 0 0.796794810546 0.00223839917286 0.00998108938403 0.00621629174473
5 0 0.798856876572 0.00189995931025 0.00925073406352 0.00571624454349
6 0 0.799886224547 0.00185471426774 -0.0125338987684 0.00453717121221
7 0 0.799485072636 0.00193022871873 0.0105129207343 0.00333459136999
8 0 0.797976870016 0.00244064569182 -0.00724321199606 0.00313731254305
9 0 0.797433162337 0.00277156414068 0.00285513049264 0.00425597271163
10 0 0.798021807982 0.00231834464436 0.00103124811122 0.0048539641894
11 0 0.79782975518 0.00157940839847 -0.00346924568996 0.00398018671016
12 0 0.796384367168 0.00199299788077 0.00399361500656 0.00267729832087
13 0 0.79637318909 0.00160518429843 -0.0028792744754 0.00317088191419
14 0 0.795970360227 0.00230503207859 0.00111083088497 0.00481905137258
15 0 0.795585191495 0.0025734723054 0.000383239729438 0.00494218825446
16 0 0.797831573593 0.00228231315714 -0.00197326849454 0.00406922048354
17 0 0.797031303351 0.00177712404449 0.0024488005168 0.00418828493045
18 0 0.79599128457 0.00192276181864 -0.00145567887579 0.00483823798022
19 0 0.795776083589 0.00221655921528 0.00178839019688 0.00458734384191
20 0 0.796484867506 0.0019326342021 -0.00300528278667 0.0040294212032
21 0 0.797049624721 0.00260954592455 0.00425049162763 0.00500123205507
22 0 0.795358901259 0.00223757603036 -0.00733618874353 0.00631561463167
23 0 0.795486639383 0.00199880176939 0.0107796800178 0.00627130118113
24 0 0.795031251655 0.00210240661263 -0.00952631067687 0.00523161097105
25 0 0.794068224885 0.00260523838059 -0.00382417333613 0.00423262091629
26 0 0.793367699333 0.00261318596886 0.0421605626844 0.00445934880475
27 0 0.794551350066 0.00280686232256 -0.120730441576 0.00535857926361
28 0 0.800378481135 0.0035718956104 0.251121853384 0.00465470399565
29 0 0.83031036585 0.00374662280127 -0.415155182925 0.00187331140064
0 1 0.851041617667 0.00324478335842 -0.425520808833 0.00162239167921
1 1 0.808144595149 0.00378248582015 0.27331684694 0.0046502654812
2 1 0.796496395728 0.00336703762369 -0.140510102309 0.00691064204393
3 1 0.792898311595 0.00265240891684 0.0535778592019 0.0073143937616
4 1 0.792047170744 0.00229159822359 -0.00555546381684 0.00603882404876
5 1 0.790396934794 0.0026909130549 -0.0154297963428 0.0047170364944
6 1 0.789903338399 0.00224571343088 0.0200835951247 0.00504056213634
7 1 0.791408367918 0.00192892773704 -0.0171647432694 0.00552894900883
8 1 0.79307356617 0.00291318885752 0.0103687258552 0.00517416851928
9 1 0.793725385819 0.0026266033649 -0.00295367519006 0.00429045484233
10 1 0.793003109003 0.00225198142108 -0.00194195048499 0.00335893146732
11 1 0.79241707524 0.00215759944233 0.00364998819687 0.00323829778849
12 1 0.794027389831 0.00144389911568 -0.00394953140424 0.0039690072723
13 1 0.795723153585 0.00133888374363 0.00218005392434 0.00433878145632
14 1 0.794408412265 0.00138545552179 0.000762048847643 0.00426387400852
15 1 0.79654965965 0.00190666975718 -0.00103985070807 0.00420368542819
16 1 0.796446918832 0.0022062988268 -0.00156408735998 0.00388086740858
17 1 0.798754992673 0.00211051795998 0.00474624276275 0.00338043881147
18 1 0.798302186234 0.00207391948412 -0.0067142940082 0.00356153769292
19 1 0.797685313609 0.00171996116879 0.00587688121072 0.00426370908277
20 1 0.796722021271 0.00202766405521 -0.00151337766463 0.00562987973235
21 1 0.795634118342 0.00151202790973 -0.00555708870586 0.00701829450216
22 1 0.795823839933 0.00193265041322 0.0129461188812 0.00756172775645
23 1 0.796431657393 0.00169257692435 -0.0166324157872 0.00688096274166
24 1 0.797948452705 0.00222307469883 0.0116054091424 0.00499286627415
25 1 0.798269379318 0.00199248629134 0.0112308974281 0.0038540394777
26 1 0.798381534078 0.00217347084356 -0.0622693119814 0.00509714731193
27 1 0.800888310899 0.00310063890503 0.148574871101 0.00542733090965
28 1 0.811191631614 0.00323883383708 -0.276730620521 0.00402336599981
29 1 0.852255159543 0.00316443947662 0.426127579771 0.00158221973831
0 2 0.851828237925 0.00338736388384 0.425914118962 0.00169368194192
1 2 0.805755935769 0.00339059725316 -0.273988602248 0.00440140978326
2 2 0.794130981988 0.00386360052493 0.141344227189 0.0061055509795
3 2 0.792561825991 0.0034966632473 -0.0542516564385 0.00754435635745
4 2 0.791919108026 0.00361598541799 0.00788269035606 0.00844496463812
5 2 0.791104292048 0.00380705626145 0.00963032153707 0.00808424297437
6 2 0.793010190791 0.00402356491024 -0.0122645401364 0.00595785545775
7 2 0.791682606477 0.00378038045399 0.00789335918085 0.00467307779872
8 2 0.792040153808 0.00337507817107 -0.00124872472339 0.00512361612574
9 2 0.792048803643 0.00303377559573 -0.0040348653209 0.00540665122939
10 2 0.792860683381 0.00295484761778 0.00663108622372 0.00534569263441
11 2 0.796878865125 0.00250943981249 -0.00670966470414 0.0048922511384
12 2 0.798689554861 0.00194670384539 0.00593220982605 0.00396779412792
13 2 0.798963342959 0.0015405522259 -0.00530181855646 0.00374879275832
14 2 0.800902196614 0.00188096676411 0.00439267439972 0.00465209555412
15 2 0.798919291019 0.00284818091953 -0.00321843879725 0.00502212143804
16 2 0.798344616831 0.00284858035428 0.00196297351766 0.00491448963856
17 2 0.794873323241 0.0023813570817 -0.000954268924633 0.00469381404505
18 2 0.794992206128 0.00320518383163 0.000518859244836 0.00338555276795
19 2 0.796018720632 0.00354538859627 -1.73422403582e-05 0.00216160105162
20 2 0.79591914649 0.00363995856656 -0.00269578635299 0.00265196590599
21 2 0.795919304106 0.00349580616539 0.00928393124017 0.00369331258729
22 2 0.794187169428 0.00409374784864 -0.0156351748772 0.00542296421219
23 2 0.796019067472 0.00405674933217 0.0164471371923 0.00740323239596
24 2 0.79418853753 0.00365144759042 -0.00826339915985 0.00824688807191
25 2 0.794101723579 0.00445335480022 -0.0160085125372 0.0080331121543
26 2 0.795055376069 0.00429299408673 0.0666307959772 0.00749141987544
27 2 0.799189545908 0.00384109449064 -0.152865948558 0.00641265914544
28 2 0.811641489748 0.00391110270083 0.281121209934 0.00449734532562
29 2 0.856253702412 0.00327404128292 -0.428126851206 0.00163702064146
0 3 0.852158211103 0.0042412071571 -0.426079105552 0.00212060357855
1 3 0.80764260054 0.00421259081912 0.27523425125 0.00559514612524
2 3 0.794601700643 0.00410947821358 -0.143100200948 0.007774169082
3 3 0.78885028104 0.00387611573688 0.0547027104892 0.00809198537582
4 3 0.789094960719 0.00286277425395 -0.00549647115011 0.00710399464194
5 3 0.789796027217 0.0030095935782 -0.0150722915837 0.00520974172458
6 3 0.789833159544 0.00199735273225 0.0174429436655 0.0038075347303
7 3 0.79047337439 0.00162441349776 -0.0110578049211 0.0040472651363
8 3 0.791489232426 0.00118755513285 0.00329466615737 0.00369142112109
9 3 0.78945938031 0.00127221088315 0.00466578016494 0.00334755407474
10 3 0.789314767015 0.0016197590276 -0.0119986851387 0.00367451319161
11 3 0.79209935806 0.00135179759762 0.0138840465253 0.00377870616024
12 3 0.795784238358 0.000937819000056 -0.0103197127953 0.00440130786696
13 3 0.794743295361 0.00134821409285 0.00595415539514 0.00540632426004
14 3 0.793833887666 0.00166271936033 -0.00254789319145 0.00582772834169
15 3 0.794220417968 0.00189554094187 0.000116638351489 0.00484083567947
16 3 0.796388779532 0.00171156998905 0.00204301112432 0.00357845014386
17 3 0.797337702839 0.00127387575541 -0.00190466477947 0.00254249428223
18 3 0.795640158238 0.0013848782261 -0.00194959915933 0.00212073662454
19 3 0.797718497932 0.00167466038986 0.00517936865178 0.00293157952878
20 3 0.797854917732 0.00102656925532 -0.00396407940653 0.00446967892583
21 3 0.798630558613 0.00193851759652 -0.00162047028128 0.00532845001818
22 3 0.799455080383 0.00158094128612 0.00948379234022 0.00479212637795
23 3 0.798904084068 0.00210391947524 -0.0157421914104 0.00395291780042
24 3 0.80059176622 0.00208478462702 0.0117446080767 0.00463896308085
25 3 0.79968009748 0.00299528780474 0.0112948288883 0.00569577732411
26 3 0.800304488445 0.00317456088498 -0.0622217813966 0.00638476384198
27 3 0.803380932385 0.00321254495468 0.150750614792 0.00653165829106
28 3 0.814415589723 0.00350549073619 -0.280867691182 0.00519660734386
29 3 0.856302454048 0.00401217465822 0.428151227024 0.00200608732911
0 4 0.851907054689 0.00395516817968 0.425953527344 0.00197758408984
1 4 0.808372605392 0.00482547310728 -0.275969728335 0.00531936569189
2 4 0.794454750656 0.00538528122751 0.14581194927 0.00676708959447
3 4 0.790660059997 0.00479353140119 -0.0588939386993 0.00593422948686
4 4 0.790923403294 0.00367608504466 0.00951443753099 0.00421927447367
5 4 0.793579434276 0.00433817830666 0.0127331199482 0.00330824727195
6 4 0.794744636607 0.00409342279513 -0.0166205465344 0.00309910749215
7 4 0.793520084894 0.00382254271431 0.0104202402991 0.00330928119009
8 4 0.795713596952 0.00317464347034 -0.00220699222225 0.00345550473023
9 4 0.797359906255 0.00354811740357 -0.0034506376332 0.00438918826381
10 4 0.798513957488 0.00333235359005 0.00602710636032 0.0058076889025
11 4 0.798451396603 0.00347510238376 -0.00580317396201 0.00604824504681
12 4 0.796661368425 0.00240860692257 0.00548553653235 0.00504477342376
13 4 0.795648146688 0.00159271212427 -0.00615319129197 0.00367092595277
14 4 0.797228718728 0.00143118622652 0.00588339887061 0.00281747048081
15 4 0.797569414501 0.00132592492262 -0.00397677658028 0.00256594314023
16 4 0.798308808472 0.00167356600305 0.00140994139337 0.00351972856407
17 4 0.797125002022 0.00170367812353 -0.00150951849288 0.00460270359562
18 4 0.794655497029 0.00228072252418 0.00569702773889 0.00514182722756
19 4 0.795282563812 0.00298497061605 -0.0101055129448 0.00477377085394
20 4 0.794905133855 0.00355206729751 0.0108383046659 0.00359461977225
21 4 0.793296769264 0.00313721115497 -0.0064418203354 0.00272890161762
22 4 0.79361017463 0.00319841468633 -0.00285454555404 0.00262053607706
23 4 0.793231831819 0.0037107423007 0.0110296593086 0.00367723530287
24 4 0.795104571914 0.00365954018008 -0.0088127774038 0.00541458899872
25 4 0.792397868416 0.00340707543774 -0.0130482887095 0.00708596928112
26 4 0.792894721404 0.00329139002964 0.0629629025132 0.00811529183918
27 4 0.798341640804 0.0045001533163 -0.149034935797 0.0080902311396
28 4 0.811435796032 0.00450256177588 0.278165775262 0.00605590638109
29 4 0.854101085083 0.00434176071906 -0.427050542541 0.00217088035953
0 5 0.858459399508 0.00360442941657 -0.429229699754 0.00180221470829
1 5 0.814839861603 0.00358197095465 0.283121169819 0.00470991062636
2 5 0.802002920052 0.0034427064877 -0.151933014989 0.00627905088831
3 5 0.797986707562 0.00427046513631 0.0608301920301 0.00624312784058
4 5 0.797962757802 0.00380929963054 -0.00824109992836 0.00498523390568
5 5 0.796782383617 0.00323923203 -0.0133145890164 0.00356524324309
6 5 0.795928077104 0.00334568911222 0.0154408570242 0.00328324906493
7 5 0.797334189584 0.00264439020506 -0.00885382070599 0.00416678247483
8 5 0.797065593489 0.0024028564361 0.00168663822139 0.00391316415428
9 5 0.797715734601 0.00192688458239 0.00213428641055 0.00246500667204
10 5 0.79724811607 0.00195168673081 -0.00377645995155 0.00340090357836
11 5 0.794687325483 0.00156275108051 0.00477991973858 0.00531148137157
12 5 0.794788879887 0.00195496694059 -0.00427908590998 0.00589934234384
13 5 0.793304009528 0.00209387930708 0.00280213113908 0.00557536714701
14 5 0.793237126336 0.00226724583427 -0.00295656768533 0.00425997387376
15 5 0.793821112707 0.00239665035929 0.00361141055617 0.00202539592103
16 5 0.795369623712 0.00212881533435 -0.00447537290183 0.00285775574315
17 5 0.796265301345 0.00133557795058 0.00592657858477 0.00463415053967
18 5 0.79321823041 0.00205051005823 -0.0053079156928 0.00459952127719
19 5 0.792302956654 0.00213282927901 0.00273525443249 0.00463266093532
20 5 0.793535997149 0.00243663038902 0.000151029427329 0.00541134985654
21 5 0.793337160237 0.00212844050488 -0.00335209824037 0.00550768175481
22 5 0.792087845289 0.0025912451655 0.00796153929378 0.00516295248998
23 5 0.794511960016 0.00282144304377 -0.0119695782611 0.00440588766834
24 5 0.794648504905 0.00201760139379 0.00964493140077 0.00377031983303
25 5 0.792159789196 0.00257064906787 0.00797396083042 0.0036614148416
26 5 0.790448889609 0.00306110306632 -0.0544974877321 0.00441556512831
27 5 0.791844340042 0.0033773875876 0.141508781564 0.00455394337816
28 5 0.806013926591 0.00318504282724 -0.27366752966 0.00365565563896
29 5 0.851091279912 0.00286745525884 0.425545639956 0.00143372762942
0 6 0.856014292875 0.00482386514695 0.428007146437 0.00241193257347
1 6 0.811181197912 0.00466469610702 -0.279680512123 0.00589781399516
2 6 0.799441261144 0.00449932184246 0.148878577279 0.00708949766496
3 6 0.79564757814 0.00426925585798 -0.0606689204789 0.0062707864324
4 6 0.792391282615 0.00443399195183 0.010627940123 0.00439230848308
5 6 0.792762142221 0.00461142547868 0.0109893051963 0.00438726305878
6 6 0.792737831863 0.00455555127181 -0.0154360206134 0.00486089013453
7 6 0.796123217711 0.00376368963223 0.0115121108399 0.00506338891428
8 6 0.794967266885 0.0021933874519 -0.00504743222794 0.004449405474
9 6 0.794433474231 0.00190087179513 0.000670921043768 0.00357233967169
10 6 0.794478693253 0.0021865320257 0.00223430917145 0.00328616976569
11 6 0.793916455152 0.00187328140326 -0.00657858176289 0.00346673637005
12 6 0.794461985882 0.0016123117986 0.00780899001545 0.00422207541953
13 6 0.795726550913 0.00222707937841 -0.00483094649323 0.00489904713415
14 6 0.794526824149 0.00260314741006 0.00299112941863 0.00485038214697
15 6 0.793945664806 0.00258659689516 -0.00373993466656 0.00397576741638
16 6 0.794081982394 0.0017733681405 0.00531250533913 0.00334005879801
17 6 0.79776680356 0.00259458714151 -0.00561955483045 0.00408663359851
18 6 0.797587694943 0.0030154622602 0.00379889217828 0.00514497571881
19 6 0.793951818727 0.00376439918232 -0.00157211617645 0.00561027000733
20 6 0.793514708236 0.00332763037582 0.000864670305231 0.00466512441977
21 6 0.795324720339 0.00316604042431 0.001429174305 0.00275418025261
22 6 0.795517269174 0.00328060353267 -0.00743515075028 0.00250963749631
23 6 0.794586066338 0.00278187717617 0.0116313712978 0.0032483378875
24 6 0.796165784661 0.00241750534127 -0.00766367091439 0.00273673290299
25 6 0.795416638035 0.00299158519139 -0.0125665024167 0.00287909265953
26 6 0.794400500269 0.00255570724891 0.0604293262442 0.00385622710098
27 6 0.797541688496 0.0034469061646 -0.14623920496 0.00484230273477
28 6 0.808404473415 0.0040418505545 0.276384245049 0.00490392783342
29 6 0.85298413166 0.00427891455481 -0.42649206583 0.0021394572774
0 7 0.850165601919 0.00237901957374 -0.42508280096 0.00118950978687
1 7 0.805075805755 0.00268865803521 0.272606752918 0.00327566113607
2 7 0.793105131796 0.00246414009624 -0.141353687817 0.00474691145098
3 7 0.791546187047 0.00252812067018 0.0563846910682 0.00531769891886
4 7 0.792246558328 0.00327984868447 -0.0088840993816 0.00486482608603
5 7 0.795975342011 0.00334330764023 -0.0130593945292 0.00384480115864
6 7 0.79587442991 0.00306243681786 0.0176586781856 0.00311609853035
7 7 0.796175684441 0.00372184562507 -0.0114403045434 0.00261328711328
8 7 0.796112490999 0.00309471016961 0.00318015734519 0.00281414891703
9 7 0.795524904644 0.00267449070593 0.00222462194118 0.00325714247683
10 7 0.795477598507 0.00223831138242 -0.00514200810387 0.00367775477111
11 7 0.796047509916 0.00228845678089 0.0048092278127 0.00384742507023
12 7 0.795504986889 0.00183979401624 -0.00286093225415 0.00364630452176
13 7 0.795531117179 0.0020926551448 0.000878345961805 0.00405959655574
14 7 0.795499194707 0.00256486911738 0.00103353078772 0.00468467140551
15 7 0.795600091438 0.00245114478515 -0.00268403952549 0.0042517294341
16 7 0.794191990352 0.00229921448938 0.00333666800103 0.00489123668847
17 7 0.794415702561 0.00199388607482 -0.00126311144847 0.00587135026931
18 7 0.79530701063 0.00221038429509 -0.00224503304782 0.00638019335981
19 7 0.795874138321 0.00224041591589 0.00395674497675 0.00686487502599
20 7 0.797086254509 0.00262181145402 -0.00223916067602 0.00655117314286
21 7 0.796973860339 0.00249797662218 -0.00223268040869 0.00559935513291
22 7 0.796804825255 0.00227782110249 0.00736765287539 0.00423093536316
23 7 0.794605600445 0.00244095486476 -0.0101705518838 0.00323416612774
24 7 0.794926201946 0.00245587004585 0.00474332982576 0.00254992519847
25 7 0.793922769218 0.00248520626328 0.0176942138294 0.0030079054558
26 7 0.795575992711 0.0038074179473 -0.0649473486375 0.00410732381631
27 7 0.799685755796 0.00364630313875 0.148640095358 0.00534252667598
28 7 0.811337066886 0.00385378077282 -0.277824655442 0.00457226907546
29 7 0.853830195545 0.0035093975047 0.426915097772 0.00175469875235
0 8 0.85680305677 0.00434358469127 0.428401528385 0.00217179234563
1 8 0.813677587196 0.00474482808868 -0.281609065685 0.00556865789064
2 8 0.801876371217 0.00453403286887 0.151262740581 0.00703361124419
3 8 0.797511114017 0.00407163987453 -0.0610816895383 0.00657089236085
4 8 0.79496775392 0.00393160945185 0.00854303101293 0.00548602695335
5 8 0.796132966936 0.00433908746417 0.0137808629707 0.0047598824446
6 8 0.793795450126 0.00339344510355 -0.0164012483551 0.00431610942204
7 8 0.794091740462 0.00286315454757 0.0110790926885 0.00408337019947
8 8 0.793738042815 0.00355745121868 -0.00510363471415 0.00413393724657
9 8 0.792219701962 0.00278852021336 -0.000397815973247 0.0046320012109
10 8 0.791943423794 0.00238524908743 0.00280326503226 0.00466912856777
11 8 0.792490954036 0.00206989740062 -0.00127041701536 0.00366639023682
12 8 0.793209374585 0.00197933054082 -0.000426412733423 0.00252646301452
13 8 0.79280757842 0.00183204877776 -2.94969052036e-05 0.00322047103626
14 8 0.791860161997 0.00184116344647 0.00186540184437 0.00465174643115
15 8 0.792551311242 0.00147752893564 -0.00287203889302 0.00476837318123
16 8 0.79346433397 0.00229330817579 0.00244891295946 0.00421118230236
17 8 0.79264367435 0.00268905582135 -0.00214427395858 0.00547291471925
18 8 0.793434632127 0.00281979544691 0.00273386789258 0.00715721224606
19 8 0.796811894463 0.00207532279459 -0.00305386139448 0.00752622587321
20 8 0.794999388636 0.00240819919765 0.000943200996973 0.00625467994899
21 8 0.794450358339 0.00237436783148 0.00349236682915 0.00451572696446
22 8 0.795696108039 0.00302141463351 -0.0081548204025 0.00426526188375
23 8 0.793897625876 0.00322946740261 0.00958993499262 0.00464144877842
24 8 0.793167339325 0.00304601029914 -0.00242622954481 0.00428174782425
25 8 0.794558809202 0.00293441059988 -0.0197848901259 0.00355290461186
26 8 0.796673029718 0.00268726124218 0.0668687768959 0.00364502470025
27 8 0.801147032644 0.00266338950319 -0.151205819632 0.00445843881995
28 8 0.812407778614 0.00303305953373 0.280634434391 0.00393092275949
29 8 0.856971405202 0.00310213986911 -0.428485702601 0.00155106993456
0 9 0.845435801222 0.00342017403005 -0.422717900611 0.00171008701502
1 9 0.800210035379 0.00356832736393 0.265977291638 0.00419374259046
2 9 0.788502370147 0.00334398945432 -0.132339856197 0.00459505969378
3 9 0.786635567226 0.00343575281043 0.0463304427317 0.00356428373295
4 9 0.787866933311 0.00314050881959 -0.000658765425084 0.00299869657048
5 9 0.7893761871 0.00239122135612 -0.0157225048868 0.0031066053885
6 9 0.789576939881 0.00236897307809 0.0160633614679 0.00359354550742
7 9 0.793002881034 0.00217589196448 -0.0103998120405 0.0038682353829
8 9 0.792896651683 0.00188965476392 0.00262662455485 0.00412337140428
9 9 0.7938502419 0.00171387222842 0.00313592347861 0.00484373343534
10 9 0.795792250238 0.00152506694855 -0.00396420841847 0.00506516069978
11 9 0.795605505679 0.00136410212797 0.00349073496324 0.0040921922869
12 9 0.796331467711 0.00113661476626 -0.00289897903048 0.0039387455676
13 9 0.796374327405 0.00133999937251 0.000997929926267 0.00540865573138
14 9 0.795874383125 0.00143480529246 -6.66358990253e-05 0.00675252149786
15 9 0.794940238417 0.00165221242188 0.000529148705502 0.00639997254155
16 9 0.794571879286 0.00181475102003 -0.00131733336625 0.0047616081869
17 9 0.797653556525 0.00119106435487 0.00138260116217 0.00450119171282
18 9 0.798711963414 0.00204872446515 -0.00130809748209 0.00552439330639
19 9 0.797614121353 0.001666056714 0.00115309064756 0.00526387275734
20 9 0.798417634821 0.00204626920169 0.00194403204052 0.0035519219129
21 9 0.799919589734 0.00206034489241 -0.00795896761766 0.00228344952319
22 9 0.799130324019 0.00243501320206 0.0145326809787 0.00343775838591
23 9 0.79937699355 0.00302914758182 -0.0178021877042 0.0056314692515
24 9 0.798260679936 0.00280451750808 0.0115874325348 0.00614910470238
25 9 0.798384064499 0.002757978059 0.0118092401311 0.00556289883783
26 9 0.798999503698 0.00191425173144 -0.0627490186139 0.00471204686231
27 9 0.802315558865 0.00260638473717 0.152636205778 0.00356340201186
28 9 0.815690900148 0.00227769809341 -0.283633197792 0.00248634194279
29 9 0.858681448693 0.00194493102385 0.429340724347 0.000972465511926
0 10 0.849366197884 0.00304000199553 0.424683098942 0.00152000099777
1 10 0.807583353289 0.0032061731091 -0.272807908686 0.00410346818512
2 10 0.796721851718 0.00268994909107 0.142824384512 0.00554731317379
3 10 0.792719689423 0.00184878243014 -0.05733174406 0.00551793382027
4 10 0.792412709812 0.00203557623142 0.00952001721169 0.00463321592074
5 10 0.793153412814 0.00277492098458 0.0112115223671 0.00384272578248
6 10 0.793477069437 0.00241675917205 -0.0160135252009 0.00337674228432
7 10 0.79430772251 0.00294682566647 0.0141629902576 0.00234043349418
8 10 0.795481002641 0.0029690351156 -0.00981749480032 0.0018020246091
9 10 0.796904589488 0.0025804866078 0.00426162804813 0.00358082095411
10 10 0.797822723258 0.00231530884909 -0.000546838080256 0.00544267098491
11 10 0.799540088843 0.00256298850991 -0.000398736586344 0.00596392225118
12 10 0.79900299284 0.00209847283774 -0.000389670723585 0.00555818589403
13 10 0.796464398178 0.00193704640956 0.00134488308204 0.00512798765394
14 10 0.79760942273 0.00140219509061 -0.000932086660228 0.00478989477033
15 10 0.797253725914 0.00214802682611 -0.00161915131856 0.00481340382177
16 10 0.797247661705 0.0018832222471 0.00510095942109 0.00529739811378
17 10 0.794501699793 0.00225048910265 -0.00764472126635 0.00590093658415
18 10 0.792999427008 0.00171988905833 0.00981526360118 0.00584732799019
19 10 0.792409301259 0.0016868241148 -0.00885713120312 0.0051266744886
20 10 0.793776654815 0.00256303003115 0.00335328470489 0.00466802459774
21 10 0.794484637981 0.00327761309093 0.00575711341864 0.0049271330651
22 10 0.794500647793 0.00322320940738 -0.0171057123025 0.00635441423398
23 10 0.794078185241 0.00318656288398 0.0246363572169 0.00695017469589
24 10 0.795080751647 0.00254048327367 -0.0205595661675 0.00609671163629
25 10 0.793814590658 0.00223682682164 -0.00352502589805 0.00532811894738
26 10 0.793765355536 0.00216771022806 0.0567196717819 0.00445110451439
27 10 0.797104053474 0.00241477287144 -0.147301306162 0.0039541376944
28 10 0.810824502165 0.00306799795331 0.279255234624 0.00327523676407
29 10 0.855591580146 0.0027339363042 -0.427795790073 0.0013669681521
0 11 0.855755885865 0.00248533728419 -0.427877942932 0.0012426686421
1 11 0.811932455139 0.00274140562108 0.280720570932 0.00327286451697
2 11 0.798765759609 0.00190674017811 -0.15033590655 0.00420250598893
3 11 0.795016603641 0.0015010944074 0.0613496678662 0.00442767406522
4 11 0.792875063984 0.00155221341012 -0.0104210709944 0.00362970562805
5 11 0.793242255938 0.00194185933034 -0.0146141664371 0.00220460724126
6 11 0.794529346362 0.00185289827522 0.0229459752279 0.00165495452948
7 11 0.793868645067 0.000976667021677 -0.0204508778516 0.00299791374146
8 11 0.793962728616 0.000992787160208 0.0121244700888 0.00475861792359
9 11 0.795279265315 0.00174699101573 -0.00086788746593 0.00612333346643
10 11 0.794764711373 0.00250942405231 -0.00762940057295 0.00729555898894
11 11 0.795910414616 0.00210234622671 0.00820700793569 0.00768882337593
12 11 0.795312537555 0.0020868355095 -0.00336991964448 0.0073939890654
13 11 0.795461389044 0.00318232048054 0.000494435496999 0.00651089142971
14 11 0.796402150556 0.00258380353557 -0.00144963809441 0.00559367766181
15 11 0.796971122106 0.00234824466607 0.00418037913008 0.0045580227389
16 11 0.796776746846 0.00285896747901 -0.00726525605475 0.00372820516014
17 11 0.796601300596 0.00251533003062 0.0100803911239 0.00423147754542
18 11 0.795203126147 0.00202651249932 -0.0137663679342 0.00483141634372
19 11 0.793852639921 0.00145922822348 0.0159193768244 0.00458914849466
20 11 0.793779376074 0.00208787597261 -0.0128083800547 0.00440215309795
21 11 0.792462308703 0.00215780099916 0.00471258756013 0.00522931362682
22 11 0.789867956202 0.00274991760562 0.00435641415916 0.00546444541331
23 11 0.788801074348 0.00237316775495 -0.00960537321638 0.00448866772899
24 11 0.793993461999 0.00248327832261 0.0069136482806 0.00436189596822
25 11 0.794964537144 0.0027024060791 0.0126491300877 0.00429243173308
26 11 0.795993613335 0.00334234506898 -0.0614208993282 0.00415508790596
27 11 0.799496395135 0.00339027853546 0.149142600281 0.00476596469341
28 11 0.812312559754 0.00367782724987 -0.279835852369 0.00402341466507
29 11 0.85584456901 0.00311127273845 0.427922284505 0.00155563636922
0 12 0.854126749632 0.00336881159015 0.427063374816 0.00168440579508
1 12 0.810714199628 0.00405372170642 -0.278029662463 0.00486146625511
2 12 0.799370240619 0.00515456537641 0.148373183278 0.00777310059799
3 12 0.794833213893 0.00540627602346 -0.0611870126297 0.00908261356972
4 12 0.794809435625 0.00523437259164 0.011280910421 0.00837899450168
5 12 0.794871826699 0.00418675430055 0.0114043788118 0.00745090071862
6 12 0.793177246836 0.00360432170002 -0.018000509517 0.00650197118018
7 12 0.789918548335 0.00290182392196 0.0140975623114 0.00557761336173
8 12 0.791046285303 0.00262398619132 -0.00526052978548 0.00557064934008
9 12 0.792581067699 0.00286221404161 -0.00242793370076 0.0052028656114
10 12 0.793354016147 0.00249902423355 0.00528056790874 0.00468631177563
11 12 0.792957853808 0.00284634168865 -0.00404197849395 0.0046848626056
12 12 0.794274800866 0.00225791552992 0.00189820368279 0.00516051186131
13 12 0.793874048472 0.00137203442468 -7.56314049084e-05 0.00622865576553
14 12 0.792890826047 0.00154614274519 -0.000877704310693 0.00720451676574
15 12 0.7939594671 0.0016762541959 0.000624081779639 0.00669393150739
16 12 0.79423307656 0.00184530829966 0.00117815744735 0.00442314906009
17 12 0.794705709235 0.00153629279397 -0.00316081259041 0.00344815766043
18 12 0.795933187812 0.00184984507585 0.00346387391248 0.00399529397836
19 12 0.795059103659 0.00265135172416 -0.00239700472534 0.00384429383907
20 12 0.795256175755 0.00308225181011 0.000157961816579 0.00282490079569
21 12 0.79353392774 0.00346761073419 0.00398114768465 0.00202893827318
22 12 0.794662180492 0.00332227502909 -0.00852691833008 0.00296358292722
23 12 0.796750507074 0.00360420675115 0.0104448933895 0.00330234884567
24 12 0.795407600317 0.00399080578171 -0.00407643621209 0.0037120064216
25 12 0.796276484703 0.00344460013422 -0.018457249209 0.00360068870198
26 12 0.796449624834 0.00375085034226 0.0672233044956 0.00400459541438
27 12 0.801530512336 0.00376287076662 -0.154014881521 0.00520806417421
28 12 0.814474859899 0.00419138477962 0.283546274575 0.00483122602616
29 12 0.858967222873 0.00398204975475 -0.429483611437 0.00199102487737
0 13 0.848533479847 0.00391660737456 -0.424266739923 0.00195830368728
1 13 0.803983459911 0.00428436715943 0.270614224311 0.00493316310426
2 13 0.791721000863 0.00301666639049 -0.139143961178 0.00586198096086
3 13 0.789370548232 0.00285624775189 0.0544830230365 0.00525981209341
4 13 0.789397187247 0.00223005089454 -0.00615014206164 0.00449401708263
5 13 0.792310943067 0.00201820923431 -0.0157374916159 0.00441751338945
6 13 0.791106154829 0.00261659541856 0.0192276912225 0.00568778678229
7 13 0.791569973532 0.00225051331544 -0.0147798871335 0.00620018134404
8 13 0.790862205525 0.00206608613533 0.0080957156078 0.00510172724907
9 13 0.788714896085 0.00258326178773 -0.00230922877142 0.00410635242436
10 13 0.790436354577 0.00250553558107 -0.000327770857683 0.00401713806477
11 13 0.79247787495 0.00229238301851 -0.000719481353216 0.00449671404047
12 13 0.79425859085 0.00237795313978 0.00154487275759 0.00408696662863
13 13 0.794794592018 0.00223880355653 -0.00173443470921 0.00393541236973
14 13 0.795699023931 0.00225374654279 0.00321352013191 0.00462657576694
15 13 0.798682089599 0.00200647999681 -0.00259009435475 0.00494354990604
16 13 0.796019446446 0.00252021625053 7.77597064844e-05 0.00412033571484
17 13 0.797631567911 0.00209888714283 0.00290059053342 0.00373301479563
18 13 0.798461708067 0.00175859448331 -0.00535697847911 0.00468542642101
19 13 0.798279238821 0.00161551160115 0.00450434969779 0.00587567495094
20 13 0.799668062042 0.00211934792539 -2.49267948352e-05 0.00644949332347
21 13 0.800366656641 0.001728983273 -0.00585993908941 0.00638252348941
22 13 0.801220915488 0.00223880613495 0.0115481489392 0.00630445724471
23 13 0.799225325739 0.00203329903796 -0.0141147390171 0.00642710061381
24 13 0.798865219167 0.00222901253681 0.00713685453014 0.00634885126831
25 13 0.798743546143 0.00295456097877 0.0174159282122 0.00566615250909
26 13 0.798169476858 0.00399143888348 -0.0686729698351 0.00497508968156
27 13 0.801035296826 0.00430366714593 0.154817673888 0.00530859942512
28 13 0.812549339361 0.00422035333549 -0.281714480114 0.00530313565528
29 13 0.855845825427 0.00473984330355 0.427922912714 0.00236992165177
0 14 0.857739768842 0.00411335756234 0.428869884421 0.00205667878117
1 14 0.815571477495 0.00474620754676 -0.282916530838 0.00566804048828
2 14 0.801370681895 0.0038782102001 0.153959026402 0.0070009741532
3 14 0.796912780367 0.0030296508374 -0.0647001377781 0.00562897255913
4 14 0.794216962636 0.00227467740628 0.0102928633751 0.00377907997622
5 14 0.794965210385 0.00254554580987 0.0151260904512 0.00328328160905
6 14 0.796594656131 0.00252884461001 -0.0211319168052 0.00421357749236
7 14 0.798163715702 0.00335542423444 0.0173689443653 0.00483654836777
8 14 0.797521489334 0.0033108220418 -0.00843247820735 0.00488960907436
9 14 0.798969214174 0.00218625096815 0.00032913517501 0.00509431432939
10 14 0.797633142194 0.00159182043892 0.00229112748165 0.00469031748079
11 14 0.796661152783 0.00199093978783 -0.000201292426231 0.00347108918588
12 14 0.796076618038 0.00171577964582 -0.00364988723313 0.00290479580226
13 14 0.796671435705 0.00193025915822 0.0066944272576 0.00464137678662
14 14 0.795675451679 0.00218541403775 -0.00696734051265 0.00570878265132
15 14 0.792849850641 0.00207579679754 0.00285621094643 0.0050876525169
16 14 0.794314479929 0.00208387002566 0.00310535321562 0.00392235466525
17 14 0.796086189174 0.00180655006496 -0.00859724510752 0.00304808912226
18 14 0.796578889485 0.00235305326017 0.0123629019097 0.00345198558027
19 14 0.795605991905 0.0021187956354 -0.0104739576831 0.00375712155592
20 14 0.794308415799 0.00283809656869 0.00334169549987 0.00425721503345
21 14 0.79232689071 0.00326460746982 0.00532516821857 0.00517858612677
22 14 0.793203827733 0.00380896633193 -0.0131251847068 0.00506624649238
23 14 0.791573437831 0.00356126304682 0.0171622555653 0.00484662587989
24 14 0.790676668288 0.0040610013631 -0.0120334695735 0.00422399544827
25 14 0.788988702621 0.00441819941207 -0.00997587873516 0.00396949053731
26 14 0.789494810894 0.00465630065778 0.0576531715501 0.00560046161134
27 14 0.792386239494 0.00502702767864 -0.142934466981 0.00685487534134
28 14 0.806189928875 0.00554202325371 0.273737490383 0.00602495667613
29 14 0.85067191926 0.00486383622622 -0.42533595963 0.00243191811311
0 15 0.856542137708 0.00199344937228 -0.428271068854 0.000996724686139
1 15 0.813471356085 0.00223309183298 0.280856114289 0.00242686400573
2 15 0.800674349117 0.00185001848955 -0.150600268391 0.00292343095822
3 15 0.796946684081 0.00194771953742 0.0629304029788 0.00311217489981
4 15 0.794220353697 0.00251913025318 -0.0111672317686 0.00425485762626
5 15 0.79452460759 0.00216937001616 -0.0151314369807 0.0049577822124
6 15 0.795863892673 0.00192972125466 0.0228109268487 0.00497859600122
7 15 0.794439216566 0.0022544812588 -0.0192700864657 0.00466464813093
8 15 0.79315642579 0.00303899948551 0.0111047062778 0.0038427153241
9 15 0.793884830499 0.00237841413505 -0.00259064623817 0.00307781964207
10 15 0.79276473492 0.00155616910049 -0.00271726438467 0.00296042344628
11 15 0.792384694499 0.00228848056741 0.0039416042427 0.00285489609385
12 15 0.793456612321 0.00259608828949 0.000129049301175 0.00333912806645
13 15 0.792364757122 0.00284377773731 -0.00837078079293 0.00407595705931
14 15 0.793693310865 0.00169240878925 0.0133526377033 0.00443863621758
15 15 0.796598783767 0.00172839601071 -0.0116291737689 0.00392146336335
16 15 0.793677473056 0.00253643529996 0.00614988853238 0.0025341412119
17 15 0.794992428672 0.00205341282751 -0.000252058341576 0.00258247443688
18 15 0.794264219636 0.00167097106163 -0.00430776625699 0.00396433891876
19 15 0.794283564872 0.00224510746098 0.00589627816344 0.00482111142315
20 15 0.793889327691 0.00181267450805 -0.00359945586722 0.00470878441647
21 15 0.793859949937 0.00228762191012 -0.000877221495689 0.00467916123112
22 15 0.79308085778 0.00268824860575 0.00564489972431 0.00543782944364
23 15 0.79388667509 0.00300243060378 -0.00896679838744 0.00561440603427
24 15 0.793619205739 0.00265343523579 0.00560751042067 0.00460801848604
25 15 0.793387298781 0.00340310042694 0.0141508108709 0.0043371245882
26 15 0.795306067166 0.00373052734323 -0.0627401328474 0.00481728079938
27 15 0.799864212899 0.00294902035796 0.150779703341 0.00491377942182
28 15 0.813770854005 0.00346315943975 -0.281428700541 0.00384233163804
29 15 0.857131117376 0.00287461939398 0.428565558688 0.00143730969699
0 16 0.856720953996 0.00519314479554 0.428360476998 0.00259657239777
1 16 0.813874078577 0.00536488963132 -0.281355357676 0.00668492617174
2 16 0.801408126472 0.00415946784237 0.152082629796 0.00800008137961
3 16 0.797496255818 0.00398065215857 -0.064620847484 0.00686172082374
4 16 0.795374943686 0.00373858555118 0.013461440564 0.0056287509579
5 16 0.794623249542 0.00357910050064 0.0103224194404 0.0056524471293
6 16 0.795539346854 0.00305429038482 -0.0159569544436 0.00616734002964
7 16 0.795147047412 0.00201979886225 0.0118160389613 0.00642122916311
8 16 0.795231332782 0.00146215849687 -0.00579980115225 0.00585206053277
9 16 0.791358835339 0.001302880914 0.00170304739809 0.0046702593617
10 16 0.788136256895 0.00147373264422 0.000248283167318 0.00376003305152
11 16 0.788962710216 0.00256608881054 -0.000679278625742 0.00415537741939
12 16 0.78932940486 0.00200653325352 -2.39248635855e-05 0.00447272793686
13 16 0.790076758404 0.00168734019939 0.00176600091472 0.00404514121978
14 16 0.793350609543 0.00205236503592 -0.00338497848556 0.00372165834992
15 16 0.792222643349 0.00181939364338 0.00372623167101 0.00342958911336
16 16 0.793093091893 0.00146125202803 -0.00227562661555 0.00308911210426
17 16 0.79514443968 0.000751730056811 -0.000660298952063 0.0030601973566
18 16 0.793576150401 0.000732147034966 0.00571205986512 0.00335708945389
19 16 0.796151741347 0.00122940304592 -0.00981726028948 0.00428423337066
20 16 0.796242215944 0.00164570403322 0.00863036550394 0.0055657502927
21 16 0.795211115943 0.00202606021069 -0.00278466215363 0.00725825236232
22 16 0.795344759028 0.00164531893478 -0.00490247020049 0.00913767342393
23 16 0.794419518304 0.00256141542357 0.00995604451135 0.00954724541609
24 16 0.793861074253 0.00367569225431 -0.0052072524858 0.0084705732246
25 16 0.794928818396 0.00355869428493 -0.0173968520536 0.00799057814658
26 16 0.798778173366 0.00475502425738 0.0668602115005 0.00907346223886
27 16 0.801713589736 0.00633415792089 -0.153503372762 0.0101614076927
28 16 0.814555128852 0.00693320396954 0.28278750251 0.00824898394624
29 16 0.858127629116 0.00632754731027 -0.429063814558 0.00316377365513
0 17 0.845893456459 0.00332845174449 -0.42294672823 0.00166422587225
1 17 0.800589652079 0.00395524966839 0.266776954881 0.00452506002547
2 17 0.788738644725 0.00335539096793 -0.134493632752 0.00639318327157
3 17 0.785408928222 0.00312787855989 0.0513839900107 0.00710192247185
4 17 0.786216716989 0.00293192727997 -0.00791662241276 0.00712196318444
5 17 0.788384202007 0.00254087536025 -0.0105408144229 0.00692579714912
6 17 0.788150117343 0.00277716516914 0.0136025519131 0.00678967503338
7 17 0.788834104342 0.00288550137277 -0.00723218842685 0.00681118349325
8 17 0.788509247819 0.00291629745913 -0.000566015509991 0.00635791328154
9 17 0.788798721381 0.00256523142308 0.0047703606241 0.00552113205291
10 17 0.79242483914 0.00198796795814 -0.00489282485695 0.00508479689302
11 17 0.794176261601 0.00237357032541 0.00258487837854 0.00499061093812
12 17 0.79522736724 0.00172843740469 0.00153144830731 0.00483650182744
13 17 0.796045127451 0.00144078086482 -0.00550144126729 0.00409541315805
14 17 0.797274126808 0.00171556614843 0.00698663620382 0.0022671313893
15 17 0.795233037134 0.00134010170424 -0.00503217294342 0.00300775299698
16 17 0.796539507251 0.00157491257168 -0.000203386511032 0.00467354246062
17 17 0.797521156334 0.00132004200723 0.00633232891319 0.00506196112026
18 17 0.796330217522 0.00137691296839 -0.0119661367057 0.00459892290592
19 17 0.79693089262 0.0014813084191 0.0158512055988 0.00419444634616
20 17 0.795168427873 0.00188193544301 -0.0144959252704 0.00491077059816
21 17 0.796158098749 0.00197622391436 0.0065367363271 0.00592992772993
22 17 0.797884730811 0.00200732925256 0.00299244102035 0.00703915711389
23 17 0.799574585366 0.0024490497246 -0.00743493282921 0.00709798899546
24 17 0.801045492494 0.0036686677412 0.000180151779078 0.005672360005
25 17 0.804002789568 0.00405761685336 0.0261530150202 0.00484419695536
26 17 0.804911508261 0.00463720311928 -0.0780274447053 0.00630534056377
27 17 0.80994564553 0.00479737340428 0.164393495278 0.00747853470362
28 17 0.821156995315 0.004796222773 -0.290288628195 0.00590515570612
29 17 0.862925401566 0.00440009871466 0.431462700783 0.00220004935733
0 18 0.849031648551 0.00433321820324 0.424515824275 0.00216660910162
1 18 0.807474785564 0.00416502503106 -0.271751311541 0.0053234970644
2 18 0.798146305019 0.00466001950307 0.141753781953 0.00623223796818
3 18 0.794039597026 0.00318977527994 -0.0581988992166 0.00531698815934
4 18 0.795117332776 0.00295127882331 0.0121983079256 0.00403210864529
5 18 0.79703662552 0.00325146812371 0.00778723855747 0.00443525243844
6 18 0.797110350544 0.003021694702 -0.0123494294777 0.00541360184867
7 18 0.797893965659 0.00248276380994 0.00917459541428 0.00571553120454
8 18 0.796167720555 0.00154836883081 -0.00280208469237 0.00507116988884
9 18 0.797584454786 0.000942579145947 -0.00294855677162 0.00456123416766
10 18 0.796616696686 0.00178248895606 0.0056265852449 0.00451214436601
11 18 0.795824581833 0.00179146653053 -0.00426908137132 0.00476210846027
12 18 0.796249479046 0.00204743807942 -6.96187324025e-05 0.00477324901626
13 18 0.794836985988 0.00223122170617 0.00352583069736 0.00436079381438
14 18 0.794728640969 0.00198011378543 -0.00345305238968 0.00400422129168
15 18 0.795461566539 0.00173904787294 0.000417281506602 0.00350227759608
16 18 0.796076843699 0.00259172100654 0.00355817795174 0.00409716797745
17 18 0.793442978897 0.00298067387334 -0.00741193396629 0.00457409442311
18 18 0.793830658418 0.00352321535386 0.0105061459008 0.00355554321843
19 18 0.794215348201 0.00295655619139 -0.0119782450946 0.00232905861916
20 18 0.794480732549 0.00266609804958 0.00842089561251 0.00240364362429
21 18 0.793083437446 0.00307541554746 -0.000323911373376 0.00268819923683
22 18 0.791648555698 0.00211620746524 -0.00820843126892 0.00260889286396
23 18 0.794428679974 0.00168469134004 0.0140062096433 0.00292672409152
24 18 0.792829768091 0.00188560540737 -0.00947764370746 0.00239486849504
25 18 0.7935826917 0.00195290818323 -0.0145821816686 0.00172614004364
26 18 0.793413842774 0.00274616993134 0.0643161271565 0.00250012675399
27 18 0.798446405952 0.00210122354496 -0.149436005284 0.00357331586448
28 18 0.812234917411 0.00259556135529 0.278935585783 0.00315749414465
29 18 0.854964402131 0.00245388788583 -0.427482201066 0.00122694394292
0 19 0.848471294673 0.00268557731788 -0.424235647336 0.00134278865894
1 19 0.804436906099 0.00299788941568 0.271735067481 0.00314033404036
2 19 0.793534513215 0.0025920999941 -0.14271271116 0.00370440005281
3 19 0.792395141874 0.00255774710056 0.0593800209801 0.00357388554119
4 19 0.79188533424 0.00241807538686 -0.0116168105187 0.00398269406519
5 19 0.792063754589 0.00251198278989 -0.010909142723 0.00511366498652
6 19 0.793147507739 0.00259292052595 0.0156566125362 0.00628977060355
7 19 0.791958314017 0.00242475863208 -0.0109365809044 0.00670687187067
8 19 0.791722259758 0.00248885479001 0.00443842170587 0.00596610323021
9 19 0.791973651961 0.00157557802303 0.0007010036515 0.0053977602718
10 19 0.793236131133 0.00122470047353 -0.0038783154139 0.00563670562847
11 19 0.792862033874 0.00118852620867 0.00445317384944 0.00559010161417
12 19 0.793252144535 0.00168488863737 -0.00182254619075 0.00484023785581
13 19 0.794688313215 0.00186090403347 -0.00267630753725 0.00429129199264
14 19 0.79707583372 0.001542445582 0.00614039036127 0.00374805834326
15 19 0.79638138591 0.0018739018284 -0.00537615695887 0.00334855171102
16 19 0.797008952878 0.00214064912724 0.00133114961192 0.00378600816236
17 19 0.796660191386 0.00185210670953 0.00131680660141 0.00446820461912
18 19 0.798781234592 0.0016341811443 -0.00294061481876 0.00452946819007
19 19 0.798400926434 0.00165098767659 0.00297749695376 0.00401167843555
20 19 0.797080823353 0.0014522660014 0.000465869346152 0.00314811340827
21 19 0.795910320625 0.00182209869934 -0.00595867422763 0.00278969741162
22 19 0.798297834527 0.00151809422846 0.0110374459961 0.00300142059273
23 19 0.798964880911 0.0013969474038 -0.0126891889809 0.0045412216315
24 19 0.799812907638 0.00228057100806 0.00646465532351 0.00646327551433
25 19 0.798628968672 0.00294050872686 0.0164232978291 0.007274590799
26 19 0.798400646057 0.00310676264611 -0.0655314512909 0.00699845663918
27 19 0.800181761446 0.00314942283967 0.149416556347 0.00604421752115
28 19 0.810715543744 0.00285943284014 -0.276689064105 0.00434584552629
29 19 0.852070487183 0.00323361175254 0.426035243591 0.00161680587627
0 20 0.853559236749 0.00316834336178 0.426779618374 0.00158417168089
1 20 0.811593897045 0.00352673585478 -0.277382545142 0.00428623436851
2 20 0.799000715081 0.0033449007603 0.146861202803 0.00624319524086
3 20 0.794190135951 0.00330002476299 -0.0600287550676 0.00721592323165
4 20 0.793545892421 0.00259410353392 0.0113937103301 0.00684814829968
5 20 0.79360562561 0.00257052306763 0.00995219076134 0.00543782123631
6 20 0.795357451887 0.00282653687226 -0.015043891633 0.00424768942229
7 20 0.79599735948 0.00265299187842 0.0121035232183 0.00435836435096
8 20 0.796826956337 0.00172788664053 -0.00614529183094 0.00411745855975
9 20 0.795502473952 0.00161434785865 0.000487743089848 0.00350217168302
10 20 0.795755937577 0.00216319259755 0.00406129123984 0.00308796741178
11 20 0.795276694976 0.00183060045928 -0.00451331173463 0.00292034716789
12 20 0.795073409836 0.00169754689755 -0.00110968389313 0.00311714798886
13 20 0.793291692715 0.0015727624284 0.00803595084069 0.00412300094439
14 20 0.792920608122 0.0016577463954 -0.011437920183 0.0058404295537
15 20 0.79233457538 0.0011925313046 0.0106925271492 0.00697023530761
16 20 0.793427681976 0.00112230997359 -0.00606792133454 0.00685333231399
17 20 0.793193816445 0.00145276317953 -0.000689053131999 0.005941426848
18 20 0.79429339338 0.00219696451389 0.00638505004428 0.00482522996997
19 20 0.794265817493 0.00247859508116 -0.00734903735155 0.00344437733629
20 20 0.793906339312 0.00229717173743 0.00264185939496 0.00233709261197
21 20 0.794058828662 0.00261171570832 0.0063119500791 0.00200237619651
22 20 0.794348628412 0.00365207480988 -0.0161759781681 0.00254595810963
23 20 0.796170615519 0.00369951909319 0.0209269226431 0.00277553196343
24 20 0.796890874928 0.00329126513502 -0.0150877284044 0.00348675260728
25 20 0.795831916231 0.00300544185873 -0.00807624209426 0.00415324448776
26 20 0.795751211143 0.00288984888011 0.0583075831569 0.00423863736646
27 20 0.799814314558 0.00256758753831 -0.146443089865 0.00357960128138
28 20 0.810821114628 0.00207643346458 0.277305718808 0.00241111381969
29 20 0.853392784195 0.00189633606933 -0.426696392098 0.000948168034665
0 21 0.857621621825 0.00328376169417 -0.428810810912 0.00164188084708
1 21 0.815104434877 0.00365752077909 0.282583289554 0.00454970325338
2 21 0.802286481301 0.00360672845725 -0.15266307474 0.00647398637371
3 21 0.79877989729 0.00284087051299 0.0655210008502 0.00701578186962
4 21 0.798281411421 0.00257598447415 -0.0163927372213 0.00569216447514
5 21 0.797641369967 0.00311719348528 -0.00807428630774 0.0039349238484
6 21 0.795537907426 0.00330187188413 0.0158852729013 0.00313230276993
7 21 0.79459487314 0.00346950467127 -0.0121264211873 0.0027360274795
8 21 0.794231896186 0.00359942787035 0.00312503261456 0.0029386874916
9 21 0.793593744428 0.00383824239867 0.00353181663703 0.0036156182842
10 21 0.794693011749 0.00372982168524 -0.00368023664785 0.00381231392662
11 21 0.793574515932 0.00188082443415 -0.000369387310429 0.00472516278984
12 21 0.793472366778 0.00217765993207 0.00555311156543 0.00536036600628
13 21 0.793325085707 0.00174744159779 -0.00884765321997 0.00430711801905
14 21 0.792830294099 0.00186843723359 0.00828206885067 0.00340435556707
15 21 0.793079349752 0.00156775306565 -0.00465597460684 0.00394189806324
16 21 0.791024684524 0.00247202677034 0.000897901336388 0.00565555191703
17 21 0.791698679141 0.00301821248912 0.00197239264943 0.00656157046292
18 21 0.790233388286 0.00257900225791 -0.00453713128346 0.00655557466958
19 21 0.79037713236 0.00260471477127 0.00603688452585 0.00661300526088
20 21 0.791515170658 0.00320100047926 -0.00492558326626 0.00650488263248
21 21 0.795344250352 0.00374690629431 -0.000726945808182 0.00609507656061
22 21 0.796370869847 0.00370995159298 0.010196468753 0.00462613831137
23 21 0.796306622821 0.004021453287 -0.0174581719998 0.00274131800432
24 21 0.795633561095 0.00417194927793 0.0143831313047 0.00239493164289
25 21 0.796977208238 0.00450102397269 0.00592204708322 0.00382376099956
26 21 0.796326454665 0.00343223909569 -0.0547134093891 0.00533838345278
27 21 0.798077963663 0.00431772212133 0.143108540555 0.00582381410263
28 21 0.809036195111 0.00417856210053 -0.275231913961 0.00470029424388
29 21 0.852429557362 0.00364805463139 0.426214778681 0.00182402731569
0 22 0.855874032441 0.00430879566838 0.427937016221 0.00215439783419
1 22 0.812376772015 0.00475426166154 -0.279770992485 0.00582212567522
2 22 0.7996513219 0.00424242094921 0.150338662812 0.00719930460375
3 22 0.796893963886 0.00398534086688 -0.0648534852761 0.00709115518421
4 22 0.796001735502 0.00386920620246 0.01675521911 0.00744094626901
5 22 0.796227120995 0.00369617907922 0.00448219773626 0.00730771353382
6 22 0.797252155645 0.00389707025469 -0.00982569704694 0.00618717946085
7 22 0.795829651205 0.00338860587849 0.00642647474533 0.00482208500625
8 22 0.796863561748 0.00369995429619 0.00039749781733 0.00405393990202
9 22 0.797111584793 0.00346075161635 -0.00578374040939 0.00395370309058
10 22 0.795930769174 0.00317088183701 0.00724404911264 0.00379663548251
11 22 0.795275682141 0.00232927246476 -0.00359689564529 0.00297189076641
12 22 0.793326374169 0.00218485996794 -0.00214425602143 0.00304519506281
13 22 0.794221991324 0.00185727574707 0.00527980034269 0.00441330123236
14 22 0.79456623726 0.00217291185405 -0.00603834485891 0.00524324549321
15 22 0.793469836303 0.00271900839731 0.00558560849933 0.00505861155659
16 22 0.794752959571 0.00294639718517 -0.00200823416708 0.00450362694218
17 22 0.795876170745 0.00275821289383 -0.00349142521086 0.00414689277293
18 22 0.795765733285 0.00220722937307 0.00714549662827 0.00466304478953
19 22 0.794332453726 0.00235037502245 -0.0065907230078 0.00546861904592
20 22 0.794228716087 0.00271136382824 0.000807675993138 0.00531453986517
21 22 0.792117340728 0.00296882178726 0.00889083516707 0.00477314405172
22 22 0.79303703281 0.00242235192315 -0.0185787770285 0.00422941715455
23 22 0.794504050774 0.00334318757413 0.024033191303 0.00374717756205
24 22 0.793585838471 0.00415074075711 -0.0197396124257 0.00409928603228
25 22 0.792470445709 0.00533713521291 -0.00191281209959 0.00422493010702
26 22 0.79304834406 0.00482638291775 0.0514177049391 0.00470574402865
27 22 0.795081385813 0.0048383173606 -0.140762152308 0.00582991334789
28 22 0.807183873682 0.0052259803425 0.274927149582 0.00509556346265
29 22 0.853142864038 0.00389416941506 -0.426571432019 0.00194708470753
0 23 0.855073083144 0.00422158351306 -0.427536541572 0.00211079175653
1 23 0.811731803027 0.004514784561 0.279041297383 0.00518229988813
2 23 0.798761264877 0.00420923516485 -0.148462424335 0.00614131737175
3 23 0.79498071427 0.00392828296294 0.0616963076059 0.00548985991991
4 23 0.795656414281 0.00313274376077 -0.0124641231729 0.00394229466584
5 23 0.795695028008 0.00326937023641 -0.0106909495811 0.00256282520958
6 23 0.796256476106 0.00310682787482 0.0161383860508 0.0032381324679
7 23 0.796923779678 0.00341238769126 -0.0119287611669 0.00487961887442
8 23 0.795467638933 0.00319407729204 0.00538506051096 0.005626648081
9 23 0.79483169096 0.00297767687834 -0.000577287102892 0.0054441841557
10 23 0.794219628545 0.00263263169846 -0.00134179564118 0.00433130336019
11 23 0.793818548197 0.00199145819455 -0.000313238927346 0.00331143469345
12 23 0.792545046624 0.00247369378784 0.00477939016474 0.00325161384468
13 23 0.792716579787 0.00284449759759 -0.0089583452822 0.00338762196181
14 23 0.7927928216 0.00206276337261 0.00857449630023 0.00438437982825
15 23 0.793737061952 0.00201481544607 -0.00414950621854 0.00543378259399
16 23 0.792188884235 0.00205727956556 -0.000813196816129 0.00586206257084
17 23 0.79180765145 0.00211056521534 0.0054152363083 0.00555234165291
18 23 0.792301209249 0.00201354699212 -0.00755846607673 0.00465418090303
19 23 0.793443294489 0.00226630730169 0.00553203907108 0.00369983491911
20 23 0.792789075562 0.00249562390856 -4.17375272062e-06 0.00336630000266
21 23 0.79424763596 0.00256508579284 -0.00761396969228 0.00332033020252
22 23 0.792422757936 0.00295015352013 0.013965085305 0.00381676956917
23 23 0.793741786924 0.00388635211432 -0.0134096706805 0.00438011342493
24 23 0.794250765307 0.00427183257742 0.00291964173413 0.00508861151404
25 23 0.795534589377 0.00378125350484 0.0210033820033 0.00632508790488
26 23 0.796744365075 0.00390572968379 -0.0694136940455 0.00694328667686
27 23 0.801788772033 0.00382842674645 0.15491886703 0.0062049686154
28 23 0.814712293925 0.00416310882937 -0.28354271465 0.00432924465084
29 23 0.858819338493 0.00311698262258 0.429409669246 0.00155849131129
0 24 0.851633285497 0.00511719016004 0.425816642749 0.00255859508002
1 24 0.808458670708 0.00558442515828 -0.274943827867 0.00619432721634
2 24 0.796799561455 0.00537731756594 0.144747009456 0.00664822959932
3 24 0.790502329805 0.00449422510811 -0.0590507722253 0.00491594565535
4 24 0.789489014115 0.00338190128979 0.00937923152563 0.00466296920999
5 24 0.790988117244 0.00327995960333 0.015143118962 0.00530442002434
6 24 0.794221398793 0.00273998263764 -0.0217773277271 0.00448812526089
7 24 0.794548275379 0.00290666336121 0.0170819893434 0.00402520617461
8 24 0.794797822438 0.00229957440891 -0.00968045022176 0.00427822435535
9 24 0.79327353622 0.00306338899937 0.00411513105147 0.00365323292776
10 24 0.794887456929 0.00218717871172 -0.00164971721207 0.00320013384784
11 24 0.795147077076 0.00258346385225 0.00301137547114 0.00341096534037
12 24 0.793730315138 0.00249376171095 -0.00579132498089 0.00364014452743
13 24 0.795718271817 0.00265871280586 0.0074391127766 0.00402566543311
14 24 0.794898902921 0.00226064221438 -0.00777739082682 0.00469818755537
15 24 0.793748671582 0.00339654026392 0.0062340397728 0.00442129204682
16 24 0.793837661331 0.00354677739029 -0.000545004061462 0.00315873999144
17 24 0.792852318673 0.00349777639108 -0.00624804057593 0.00209077554717
18 24 0.79481994231 0.00270053189895 0.00895539248244 0.00218607264534
19 24 0.796859635623 0.00234225605249 -0.00677635555974 0.00286242310287
20 24 0.798366123983 0.00265299505765 0.00128894997544 0.00408657622596
21 24 0.797832611675 0.00316904531429 0.00626292774956 0.00552724445831
22 24 0.797756830522 0.0029812188452 -0.0140915040212 0.00635323829833
23 24 0.79799188882 0.00405963433011 0.0172939761462 0.00539593233206
24 24 0.796445116341 0.00411563095497 -0.0109824455184 0.00382449856092
25 24 0.79681356604 0.00440323553855 -0.0119860108681 0.00526818926512
26 24 0.796429303853 0.0048449055337 0.0621137018529 0.00824391006238
27 24 0.800783045223 0.00560678655582 -0.148983684149 0.00969984915851
28 24 0.811291372368 0.00618948313329 0.27894019456 0.00785697662616
29 24 0.855077876118 0.00595781435181 -0.427538938059 0.00297890717591
0 25 0.851545022824 0.00381405078092 -0.425772511412 0.00190702539046
1 25 0.807913428386 0.00480765061727 0.27521721057 0.00538151740294
2 25 0.796847104223 0.00433400146961 -0.144985725321 0.00726973835774
3 25 0.793327699557 0.00383447894606 0.0593935580573 0.00655156223523
4 25 0.792531791521 0.00324782094344 -0.0113879603207 0.00450412749485
5 25 0.790567896612 0.00308202640654 -0.0104905942144 0.00371868391661
6 25 0.791525328994 0.00249415784388 0.0156336177478 0.00383933861351
7 25 0.791616649783 0.00199090993904 -0.0102176545988 0.00364595228155
8 25 0.790479886388 0.00243553511927 8.05437555464e-05 0.00363242206603
9 25 0.790702865226 0.0029455863123 0.00631204814869 0.00374056496499
10 25 0.792978319249 0.00300816291113 -0.00747755542442 0.0045439470844
11 25 0.794398209387 0.00294206012193 0.00573339908934 0.00516093485725
12 25 0.794970144158 0.00255562156279 -0.00366127614504 0.00450842323147
13 25 0.795999302384 0.00232912687189 0.00282236630624 0.00403960133371
14 25 0.796958454986 0.00196208529013 -0.00224504759559 0.00488925403766
15 25 0.796395916089 0.00172352463719 0.00271789416785 0.00548422604704
16 25 0.795535347996 0.00189871435434 -0.00439571968937 0.00548910599806
17 25 0.796622083047 0.00229911840511 0.00539855675672 0.00567143229079
18 25 0.794652603699 0.00197306226155 -0.00375783340649 0.00558603427482
19 25 0.796543989203 0.0021621171629 -0.000115201600389 0.00444082215006
20 25 0.796490388464 0.0021317573306 0.00430318018795 0.00351196048762
21 25 0.798716135247 0.00191778529478 -0.00801985839919 0.00385433337063
22 25 0.798076166377 0.00314352728375 0.0114910378496 0.00341266957994
23 25 0.798882896064 0.00289227151185 -0.0135920374056 0.00282830474669
24 25 0.798719633833 0.00317639195853 0.0102173605552 0.00392140860196
25 25 0.797634578382 0.00416940990315 0.00989286141692 0.00572883804285
26 25 0.796565396634 0.00371633675083 -0.0586839271138 0.0066846580201
27 25 0.79927864674 0.00453107884593 0.145914508464 0.00647407111831
28 25 0.81057618221 0.00493719213154 -0.276799206597 0.00520652610891
29 25 0.852947932338 0.00431325148345 0.426473966169 0.00215662574172
0 26 0.857560910554 0.0024365724463 0.428780455277 0.00121828622315
1 26 0.813319066577 0.00252970427884 -0.280281264491 0.00321209151563
2 26 0.804746431368 0.0028258787847 0.147759637593 0.00449937480909
3 26 0.80160778404 0.00307377265338 -0.0586901449213 0.00500481566019
4 26 0.798673843624 0.00316568590236 0.00797299925516 0.00470697069769
5 26 0.798156982075 0.00306171240902 0.0134320108555 0.00442817538014
6 26 0.797369705389 0.00285459839249 -0.0159733398375 0.00395229446904
7 26 0.795685339556 0.00189415679241 0.0100476730951 0.00409338302433
8 26 0.797987318555 0.00204508210133 -0.00249373113562 0.00517419161962
9 26 0.794902072288 0.00182010208999 -0.00427340100829 0.00563878362861
10 26 0.792919515935 0.00203094269183 0.00785763420281 0.00584062081127
11 26 0.794429248599 0.00219230685115 -0.00858889025075 0.0055209790035
12 26 0.795590284159 0.00254866217343 0.00790916243391 0.00533730381326
13 26 0.796564037977 0.00161168398346 -0.0052331982344 0.00480986545991
14 26 0.794008819457 0.00115048877688 0.00123329544427 0.00335236124587
15 26 0.79390163968 0.00166458963524 0.00238692715003 0.0039182970645
16 26 0.793679692635 0.00129909824628 -0.00354689964633 0.00585009964073
17 26 0.792690424265 0.00221785829308 0.00025034835756 0.00637229774238
18 26 0.793357031664 0.00261645864527 0.0037619111012 0.00488621853225
19 26 0.791852862822 0.00311204092139 -0.00278615709679 0.00316410990279
20 26 0.789888071368 0.0029096464797 -0.00293206126033 0.0039079788929
21 26 0.790059641325 0.00225107062886 0.0117325830088 0.00416461423647
22 26 0.791483505853 0.00262918653378 -0.0204449314372 0.00235989268359
23 26 0.792966211558 0.00194311478615 0.0252843741231 0.0026014577725
24 26 0.792007406601 0.00220741577395 -0.0196060169405 0.00477815734945
25 26 0.791639403598 0.00216008293709 -0.00448817395273 0.0062790023998
26 26 0.7933287901 0.00258185392778 0.0559476190366 0.00701043218916
27 26 0.797012726576 0.00375297388223 -0.144767493635 0.0067848082965
28 26 0.810164598836 0.00341486312958 0.275972389396 0.00460222369881
29 26 0.852446632965 0.00303712529418 -0.426223316483 0.00151856264709
0 27 0.853063646189 0.00380971219493 -0.426531823094 0.00190485609746
1 27 0.807994385371 0.00357188174637 0.275853498281 0.0042018630105
2 27 0.795187138156 0.00388022085978 -0.143265155973 0.00379233498249
3 27 0.79313083834 0.00335327412963 0.0552792335365 0.0022548696335
4 27 0.792354826944 0.00343845028775 -0.00720082708496 0.00382268082825
5 27 0.793010786133 0.00350613739923 -0.0125825727292 0.00540722385255
6 27 0.792435629891 0.00332129332958 0.0161400991883 0.00513927845936
7 27 0.791772946168 0.00173717090046 -0.0123156156861 0.00486706285385
8 27 0.788546492682 0.00132293980998 0.00576805650384 0.00568032749008
9 27 0.790786648962 0.00187543256081 0.000813944607097 0.00536385239034
10 27 0.792423224507 0.0019833257745 -0.00628675689443 0.0044113629216
11 27 0.794924044974 0.00194382236237 0.0104262697359 0.00403802201917
12 27 0.796896187734 0.00133934529101 -0.0121222199486 0.00421512055451
13 27 0.799190784075 0.00161300270767 0.0106210670845 0.00486477059655
14 27 0.79706709226 0.00112544815612 -0.0076465589033 0.00561455542839
15 27 0.797989634488 0.00147004840802 0.00411405179803 0.00506341312846
16 27 0.795856816982 0.00222115858239 -0.00150892614563 0.00373691729153
17 27 0.797964369652 0.00278634857206 0.00174714526176 0.00346627531607
18 27 0.79770189854 0.00318034143689 -0.00346123373062 0.00371363591116
19 27 0.796957522489 0.00289528028549 0.00377310653285 0.00336006761142
20 27 0.794407160018 0.0038369997131 -0.000985516246903 0.00357001665894
21 27 0.793669607274 0.0032824593903 -0.00544785005272 0.00358187139168
22 27 0.795774689784 0.00261205844199 0.0144431910158 0.00367174825941
23 27 0.794818723268 0.00280568974111 -0.0206864281404 0.00368926099317
24 27 0.796247509595 0.00264310246999 0.0164231229361 0.00301563437573
25 27 0.79623303334 0.00167016541488 0.00641390112413 0.00296970281639
26 27 0.796708061665 0.00206023993307 -0.0576500419552 0.00396583932074
27 27 0.799597406926 0.00238594833893 0.147167019878 0.0047539458516
28 27 0.811521162011 0.00309909858116 -0.279176046691 0.00387560145151
29 27 0.855767731585 0.00297130400956 0.427883865792 0.00148565200478
0 28 0.854623481171 0.0033259367713 0.427311740586 0.00166296838565
1 28 0.811350786944 0.00428653252339 -0.277630243518 0.00432685828996
2 28 0.799037288898 0.0038919723795 0.145239428578 0.00521633147566
3 28 0.797213018892 0.00330078136296 -0.0553507916232 0.00479472307599
4 28 0.79640960391 0.00399322955995 0.00350838276999 0.00456121524743
5 28 0.797141702261 0.00405060633256 0.0188936661462 0.00439663593585
6 28 0.796318438957 0.00365540600458 -0.0224064773776 0.00478501955941
7 28 0.79510343662 0.00339607937874 0.0164280727694 0.00522712126234
8 28 0.795108870923 0.00281686363025 -0.00797677001345 0.00483837086455
9 28 0.793913556412 0.0022692356711 0.00110096225504 0.00470815741521
10 28 0.793218768485 0.00195240665481 0.00381296670722 0.00467785094021
11 28 0.794100414094 0.0018095062355 -0.00623871318232 0.00398398553768
12 28 0.79461943194 0.00150635505718 0.00386983742913 0.00234849726218
13 28 0.792979355706 0.00184504681645 -8.18068015448e-05 0.00203203355095
14 28 0.794083562477 0.00198609769924 -0.000313456425525 0.00299218882039
15 28 0.792485562845 0.00208812199517 -0.00107956069374 0.00313479466136
16 28 0.794185601883 0.00204930395913 0.00184706623983 0.00290147620739
17 28 0.795555234579 0.00171036168648 -0.00146135729989 0.00318000869275
18 28 0.7948198141 0.00204392838282 0.00166225982822 0.00337753827116
19 28 0.792565904946 0.0021482933898 -0.00199265118434 0.00240977753124
20 28 0.794020327829 0.00191989004043 -6.34307288158e-05 0.00198324979747
21 28 0.79204967202 0.00187115349464 0.00546184367739 0.00385445363388
22 28 0.795362978346 0.00230374031215 -0.0131443727852 0.0046557806897
23 28 0.794523572659 0.00307650799001 0.0178838876192 0.00359818472496
24 28 0.7936610352 0.00276945325899 -0.0136080461337 0.0023920977122
25 28 0.793453190283 0.00339919992738 -0.00801347718686 0.00331122613546
26 28 0.794880501629 0.00379569116047 0.0585951334329 0.00525667253186
27 28 0.799589422968 0.00412541533969 -0.147447997014 0.00648576228616
28 28 0.813126829804 0.00448417707137 0.27844322054 0.00557623654746
29 28 0.85449863322 0.00447222994973 -0.42724931661 0.00223611497486
0 29 0.834605178426 0.00303230679362 -0.417302589213 0.00151615339681
1 29 0.799242516745 0.00262409637 0.253517443722 0.00350043035961
2 29 0.793075211005 0.00376282004634 -0.119192535179 0.00456042788988
3 29 0.794721407611 0.0034898601505 0.0377184819515 0.0044874412985
4 29 0.794373788071 0.00400028214506 0.00355734273221 0.00310924929985
5 29 0.794730344454 0.00451826716643 -0.0195818759493 0.00254592087425
6 29 0.796206818286 0.00443650283484 0.020233452968 0.00370732981918
7 29 0.796378349246 0.00385465808828 -0.0137301076962 0.00383096017791
8 29 0.794048899843 0.00363082048716 0.00517083180061 0.00270652980548
9 29 0.794856861959 0.00355635819097 0.00104882645275 0.00207246454544
10 29 0.796105722136 0.00276534053146 -0.00438145460638 0.00254246458693
11 29 0.795855070046 0.00213326597951 0.00637509257959 0.00331160075317
12 29 0.797550118889 0.00167194815747 -0.00633896637821 0.00550640519196
13 29 0.798940606664 0.00185495955217 0.00549331832304 0.00674093493748
14 29 0.796219532752 0.00208782015523 -0.0032214641181 0.00621876313686
15 29 0.795398077981 0.00151378636597 0.00069479135727 0.00458026871683
16 29 0.795290884583 0.00163278473022 -0.000109304355096 0.00259054861197
17 29 0.795255052163 0.00285725879701 0.000166877983943 0.00220271401056
18 29 0.795734441484 0.00329389732948 -0.00165817362574 0.00247005817907
19 29 0.796748018367 0.00286783230077 0.0045702810562 0.00258443633412
20 29 0.795200616216 0.00262957721793 -0.00534303823585 0.00269434231248
21 29 0.795763735663 0.00309307289732 0.00205901180463 0.00337064849225
22 29 0.797161253198 0.0027526045664 0.00435686611031 0.00494918151845
23 29 0.79704063836 0.00239361287571 -0.00958249784595 0.00485637339587
24 29 0.798707231013 0.00298491718065 0.00622046428291 0.00403525894407
25 29 0.800849875059 0.00288958995357 0.0117989226477 0.00529042563841
26 29 0.800938930427 0.00350922824446 -0.0549057582428 0.00701199762034
27 29 0.805530713315 0.00406010822875 0.136292409218 0.00785043092393
28 29 0.810460301608 0.00452140578757 -0.26543155176 0.00629983781549
29 29 0.843009804429 0.00477928687866 0.421504902214 0.00238964343933
