14	0.0129182 0.00113693 0.000142503 0.00383928	0.943098
15	0.0142007 0.00307245 0.000160385 0.0055516	0.922004
16	0.0475521 0.0406103 0.000268466 0.0408234	0.721774
16.5	0.173489	0.183014	0.000714272	0.173945	0.127544
17	0.316174 0.349251 0.000911269 0.327551	0.0535528
17.5	0.466575	0.532184	0.00108705	0.493155	0.0225236
18	0.552042 0.647438 0.00127795 0.592295	0.0113768
18.5	0.574717	0.694319	0.00152365	0.625677	0.00733916
19	0.557532 0.697307 0.00186731 0.616919	0.00581217
19.5	0.512294	0.668146	0.00236306	0.577725	0.00528373
20	0.444846 0.610783 0.0030842 0.512953	0.00508945
21	0.280607 0.445079 0.00553602 0.342264	0.00374452
22	0.155999 0.320314 0.00995945 0.210423	0.00118545
23	0.0775061 0.255452 0.0171456 0.131314	0.000135455
24	0.0386409 0.207942 0.022797 0.0862041	1.01317e-05
25	0.0232308 0.180168 0.0256368 0.0652257	1.07005e-06
