0.0 0.0 0.0 0.0 0.0 0.0 0.0 0.0 0.0 0.0 0.0 0.0 0.0 0.0 0.0 0.0 0.0 0.0 0.0 0.0 0.0 0.0 0.0 0.0 0.0 0.0 0.0 0.0 0.0 0.0 0.0
1.0 0.000231200171135 4.26560452928e-05 0.0 0.0 0.0 0.0 0.0 0.0 0.0 0.0 0.000111504064072 3.14725415261e-05 0.0 0.0 0.0 0.0 0.0 0.0 0.0001070085333 3.03775240429e-05 0.0 0.0 0.0 0.0 0.00013189670575 2.9546399139e-05 0.0 0.0 0.000215451706625 4.79789365199e-05
2.0 0.0011634207497 0.000208088470557 0.0 0.0 0.0 0.0 0.0 0.0 0.0 0.0 0.000569076355925 0.000157412658726 0.0 0.0 0.0 0.0 0.0 0.0 0.000557647610325 0.000156963001398 0.0 0.0 0.0 0.0 0.000672461089528 0.000149695606261 0.0 0.0 0.00109116700632 0.000237732923064
3.0 0.00402184268817 0.000693821731118 0.0 0.0 0.0 0.0 0.0 0.0 0.0 0.0 0.00198335317732 0.000535520418248 0.0 0.0 0.0 0.0 0.0 0.0 0.0019942623389 0.000547130206939 9.3032e-10 9.3032e-10 0.0 0.0 0.0023571035829 0.000520075463431 1.975325e-09 1.975325e-09 0.00381836093016 0.000807677172073
4.0 0.0103415796088 0.00172225475102 0.0 0.0 0.0 0.0 0.0 0.0 0.0 0.0 0.00512706694926 0.00133809425824 0.0 0.0 0.0 0.0 0.0 0.0 0.0052890888323 0.00139898095658 5.581925e-09 5.581925e-09 0.0 0.0 0.00614090301094 0.00133169044345 3.95065e-09 3.95065e-09 0.00987101202196 0.00202669631472
5.0 0.020557976021 0.00332891214069 2.0661775e-08 2.0661775e-08 0.0 0.0 0.0 0.0 0.0 0.0 0.0101968782702 0.00253484235327 0.0 0.0 0.0 0.0 0.0 0.0 0.0108666500363 0.00272341919022 5.11675e-08 5.11675e-08 0.0 0.0 0.0123250312673 0.00259730787671 4.54325e-08 4.54325e-08 0.0196628973218 0.00392310233794
6.0 0.0327977052601 0.00521130696519 1.0151225e-07 1.0151225e-07 0.0 0.0 0.0 0.0 0.0 0.0 0.0163930381455 0.00381019884181 9.658825e-10 9.658825e-10 0.0 0.0 0.0 0.0 0.0179239814914 0.00418513580967 3.927426325e-07 3.81221932236e-07 0.0 0.0 0.0198185040843 0.003991942782 2.715429675e-07 2.70597907186e-07 0.0313785106758 0.00607331649938
7.0 0.0436486078564 0.00684041566944 6.14483105e-07 6.13542145321e-07 0.0 0.0 0.0 0.0 0.0 0.0 0.0223441526843 0.0047648123549 5.988475e-08 5.988475e-08 0.0 0.0 0.0 0.0 0.0248511997621 0.0053345552711 2.5054909625e-06 2.42474991028e-06 0.0 0.0 0.0266276813826 0.00503883462555 2.0873264e-06 2.04177134054e-06 0.0418397238031 0.00779826137653
8.0 0.0502102056899 0.00772819059036 3.21257845e-06 3.18210618869e-06 0.0 0.0 0.0 0.0 0.0 0.0 0.0272127186345 0.00522453297018 3.280659525e-07 2.79007153138e-07 0.0 0.0 0.0 0.0 0.0304585055975 0.00594450195368 1.24829113e-05 1.18052324075e-05 0.0 0.0 0.0313958600038 0.00551463541793 9.4112535e-06 9.06353444539e-06 0.0484213766714 0.00856602642298
9.0 0.051790470557 0.00773177617346 1.3507579e-05 1.28543824682e-05 0.0 0.0 0.0 0.0 0.0 0.0 0.031148999743 0.00535101702303 1.77997775e-06 1.52442483691e-06 0.0 0.0 0.0 0.0 0.0346616686768 0.00610688198466 5.304345085e-05 4.84983321267e-05 0.0 0.0 0.0341837262155 0.00560009823504 3.2738039725e-05 3.0852701471e-05 0.0505940893277 0.00828012524864
10.0 0.04953837125 0.00709552312168 4.2487108775e-05 3.80002538146e-05 0.0 0.0 0.0 0.0 0.0 0.0 0.0345391983441 0.00544178964868 9.4928931075e-06 7.50600171455e-06 0.0 0.0 0.0 0.0 0.038029854321 0.00602446487321 0.000171782930925 0.000150936315917 0.0 0.0 0.035954047692 0.00563345159745 8.8587258e-05 7.77196608359e-05 0.049308391897 0.00718847721746
11.0 0.045368286875 0.00620159838884 0.00010998157913 8.98820457387e-05 0.0 0.0 0.0 0.0 0.0 0.0 0.0373619574199 0.00563512436481 3.960273925e-05 2.96246155727e-05 0.0 0.0 0.0 0.0 0.0408267198803 0.00582294670196 0.000419117903775 0.000343250663469 0.0 0.0 0.0375170462865 0.00574720019626 0.000193089895175 0.000151778104527 0.046203065182 0.00580699142059
12.0 0.0410035234673 0.00532069264952 0.000256604782615 0.000187880310012 0.0 0.0 0.0 0.0 0.0 0.0 0.0390941986383 0.0058021086718 0.00013228636931 9.22517240887e-05 0.0 0.0 0.0 0.0 0.0430039565745 0.00560977210308 0.000814154989125 0.000598924312646 0.0 0.0 0.0389942941096 0.00585217607176 0.0003741222905 0.000246498206583 0.0428279588772 0.00478557884108
13.0 0.0377454106692 0.0046638480817 0.000526598519037 0.000350761092367 0.0 0.0 0.0 0.0 0.0 0.0 0.0392892423933 0.0057996564878 0.000350168024625 0.000228454394851 0.0 0.0 0.0 0.0 0.044495577185 0.00548189670992 0.00131890587087 0.000836131351158 0.0 0.0 0.0399303160947 0.00582353229357 0.000695897919787 0.000373503353935 0.0399374376795 0.00459317306228
14.0 0.0362231733788 0.0043488105742 0.000946746621478 0.000586898205473 0.0 0.0 0.0 0.0 0.0 0.0 0.0380802999421 0.00561899860293 0.000765986679368 0.000463197198564 0.0 0.0 0.0 0.0 0.045674760425 0.00546164843142 0.00190714077752 0.00102540496396 0.0 0.0 0.0399653148598 0.00554255464186 0.00130047631812 0.000593384668782 0.0375151953684 0.00494402592658
15.0 0.036474252141 0.00443296818949 0.00154064703958 0.000881734284529 0.0 0.0 0.0 0.0 0.0 0.0 0.0363594810477 0.00536465682143 0.00139747890027 0.000771596614424 0.0 0.0 0.0 0.0 0.04665543246 0.00545491659176 0.00256893141712 0.00121965947104 0.0 0.0 0.0391315487875 0.0050222409274 0.00237011819627 0.000986404959926 0.0352173892705 0.00530182051968
16.0 0.0380651305175 0.00486556252158 0.00231935218897 0.00118392868989 0.0 0.0 0.0 0.0 0.0 0.0 0.0352334994687 0.00516634616562 0.0022400982448 0.00110688776191 0.0 0.0 0.0 0.0 0.0473340619425 0.00543151631467 0.00329682603574 0.00146055601102 0.0 0.0 0.0377418596625 0.00449942327738 0.00402803883823 0.00160782943407 0.033013519549 0.00541512532551
17.0 0.040233150515 0.00550122171333 0.0033210556095 0.00145631254868 0.0 0.0 0.0 0.0 0.0 0.0 0.0352061431325 0.00516199569964 0.00326918728265 0.00143160139211 0.0 0.0 0.0 0.0 0.047542308165 0.00540523213693 0.00413096660038 0.00171588958351 0.0 0.0 0.0361943319429 0.00417988567132 0.00620556770052 0.00242114808711 0.0308923020542 0.00519360751745
18.0 0.041766093985 0.00602553803582 0.0046176672191 0.00173953245521 0.0 0.0 0.0 0.0 0.0 0.0 0.0358160859185 0.00544620743403 0.00448711066522 0.00175082408594 0.0 0.0 0.0 0.0 0.0468522828475 0.00540840741959 0.005135713027 0.00198618551015 0.0 0.0 0.0349758737132 0.0041292331502 0.00847892822687 0.00321841373927 0.0289940795626 0.00469962902578
19.0 0.041612065896 0.00615113842778 0.00623002632442 0.00208365247216 0.0 0.0 0.0 0.0 0.0 0.0 0.036085752108 0.00581861361779 0.00598174636747 0.00213937435575 0.0 0.0 0.0 0.0 0.0450523017665 0.00544236949627 0.006387675838 0.00231188993108 0.0 0.0 0.0344521823278 0.00437634797755 0.0103711582111 0.00374774279688 0.0275366208703 0.00421677233685
20.0 0.0394845475227 0.00587570806562 0.0081011795219 0.00247283082783 0.0 0.0 0.0 0.0 0.0 0.0 0.0354689441813 0.00592016116628 0.00787742946107 0.00265225536083 0.0 0.0 0.0 0.0 0.042022296123 0.00540644270969 0.00795898727138 0.00268711054143 3.898475e-09 3.898475e-09 0.034488326975 0.00475462085915 0.0117703127645 0.00392724837027 0.026586347643 0.00402234701391
21.0 0.0360446281183 0.00541972270612 0.0102483057932 0.00285378274669 2.695025e-08 2.695025e-08 0.0 0.0 0.0 0.0 0.0342452190285 0.00568992436151 0.0102910936341 0.00326951251325 1.9492325e-09 1.9492325e-09 0.0 0.0 0.0380025461357 0.0052595483164 0.00994345343083 0.00302872761648 1.0720775e-07 1.0720775e-07 0.03435378015 0.00492868230245 0.0129822864995 0.0039074255794 0.0260241458479 0.00411940515091
22.0 0.0325790708951 0.00500778525636 0.0127096155104 0.00322498255819 3.79613175e-07 3.55931254332e-07 0.0 0.0 0.0 0.0 0.0328542865205 0.00535318558441 0.0132182011227 0.00393559559007 2.631475e-08 2.631475e-08 0.0 0.0 0.0334846601441 0.00508198402822 0.0126148534607 0.00331714751038 7.7482e-07 7.7482e-07 0.033601979775 0.0047983920189 0.0144474350926 0.00389734468242 0.0256196572035 0.00439949287941
23.0 0.0297090053567 0.00473359683376 0.0154000100337 0.00365591000038 2.380635375e-06 2.11865317922e-06 0.0 0.0 0.0 0.0 0.0317377130356 0.00516740084611 0.0163840366954 0.00455404100076 1.002447e-07 9.74301197404e-08 0.0 0.0 0.0291875575858 0.00502211915954 0.0162362318556 0.00369621087427 4.7151211425e-06 4.71320239317e-06 0.0325043953547 0.00459178389149 0.0164447642345 0.00401887346761 0.0251489036109 0.00473433905955
24.0 0.0273767958829 0.00464311732934 0.0180357443385 0.00416570708056 1.289364075e-05 1.13856379371e-05 0.0 0.0 0.0 0.0 0.0310278202802 0.00508502823542 0.0192171781056 0.0049859118633 4.657519075e-07 4.43391290303e-07 0.0 0.0 0.0254577818559 0.0050931361061 0.0207274309323 0.00440751273821 2.048036e-05 2.03798427559e-05 0.031394623009 0.00454851656382 0.0189448663309 0.00430144835668 0.0246134342185 0.00497873623116
25.0 0.0250129062532 0.00462785535465 0.0203752395019 0.00463076892517 5.1359245e-05 4.39162832874e-05 0.0 0.0 0.0 0.0 0.0307349822345 0.00498815702785 0.0212920467273 0.00512776130943 1.64652875e-06 1.46318623511e-06 0.0 0.0 0.0225802039366 0.00514362815759 0.0252762558743 0.00540984455959 6.738796365e-05 6.63184604556e-05 0.0304906189613 0.00467335608486 0.0214532758512 0.00467878719647 0.0241898947075 0.00504780591524
26.0 0.0221858529989 0.00450495551369 0.0223768141613 0.00491256670642 0.0001600058975 0.000132063862824 0.0 0.0 0.0 0.0 0.0306693204375 0.00495783327576 0.022522128102 0.00499639065423 4.867983175e-06 3.50640523989e-06 0.0 0.0 0.0206807207521 0.00503025098027 0.0286296107442 0.00625244267442 0.000168542850275 0.00016282328186 0.029432255469 0.00478179658615 0.0234315215248 0.00498880181089 0.0238256731575 0.00494952722502
27.0 0.0188815933858 0.00420187958651 0.0240953889173 0.00502044213748 0.0003935684254 0.000308475071548 0.0 0.0 0.0 0.0 0.0304217123108 0.00517811863807 0.0232659514322 0.00483978539872 1.4992643825e-05 8.84508120799e-06 0.0 0.0 0.0195527838042 0.00472738708677 0.0298481570116 0.00647979440626 0.000331380887625 0.000309209965699 0.0276706598913 0.00471844247431 0.0246233744931 0.00505383675951 0.02320965262 0.00473023666409
28.0 0.0154887966929 0.00375370959464 0.0257221835644 0.0050357376604 0.00081550617375 0.000599850742101 0.0 0.0 0.0 0.0 0.0296152445398 0.00555373274487 0.0238083271775 0.00488199531906 4.548448185e-05 2.75328378089e-05 0.0 0.0 0.0187082489805 0.00429603104815 0.0288789968671 0.00602627545618 0.000534992815103 0.000471368559335 0.02509436021 0.0045533928933 0.0252237146115 0.00487108781272 0.0220980711961 0.00440680251325
29.0 0.0124704944462 0.00323860724491 0.0275192129053 0.00495404315692 0.00145171064 0.00100174656059 0.0 0.0 0.0 0.0 0.0280303031108 0.00571618786095 0.02421710951 0.00506025866733 0.000133907457498 8.79349466164e-05 0.0 0.0 0.0176971656352 0.00389970937636 0.0266387959625 0.00520174118216 0.00074593893745 0.00060123920913 0.02221262242 0.00448235533192 0.0255687970107 0.00461507795193 0.020363317228 0.00399796865772
30.0 0.0101279264988 0.00286617810696 0.0297753873437 0.00479324479336 0.00224097559403 0.00146919890428 0.0 0.0 0.0 0.0 0.0257912348116 0.00549702730798 0.0245529675275 0.00518095608089 0.000334566404617 0.000222563893418 0.0 0.0 0.0164429353504 0.00374890878078 0.0244398577254 0.00440160390668 0.00100293126857 0.000722205245815 0.019656256228 0.00450538625731 0.0257284060585 0.00436315740983 0.0182431799206 0.00363806895437
31.0 0.00860180910542 0.00292404681399 0.032567571795 0.00467928017651 0.00297930312571 0.00188263908233 0.0 0.0 0.0 0.0 0.0230904238976 0.00503435197539 0.0249526176194 0.00512387871217 0.000702374306917 0.000453115062437 0.0 0.0 0.0150521384493 0.0038321310111 0.0235349473762 0.00389344742273 0.00138051598954 0.000875825820113 0.0176118329782 0.00445213643867 0.0259269835528 0.00416463617726 0.0162636936379 0.00346420206084
32.0 0.00780701525919 0.00332038324374 0.0354319778803 0.00478509818916 0.00342182742294 0.00210639923662 0.0 0.0 0.0 0.0 0.0200327003841 0.00453469249085 0.0256293668122 0.0049274060184 0.00123509526545 0.000749283782064 0.0 0.0 0.0137408148348 0.0038766627345 0.0243261186718 0.0037796990844 0.00196091106082 0.00109145870974 0.0160937121964 0.00427201749917 0.0266417152939 0.00417967228283 0.0149327437044 0.00352016595056
33.0 0.007349155083 0.00360637163417 0.037827025705 0.00513855304994 0.00348850314942 0.00209941508439 0.0 0.0 0.0 0.0 0.0169266868073 0.00410798270838 0.0265141436171 0.00473151185269 0.00190350708809 0.00105478662617 0.0 0.0 0.0126084169012 0.0037237209634 0.0263435174042 0.00401805835412 0.00278394872023 0.00135260560557 0.0149128527829 0.00405647772048 0.0281740022435 0.00444920977377 0.0141841518899 0.00375141674518
34.0 0.00669755453165 0.00347893583612 0.0393066585212 0.00546797964863 0.0033430437379 0.00197181312618 0.0 0.0 0.0 0.0 0.0141231145749 0.00370403329012 0.027299245168 0.00458416107882 0.00265606797638 0.00132355854126 0.0 0.0 0.0116759003626 0.0035538718516 0.028576359345 0.0043924187436 0.00388818465829 0.00164566797364 0.0139459622038 0.00399645414744 0.03033362303 0.00479135553922 0.0135244578255 0.00400365754563
35.0 0.00563018675196 0.0029705965365 0.0397396063825 0.00555024130086 0.0032127785535 0.00186688337714 0.0 0.0 0.0 0.0 0.0117201151729 0.00322549267628 0.0278813366436 0.00447198594871 0.00343886443583 0.00154379579427 0.0 0.0 0.0108302294326 0.00361349240609 0.0301191941 0.00466626459877 0.00527190480875 0.00198934842996 0.0130744612203 0.00410675620296 0.0324916806848 0.005052390615 0.0126651136608 0.0041204381103
36.0 0.00439439541915 0.00234045927481 0.03927570364 0.00537154540976 0.00330943761 0.0018614461088 0.0 0.0 0.0 0.0 0.00965384295245 0.0027053352551 0.0284834438953 0.00442117600152 0.00420576890723 0.00170719268047 0.0 0.0 0.00986391294129 0.00380073513278 0.030652451725 0.00476854262691 0.0069360168236 0.00243759506553 0.0121065644385 0.00419197280137 0.0339068294223 0.00523579423772 0.011579657955 0.00404961802523
37.0 0.00335407809409 0.00184800992049 0.038224777425 0.0050295290796 0.00377999368495 0.00193558848122 0.0 0.0 0.0 0.0 0.00790332161004 0.00228725918138 0.029470070117 0.00450208448256 0.00498090463352 0.00182539171023 0.0 0.0 0.00865035557157 0.00386562803496 0.030519404709 0.00482272384699 0.00884571429149 0.00299236411562 0.010868654903 0.00410717755992 0.03393251911 0.00530958233099 0.0105255492878 0.00387829772111
38.0 0.00259451075822 0.00154336512473 0.037074114025 0.00471792867268 0.00478270917291 0.0021095208426 0.0 0.0 0.0 0.0 0.00651344522302 0.00206450811013 0.0309847598976 0.0046903518243 0.00584892790245 0.00193696161226 0.0 0.0 0.0072533251201 0.00371307413716 0.03026019777 0.00492953361377 0.0108985782695 0.0035501864171 0.00937943683172 0.00386693503461 0.0322563102473 0.00514740627528 0.00965287813712 0.00369970143809
39.0 0.00205219741144 0.00131146998294 0.036258133615 0.00470173560326 0.00641832776375 0.00240932937834 0.0 0.0 0.0 0.0 0.005505933027 0.00194316535058 0.0328881846497 0.00495963879754 0.00689031392545 0.00206471789543 0.0 0.0 0.00581186199992 0.00331415468065 0.0301129345222 0.00500084052822 0.0127628368861 0.00394819055218 0.00777031191353 0.00353922629495 0.0294477460025 0.00471064606241 0.00888562529939 0.00354142560938
40.0 0.00162191391843 0.00102295462036 0.0358319431377 0.00504230155204 0.00870301888778 0.00279741515839 0.0 0.0 0.0 0.0 0.00475636295192 0.00177157163846 0.0348901007925 0.00533869576613 0.0081909394705 0.00223652049091 0.0 0.0 0.00451245557509 0.00270283809367 0.0301474618067 0.00497888577782 0.0141754829364 0.00413036919201 0.00629805101342 0.00320317875743 0.0267032612725 0.00414630823727 0.00794072784629 0.00328889101495
41.0 0.00133023048179 0.000730879298397 0.0349592836427 0.00538576064331 0.0113951287795 0.00319889202154 2.700125e-09 2.700125e-09 0.0 0.0 0.00409330157832 0.00153268229001 0.0365388089 0.00573127934229 0.0098738502375 0.00249837506084 0.0 0.0 0.00356567724484 0.00215995976831 0.0302580880078 0.00496874484714 0.0151090833493 0.00417370355357 0.00504441849508 0.00279793126172 0.0252152824193 0.00381971587951 0.00653315739598 0.00278792263573
42.0 0.00125118562155 0.000598588810707 0.0328594682564 0.00543019291396 0.0140940048224 0.00357046969226 5.22025e-08 5.22025e-08 0.0 0.0 0.00348559580725 0.00129652465571 0.0373286682725 0.00597904911105 0.0120552532334 0.00289079189192 2.6345395e-08 2.54188001098e-08 0.0030744248346 0.00211385727803 0.0301189724593 0.00505598606472 0.0156963584849 0.00419164033971 0.0040399029612 0.00232244948768 0.0252820235085 0.00400135075864 0.00471357527347 0.00205273687935
43.0 0.00140643755155 0.000720809403785 0.0294078146208 0.00512092530402 0.0164222054677 0.00391906577079 4.6082e-07 4.6082e-07 0.0 0.0 0.00295670317952 0.00109744595917 0.0368657514682 0.00606552396383 0.0146937037073 0.00342055840196 2.4474625e-07 2.0501970061e-07 0.0028749126917 0.00239707488645 0.0296583245559 0.00518301139111 0.0161816387446 0.00422409119172 0.00328143903256 0.00187443172511 0.0262978988771 0.00448730661799 0.00287751169872 0.0012823010938
44.0 0.00169510609933 0.000954214453392 0.0252552397005 0.00463363541747 0.0184271096464 0.00427993988027 2.573225e-06 2.573225e-06 0.0 0.0 0.0025568989385 0.00100634996309 0.0348138422571 0.00594658318392 0.0174849371834 0.0040257761645 1.808253225e-06 1.51799823873e-06 0.00265815176334 0.00247791273712 0.0288840315475 0.00524458160203 0.0167313948321 0.00427803899221 0.00272547044835 0.0015871751525 0.0273741337316 0.00482894913499 0.00146811506098 0.000678352179409
45.0 0.0020070298728 0.0011857798504 0.0214549602353 0.00423345308306 0.0203372099275 0.00456637876883 1.0571875e-05 1.0571875e-05 0.0 0.0 0.00227781879067 0.0010497420468 0.0313089689351 0.00553126300727 0.020095197453 0.00456935169775 1.0692051e-05 9.24279118625e-06 0.00226382073022 0.00221017627149 0.027859995356 0.0051987087484 0.0174220650868 0.00439378165081 0.0023303970912 0.00152865024989 0.0279864217441 0.00484117238456 0.000626730972375 0.00031103467853
46.0 0.00225779544708 0.00137932425592 0.0187232725404 0.00402109571941 0.0224791247003 0.00472714154201 3.1538708475e-05 3.15208071785e-05 0.0 0.0 0.00206510124844 0.00112030600183 0.0274542737977 0.00492159694424 0.02240816052 0.00494226030868 4.7857895e-05 4.01605118065e-05 0.00173982148553 0.0017273803642 0.0266567545778 0.00503198064205 0.0181857082637 0.00457183970794 0.0019896929484 0.0015479375658 0.028143968489 0.00476986379876 0.000237018131075 0.000137420133022
47.0 0.00242682501515 0.0015339523277 0.0171300961235 0.00390911197049 0.0251862711965 0.00494576943528 7.049073274e-05 7.04599868147e-05 0.0 0.0 0.0018333414184 0.00110135256728 0.024439051037 0.00439571487462 0.0243975609115 0.00514052744154 0.000168361254825 0.00013853903051 0.00121351606147 0.00121133941633 0.0254491941267 0.00484115336363 0.0187954978573 0.00463350039127 0.00161216002295 0.00142535309292 0.0280391657284 0.00491320329965 8.62596145e-05 6.11931118468e-05
48.0 0.00245873406 0.00158359402952 0.0164387877653 0.00393514571099 0.0286522726095 0.0053782027079 0.000127449977875 0.000127258538692 0.0 0.0 0.00152273859692 0.000954718958517 0.0226405463821 0.00409498968234 0.0260073384232 0.00524690234826 0.0004745799665 0.000377348186697 0.000769878087 0.000769592910544 0.0244366062872 0.00477898561054 0.0191840894758 0.00446528504804 0.00117509534762 0.00111519699045 0.027615813438 0.00518149487941 3.02665733e-05 2.54123117034e-05
49.0 0.00230576874388 0.00147163044222 0.0163140603464 0.00417384514823 0.0326615655875 0.00586347805711 0.00019334851097 0.000191852714957 0.0 0.0 0.00117675375375 0.00073316247643 0.0216919343681 0.00403158905032 0.0271141825532 0.00531292091594 0.00107183997975 0.000818636734583 0.0004440892961 0.000444064377541 0.0235261685972 0.00485058715752 0.0196554244038 0.00419259262549 0.000732405183 0.000717067085112 0.0267068309958 0.00529804838216 9.4150364e-06 8.66924693637e-06
50.0 0.00204081623075 0.0012412458493 0.0163297350144 0.00449512853129 0.0366490416234 0.0062663377864 0.000256106867525 0.00024756197395 0.0 0.0 0.000896900978725 0.000528545302624 0.0209708537819 0.00415902588934 0.0278156504368 0.00535081991332 0.00198929707124 0.00143460573501 0.000232413605052 0.000232411702442 0.02246253901 0.00494811831154 0.0207380871198 0.00408500112218 0.0003761714425 0.000372813829503 0.0254650201687 0.00519197274046 2.085501075e-06 1.98915620984e-06
51.0 0.00182302114465 0.00106145771046 0.0160305610545 0.00464558642254 0.03984959601 0.00659598175876 0.000317094317125 0.000276902883239 0.0 0.0 0.000793641360935 0.000454909110368 0.0200442353467 0.00432877973547 0.0282586455173 0.00531565130377 0.00306413353458 0.00204129496115 0.000108444282575 0.000108441428688 0.0212904296352 0.00500944186128 0.0224977032411 0.00423762952968 0.00015436665975 0.000153776855223 0.02423591311 0.00504010045513 4.05983025e-07 4.03166256041e-07
52.0 0.0017828725 0.00113757736408 0.015192094825 0.00449553951481 0.04136229066 0.00675153197009 0.0004372654065 0.000288636235426 0.0 0.0 0.00089974975625 0.000599978534986 0.0186101219568 0.004337223645 0.0285176193183 0.00522415028261 0.00399677898785 0.00243451684396 4.2386e-05 4.2386e-05 0.0199881744428 0.00498748545473 0.0245445126145 0.00447859184597 5.04435843e-05 5.03023992503e-05 0.0230067666458 0.00499324093288 5.549e-08 5.549e-08
53.0 0.0018624105 0.00138565697276 0.0137797703917 0.0040593959543 0.0405683917561 0.00660241886402 0.00076320864595 0.000353674357787 0.0 0.0 0.001144233415 0.000893505445124 0.0164478929846 0.00404394228026 0.0287077994105 0.00517089191351 0.00458178595616 0.00261677362401 1.4000225e-05 1.4000225e-05 0.0185775839361 0.00486083575375 0.0265625088857 0.0046171727021 1.321522175e-05 1.31785301468e-05 0.0213865376241 0.00496562490728 1.0173175e-08 1.0173175e-08
54.0 0.00190097575 0.0015671096579 0.0121134051007 0.00353597167957 0.0374261618197 0.00610266824499 0.00151986876111 0.000632388642917 0.0 0.0 0.0013622227425 0.00116726278809 0.0137167243507 0.00351969086601 0.0288338001926 0.00520494966556 0.00476485947225 0.00266232912949 3.7518e-06 3.7518e-06 0.0170034200223 0.00463633941784 0.0282579450037 0.00466926293697 2.701075e-06 2.701075e-06 0.0189646692921 0.00471890448181 0.0 0.0
55.0 0.001813231475 0.00159007217219 0.0106738360609 0.00325016294688 0.0329424817674 0.00535752563697 0.00287002272074 0.0011897100586 0.0 0.0 0.001422683534 0.00128922239503 0.011103722711 0.00307403680688 0.0287088463478 0.00532108903303 0.00451293115508 0.00248889661843 9.374525e-07 9.374525e-07 0.0152619891233 0.00436379438951 0.0297776014581 0.00478708978761 4.471175e-07 4.471175e-07 0.0158513276026 0.00419551331533 0.0 0.0
56.0 0.001574474325 0.00144073882938 0.0096575793218 0.00333291685642 0.0288600206667 0.00462011163909 0.00473831453385 0.00194113849466 0.0 0.0 0.00128375067707 0.00120723552249 0.00939448539546 0.0030070741557 0.0281580635395 0.00541420635979 0.00390688943568 0.00207486436832 1.8967525e-07 1.8967525e-07 0.0133231166646 0.00402827204847 0.0315662309756 0.00501719718325 3.764225e-08 3.764225e-08 0.012650533475 0.00357065319193 0.0 0.0
57.0 0.001226128645 0.00115915112904 0.00896746751105 0.00349491882043 0.0266022136683 0.00427951106749 0.00674018571435 0.0026729346682 0.0 0.0 0.000996426822877 0.00096099377976 0.00882488886193 0.00324569881654 0.0272215352452 0.00530610976573 0.00330932055605 0.00161653559975 2.780575e-08 2.780575e-08 0.0109904326511 0.00351173011038 0.0337819846798 0.00527256264091 0.0 0.0 0.0099420779 0.00310903327359 0.0 0.0
58.0 0.0008189599875 0.000791900108237 0.00827079171 0.00339963310898 0.0264331987306 0.00456799384896 0.00840371595945 0.00317809840323 0.0 0.0 0.00065975237705 0.000647216028278 0.00889623288432 0.00351810338733 0.0264078709345 0.00500879668427 0.00319925863759 0.00136068215866 2.9792e-09 2.9792e-09 0.00839612303488 0.00280840489929 0.0360722929837 0.00545192999969 0.0 0.0 0.0079125509875 0.00289647348023 0.0 0.0
59.0 0.000455336945275 0.000447294478954 0.00745137017858 0.00310181479703 0.027654342282 0.00525152312746 0.00959182415402 0.0034134067611 0.0 0.0 0.000360121575 0.000356684555218 0.00886276912285 0.00358826347252 0.0261884642062 0.00475429578653 0.00384092005372 0.00143911686672 0.0 0.0 0.0059314408155 0.00207312482323 0.0378806617272 0.00553395960221 0.0 0.0 0.00630668855075 0.00268901781596 0.0 0.0
60.0 0.0002044984675 0.00020281493539 0.00665254633135 0.00288940179737 0.029089865966 0.00587445798489 0.0106471759357 0.00355006236765 5.40025e-09 5.40025e-09 0.0001612971875 0.000160651310269 0.00826683864868 0.00335099265774 0.0265098253293 0.00466038233576 0.00513387748541 0.0018280430859 0.0 0.0 0.00403865273162 0.00155513060475 0.0390056232724 0.00559685471602 0.0 0.0 0.00478599265307 0.0022683635635 0.0 0.0
61.0 7.3629335e-05 7.3308379619e-05 0.0060663503525 0.00294636181467 0.0297464273178 0.00609779963752 0.0121253500205 0.00378391536763 9.000425e-09 9.000425e-09 5.632841975e-05 5.62319141907e-05 0.00727868816262 0.00293056627527 0.0269593088615 0.00468305691485 0.00671691624328 0.00233455711248 0.0 0.0 0.00279761344507 0.00133436026123 0.039691849088 0.00576978176871 0.0 0.0 0.00325557638525 0.00164846203428 0.0 0.0
62.0 2.143776775e-05 2.13991672907e-05 0.0056831344965 0.00318438143155 0.0292294565297 0.00581639781369 0.0143536104875 0.00418512880895 5.616535e-09 4.17771376253e-09 1.5438342075e-05 1.54257909552e-05 0.00630086784342 0.00256116014431 0.0272338820257 0.0047990071172 0.0083939748955 0.00277946433445 0.0 0.0 0.0021016105177 0.0012336646647 0.0401298370902 0.00607362986025 0.0 0.0 0.00195402075228 0.00104192281804 0.0 0.0
63.0 4.947750075e-06 4.94485336865e-06 0.00529973533932 0.00331824521224 0.0278045083612 0.00518551222065 0.01725372561 0.0046617105963 1.00618575e-07 6.46100174848e-08 3.284975e-06 3.284975e-06 0.00560658023773 0.00238531273035 0.0273917086903 0.00502077106218 0.0102901155859 0.00314497309118 0.0 0.0 0.00172991595333 0.0010851450026 0.0400218268846 0.00628130495706 0.0 0.0 0.00106071032888 0.000600847566043 0.0 0.0
64.0 9.94135e-07 9.94135e-07 0.004667135063 0.00309300694838 0.0259470103987 0.004586512713 0.0202331253874 0.00499377094623 7.4879653e-07 5.77421791409e-07 4.8741e-07 4.8741e-07 0.0051399954447 0.00233586291732 0.0275075683624 0.00520854275155 0.0126394177322 0.00356724335573 0.0 0.0 0.00160845830502 0.00105749460408 0.0388496234039 0.00620746825772 0.0 0.0 0.000550627476975 0.000336034864856 0.0 0.0
65.0 1.6829475e-07 1.6829475e-07 0.0037606612425 0.00253066449309 0.024253461046 0.00436927033013 0.0227307338463 0.00505805946638 4.28839726e-06 3.25216728718e-06 6.4375e-08 6.4375e-08 0.00464545759936 0.00225426886113 0.0273747982311 0.00522487826938 0.0154140564334 0.00410511857179 0.0 0.0 0.00170731967453 0.00134979260645 0.036437608449 0.00593439845245 0.0 0.0 0.000265415199352 0.000175800883622 0.0 0.0
66.0 2.391075e-08 2.391075e-08 0.00274164846025 0.00184287561311 0.022858543047 0.00443780994411 0.024626508519 0.0049346125661 1.91159417625e-05 1.42850476129e-05 1.195535e-08 1.195535e-08 0.00393539959 0.00205425616491 0.0268037661526 0.00510947228563 0.0184886109172 0.00468944491629 0.0 0.0 0.001981192316 0.00181692069855 0.0330306437073 0.00557835675738 0.0 0.0 0.000108520178608 8.05841490531e-05 0.0 0.0
67.0 0.0 0.0 0.0017648915771 0.0011948818931 0.0217359190424 0.0045911585319 0.0261893025535 0.00483839620398 6.51110418e-05 4.6490901517e-05 0.0 0.0 0.00303853979 0.00174505866423 0.0259402113141 0.0050413655604 0.0215959799686 0.00511464916877 0.0 0.0 0.00230945307317 0.00225272611087 0.0290339699426 0.00510775753927 0.0 0.0 3.7622714575e-05 3.18786403788e-05 0.0 0.0
68.0 0.0 0.0 0.00094621390765 0.000645153857312 0.0207536416417 0.00481201774157 0.0277688305462 0.00495113856059 0.000173891181 0.000117752979126 0.0 0.0 0.00216977100125 0.00139904751621 0.0251613112222 0.00520332585722 0.0244840279328 0.00523563245196 0.0 0.0 0.00258999451847 0.00257511565496 0.0249649820965 0.00457556998249 0.0 0.0 1.1188794525e-05 1.04771348013e-05 0.0 0.0
69.0 0.0 0.0 0.00040267307535 0.00026863529439 0.0198834071269 0.00502683941907 0.0293316814966 0.00518555630602 0.000366604953675 0.000231019965014 0.0 0.0 0.0014903485683 0.00108476446594 0.0245237749968 0.00556097987957 0.0269530731848 0.00516100829648 0.0 0.0 0.00273841791497 0.00273542666782 0.0212799357373 0.00415056075676 0.0 0.0 2.38750925e-06 2.32733236246e-06 0.0 0.0
70.0 0.0 0.0 0.000134037898987 8.42533390059e-05 0.0189340614153 0.00505978517768 0.030687989489 0.00534942210375 0.000637559977355 0.000367765915906 0.0 0.0 0.00103634548684 0.000834393852876 0.0237281634272 0.0058590401139 0.029053208253 0.00515059731713 0.0 0.0 0.00267491036348 0.00267448950819 0.0180279997144 0.00385318081776 0.0 0.0 3.575411e-07 3.41976647122e-07 0.0 0.0
71.0 0.0 0.0 3.5464866e-05 2.09228506186e-05 0.0177096930583 0.0048801816536 0.0317483682442 0.00538887364605 0.000961510301408 0.000510210778853 0.0 0.0 0.00074141389535 0.000637417543813 0.0225343886559 0.00588272853539 0.0309297966925 0.00523693628124 0.0 0.0 0.002340186717 0.0023401490588 0.0152358927165 0.00360866657424 0.0 0.0 2.65205e-08 2.65205e-08 0.0 0.0
72.0 0.0 0.0 8.1763851e-06 4.88489457754e-06 0.0162283724785 0.00456534147454 0.0326616547896 0.00535674635437 0.00138839661375 0.000687432680545 0.0 0.0 0.000511259943958 0.000453347110433 0.0209329643589 0.00568315613326 0.032703800225 0.00529199432817 0.0 0.0 0.00179885841811 0.00179885747646 0.013004783294 0.00342807715333 0.0 0.0 2.7435e-09 2.7435e-09 0.0 0.0
73.0 0.0 0.0 1.9553333e-06 1.3421855885e-06 0.0147561344606 0.0042177180171 0.0334606750605 0.00534529535546 0.00204683756 0.000963935469775 0.0 0.0 0.00031674401335 0.000283948331272 0.0191225514418 0.00542482248588 0.0342939266876 0.00524904553338 0.0 0.0 0.0012166525 0.0012166525 0.0112629947643 0.00330625288845 0.0 0.0 0.0 0.0 0.0 0.0
74.0 0.0 0.0 4.85246125e-07 3.7185658212e-07 0.0132729220575 0.00385450579621 0.0339244720579 0.00537238677511 0.0030065044609 0.00137931266405 0.0 0.0 0.00016006126389 0.000142631985881 0.0171281372066 0.00507568127249 0.035586597938 0.00517775020361 0.0 0.0 0.0007161975 0.0007161975 0.00995711698848 0.00328262937527 0.0 0.0 0.0 0.0 0.0 0.0
75.0 0.0 0.0 1.10145e-07 8.30668986003e-08 0.0116690445937 0.00346253543137 0.0339357551875 0.00536487867237 0.00417493555322 0.00186662857098 0.0 0.0 6.581173215e-05 5.77773547668e-05 0.0150184150576 0.0045510701663 0.0366530656662 0.00518318004941 0.0 0.0 0.0003588325 0.0003588325 0.00904409848858 0.00347303608318 0.0 0.0 0.0 0.0 0.0 0.0
76.0 0.0 0.0 2.92218e-08 2.41994949098e-08 0.0100517628936 0.00310725862243 0.033467769924 0.00522901977083 0.00535084101403 0.00223414404518 0.0 0.0 2.11280446425e-05 1.82245895355e-05 0.0129159700061 0.00394659519607 0.037397850349 0.00536026505465 0.0 0.0 0.000150333 0.000150333 0.00837376692918 0.00378637969893 0.0 0.0 0.0 0.0 0.0 0.0
77.0 0.0 0.0 5.6539025e-09 4.13052022872e-09 0.00854591149298 0.00281796791937 0.0327003410031 0.00500023753268 0.00644563627468 0.00237149322146 0.0 0.0 4.991771425e-06 4.25633828426e-06 0.01104453879 0.00351317013542 0.0375732807341 0.00567555834015 0.0 0.0 4.848925e-05 4.848925e-05 0.00758093314028 0.00389942025616 0.0 0.0 0.0 0.0 0.0 0.0
78.0 0.0 0.0 0.0 0.0 0.007048203711 0.00246563668158 0.0318775137013 0.00483979334354 0.0075682606401 0.00245817352282 0.0 0.0 8.2831025e-07 7.16065883797e-07 0.00955918423978 0.0033828161636 0.0369020603002 0.00590246283825 0.0 0.0 1.19406e-05 1.19406e-05 0.00634861216294 0.00359068584911 0.0 0.0 0.0 0.0 0.0 0.0
79.0 0.0 0.0 0.0 0.0 0.00553809484369 0.00201166001945 0.0311664107784 0.00490506722658 0.00893939475485 0.00283476896177 0.0 0.0 7.0156625e-08 6.43218568341e-08 0.00855381888977 0.00345931273733 0.0354803281192 0.00592565536141 0.0 0.0 2.374415e-06 2.374415e-06 0.00484860494488 0.0029421757527 0.0 0.0 0.0 0.0 0.0 0.0
80.0 0.0 0.0 0.0 0.0 0.00422316206 0.00161827995419 0.0305999861514 0.00515003851523 0.010514237857 0.00348479848965 0.0 0.0 9.876625e-10 9.876625e-10 0.00795203586708 0.00355205400632 0.0338680466965 0.00579771441118 0.0 0.0 3.138075e-07 3.138075e-07 0.00337731691886 0.00216591980654 0.0 0.0 0.0 0.0 0.0 0.0
81.0 0.0 0.0 0.0 0.0 0.003233233035 0.00141869212644 0.030100134873 0.00539669771519 0.012021553235 0.00405239158501 0.0 0.0 0.0 0.0 0.00747980606325 0.00349509602263 0.0322898542058 0.00554193459466 0.0 0.0 3.1778e-08 3.1778e-08 0.0021645684604 0.00145844560408 0.0 0.0 0.0 0.0 0.0 0.0
82.0 0.0 0.0 0.0 0.0 0.002568848223 0.00134434229224 0.0299440974827 0.00555517505901 0.0132548527022 0.00425964166397 0.0 0.0 0.0 0.0 0.0068169402325 0.003253942059 0.0307866095374 0.00514975830954 0.0 0.0 0.0 0.0 0.00131930932445 0.000930875614482 0.0 0.0 0.0 0.0 0.0 0.0
83.0 0.0 0.0 0.0 0.0 0.00216373527343 0.00131143611395 0.030259343252 0.00567647222705 0.0144473291456 0.00411929119321 0.0 0.0 0.0 0.0 0.0059599650895 0.00294117658949 0.029638448982 0.00478081693019 0.0 0.0 0.0 0.0 0.00076848146245 0.000567405428007 0.0 0.0 0.0 0.0 0.0 0.0
84.0 0.0 0.0 0.0 0.0 0.00192485194999 0.00132161099281 0.0304605606764 0.00583100582786 0.0160756817867 0.00390677238536 0.0 0.0 0.0 0.0 0.00513014718595 0.0026992975267 0.0290557858649 0.00463470524758 0.0 0.0 0.0 0.0 0.0004182221375 0.000324371036359 0.0 0.0 0.0 0.0 0.0 0.0
85.0 0.0 0.0 0.0 0.0 0.001784001459 0.00138493980807 0.0298479644174 0.00592152257451 0.0185630456133 0.00401111115629 0.0 0.0 0.0 0.0 0.00451111882075 0.00258345035059 0.0288208631562 0.00469533723778 0.0 0.0 0.0 0.0 0.00020668250675 0.000168271251196 0.0 0.0 0.0 0.0 0.0 0.0
86.0 0.0 0.0 0.0 0.0 0.00165272444723 0.00142233864863 0.0282244971952 0.00572427793239 0.0220073878741 0.00454282419581 0.0 0.0 0.0 0.0 0.0040671516857 0.00254282596761 0.0285569235931 0.00479286949499 0.0 0.0 0.0 0.0 9.1084362425e-05 7.56015278781e-05 0.0 0.0 0.0 0.0 0.0 0.0
87.0 0.0 0.0 0.0 0.0 0.00149212283967 0.00138124740683 0.0258846710233 0.00527956718987 0.0259828884082 0.00521405990067 0.0 0.0 0.0 0.0 0.00364478434949 0.00246493012132 0.02821782926 0.00489820457286 0.0 0.0 0.0 0.0 3.81112894975e-05 2.85347940014e-05 0.0 0.0 0.0 0.0 0.0 0.0
88.0 0.0 0.0 0.0 0.0 0.00130412675108 0.00126054370223 0.023272413172 0.00489575033754 0.0296886548058 0.00577972691222 0.0 0.0 0.0 0.0 0.0031094832864 0.00222373114943 0.0280065036547 0.00508281884642 0.0 0.0 0.0 0.0 2.0871015e-05 1.45042509933e-05 0.0 0.0 0.0 0.0 0.0 0.0
89.0 0.0 0.0 0.0 0.0 0.00110004441832 0.00108645160882 0.0207520103866 0.0046840171043 0.0324340408845 0.00609335656785 0.0 0.0 0.0 0.0 0.00243009293033 0.0017839572556 0.0279591756559 0.00544358394842 0.0 0.0 0.0 0.0 1.595426075e-05 1.4200318197e-05 0.0 0.0 0.0 0.0 0.0 0.0
90.0 0.0 0.0 0.0 0.0 0.000844373880275 0.000841372462687 0.0185146566053 0.00454810867456 0.0343497672005 0.00609980180526 0.0 0.0 0.0 0.0 0.00172259415 0.00125904032489 0.0275138435116 0.00591928547051 0.0 0.0 0.0 0.0 1.2378173265e-05 1.20981975268e-05 0.0 0.0 0.0 0.0 0.0 0.0
91.0 0.0 0.0 0.0 0.0 0.000561154108025 0.000560688465107 0.0167098436165 0.00446514162129 0.0358568344206 0.00583294991523 0.0 0.0 0.0 0.0 0.0011223285 0.0007936695134 0.0258589916924 0.00615838786684 0.0 0.0 0.0 0.0 8.08822675e-06 8.02632519715e-06 0.0 0.0 0.0 0.0 0.0 0.0
92.0 0.0 0.0 0.0 0.0 0.000308236175375 0.000308178562795 0.015323052405 0.00442434618341 0.036951661948 0.00539181827336 0.0 0.0 0.0 0.0 0.0006909447525 0.000479613960371 0.0225213528936 0.00577699741978 0.0 0.0 0.0 0.0 4.1005737e-06 4.08938448544e-06 0.0 0.0 0.0 0.0 0.0 0.0
93.0 0.0 0.0 0.0 0.0 0.000138348395552 0.000138346451409 0.0141364296986 0.00444726847285 0.0374277241013 0.00488337706803 0.0 0.0 0.0 0.0 0.00041849184925 0.000312462026049 0.018020966303 0.00480037466844 0.0 0.0 0.0 0.0 1.4852080625e-06 1.48418986887e-06 0.0 0.0 0.0 0.0 0.0 0.0
94.0 0.0 0.0 0.0 0.0 5.096025e-05 5.096025e-05 0.0127507071062 0.00444191726838 0.0374536762054 0.00447205798401 0.0 0.0 0.0 0.0 0.00024576612765 0.000207453921397 0.0133401888231 0.00361857263433 0.0 0.0 0.0 0.0 3.876855625e-07 3.86668311241e-07 0.0 0.0 0.0 0.0 0.0 0.0
95.0 0.0 0.0 0.0 0.0 1.65628455525e-05 1.65609015045e-05 0.0111622272187 0.00428750751393 0.037697182375 0.00430109758981 0.0 0.0 0.0 0.0 0.000130356723325 0.000119948952526 0.00931986370631 0.0026352861459 0.0 0.0 0.0 0.0 4.6441e-08 4.6441e-08 0.0 0.0 0.0 0.0 0.0 0.0
96.0 0.0 0.0 0.0 0.0 4.886075e-06 4.886075e-06 0.0095826673807 0.00397577769798 0.0386476312985 0.00435167959483 0.0 0.0 0.0 0.0 5.80917725e-05 5.59770361893e-05 0.0063638278092 0.00202248733262 0.0 0.0 0.0 0.0 1.0425525e-08 1.0425525e-08 0.0 0.0 0.0 0.0 0.0 0.0
97.0 0.0 0.0 0.0 0.0 1.3978575e-06 1.3978575e-06 0.00815655465596 0.00364171888104 0.0403659156975 0.00472666730328 0.0 0.0 0.0 0.0 2.074123e-05 2.04400804962e-05 0.00442736259838 0.0017031569254 0.0 0.0 0.0 0.0 9.47775e-10 9.47775e-10 0.0 0.0 0.0 0.0 0.0 0.0
98.0 0.0 0.0 0.0 0.0 2.98885e-07 2.98885e-07 0.0067275728537 0.00332493435502 0.04235256725 0.00548073221076 0.0 0.0 0.0 0.0 5.9144815e-06 5.87378911713e-06 0.0032666263109 0.00156159213674 0.0 0.0 0.0 0.0 0.0 0.0 0.0 0.0 0.0 0.0 0.0 0.0
99.0 0.0 0.0 0.0 0.0 4.690175e-08 4.690175e-08 0.005196943306 0.0028950289299 0.0436757849 0.0062459169388 0.0 0.0 0.0 0.0 1.401734425e-06 1.39494565307e-06 0.00261883738041 0.00150114902356 0.0 0.0 0.0 0.0 0.0 0.0 0.0 0.0 0.0 0.0 0.0 0.0
100.0 0.0 0.0 0.0 0.0 9.196425e-09 9.196425e-09 0.00370466458305 0.00227263087693 0.0434390655829 0.00665501426813 0.0 0.0 0.0 0.0 2.501425e-07 2.501425e-07 0.00221458778242 0.0014175564359 0.0 0.0 0.0 0.0 0.0 0.0 0.0 0.0 0.0 0.0 0.0 0.0
101.0 0.0 0.0 0.0 0.0 3.678575e-09 3.678575e-09 0.00248496485432 0.00160784323975 0.0415483538362 0.00658260845599 0.0 0.0 0.0 0.0 3.21875e-08 3.21875e-08 0.0018882020427 0.00127781015061 0.0 0.0 0.0 0.0 0.0 0.0 0.0 0.0 0.0 0.0 0.0 0.0
102.0 0.0 0.0 0.0 0.0 0.0 0.0 0.00163658974028 0.00109495618524 0.0385575505005 0.00605521329185 0.0 0.0 0.0 0.0 0.0 0.0 0.0015655024592 0.00108476701199 0.0 0.0 0.0 0.0 0.0 0.0 0.0 0.0 0.0 0.0 0.0 0.0
103.0 0.0 0.0 0.0 0.0 0.0 0.0 0.00108488254233 0.000746184158145 0.0352899727611 0.00530902010202 0.0 0.0 0.0 0.0 0.0 0.0 0.00123697282095 0.000861736463361 0.0 0.0 0.0 0.0 0.0 0.0 0.0 0.0 0.0 0.0 0.0 0.0
104.0 0.0 0.0 0.0 0.0 0.0 0.0 0.000710369995905 0.00050536986521 0.0323475446816 0.00472531403759 0.0 0.0 0.0 0.0 0.0 0.0 0.000905142142975 0.000631702965885 0.0 0.0 0.0 0.0 0.0 0.0 0.0 0.0 0.0 0.0 0.0 0.0
105.0 0.0 0.0 0.0 0.0 0.0 0.0 0.000426595077952 0.00032828392254 0.0296450341528 0.00453387013658 0.0 0.0 0.0 0.0 0.0 0.0 0.000588995145285 0.000416774510937 0.0 0.0 0.0 0.0 0.0 0.0 0.0 0.0 0.0 0.0 0.0 0.0
106.0 0.0 0.0 0.0 0.0 0.0 0.0 0.0002213829158 0.000191147681372 0.026714267459 0.00460020685979 0.0 0.0 0.0 0.0 0.0 0.0 0.00031887125 0.000234254442817 0.0 0.0 0.0 0.0 0.0 0.0 0.0 0.0 0.0 0.0 0.0 0.0
107.0 0.0 0.0 0.0 0.0 0.0 0.0 0.000101889071075 9.59675115219e-05 0.0233278486265 0.00461042024388 0.0 0.0 0.0 0.0 0.0 0.0 0.00013812075 0.000109408459578 0.0 0.0 0.0 0.0 0.0 0.0 0.0 0.0 0.0 0.0 0.0 0.0
108.0 0.0 0.0 0.0 0.0 0.0 0.0 4.0037655825e-05 3.91004002077e-05 0.0197767201135 0.00443380340334 0.0 0.0 0.0 0.0 0.0 0.0 4.80549e-05 4.23005426035e-05 0.0 0.0 0.0 0.0 0.0 0.0 0.0 0.0 0.0 0.0 0.0 0.0
109.0 0.0 0.0 0.0 0.0 0.0 0.0 1.31037075e-05 1.30315827321e-05 0.0164456303775 0.00412255479878 0.0 0.0 0.0 0.0 0.0 0.0 1.4372895e-05 1.36983204645e-05 0.0 0.0 0.0 0.0 0.0 0.0 0.0 0.0 0.0 0.0 0.0 0.0
110.0 0.0 0.0 0.0 0.0 0.0 0.0 3.38593065e-06 3.37575996513e-06 0.0137353916952 0.00375801477351 0.0 0.0 0.0 0.0 0.0 0.0 3.16655875e-06 3.12694492248e-06 0.0 0.0 0.0 0.0 0.0 0.0 0.0 0.0 0.0 0.0 0.0 0.0
111.0 0.0 0.0 0.0 0.0 0.0 0.0 6.538675e-07 6.538675e-07 0.011475903607 0.00334928945982 0.0 0.0 0.0 0.0 0.0 0.0 5.352325e-07 5.352325e-07 0.0 0.0 0.0 0.0 0.0 0.0 0.0 0.0 0.0 0.0 0.0 0.0
112.0 0.0 0.0 0.0 0.0 0.0 0.0 8.64465e-08 8.64465e-08 0.00913811969714 0.00282766583808 0.0 0.0 0.0 0.0 0.0 0.0 5.517875e-08 5.517875e-08 0.0 0.0 0.0 0.0 0.0 0.0 0.0 0.0 0.0 0.0 0.0 0.0
113.0 0.0 0.0 0.0 0.0 0.0 0.0 5.51785e-09 5.51785e-09 0.006468336922 0.00217932178268 0.0 0.0 0.0 0.0 0.0 0.0 5.517875e-09 5.517875e-09 0.0 0.0 0.0 0.0 0.0 0.0 0.0 0.0 0.0 0.0 0.0 0.0
114.0 0.0 0.0 0.0 0.0 0.0 0.0 0.0 0.0 0.0037592624648 0.00143846403848 0.0 0.0 0.0 0.0 0.0 0.0 0.0 0.0 0.0 0.0 0.0 0.0 0.0 0.0 0.0 0.0 0.0 0.0 0.0 0.0
115.0 0.0 0.0 0.0 0.0 0.0 0.0 0.0 0.0 0.00168774879727 0.000761232822268 0.0 0.0 0.0 0.0 0.0 0.0 0.0 0.0 0.0 0.0 0.0 0.0 0.0 0.0 0.0 0.0 0.0 0.0 0.0 0.0
116.0 0.0 0.0 0.0 0.0 0.0 0.0 0.0 0.0 0.000563834001712 0.00030345192436 0.0 0.0 0.0 0.0 0.0 0.0 0.0 0.0 0.0 0.0 0.0 0.0 0.0 0.0 0.0 0.0 0.0 0.0 0.0 0.0
117.0 0.0 0.0 0.0 0.0 0.0 0.0 0.0 0.0 0.000136036167 8.61028940358e-05 0.0 0.0 0.0 0.0 0.0 0.0 0.0 0.0 0.0 0.0 0.0 0.0 0.0 0.0 0.0 0.0 0.0 0.0 0.0 0.0
118.0 0.0 0.0 0.0 0.0 0.0 0.0 0.0 0.0 2.31418744675e-05 1.65077092207e-05 0.0 0.0 0.0 0.0 0.0 0.0 0.0 0.0 0.0 0.0 0.0 0.0 0.0 0.0 0.0 0.0 0.0 0.0 0.0 0.0
119.0 0.0 0.0 0.0 0.0 0.0 0.0 0.0 0.0 2.0797496875e-06 1.6062720132e-06 0.0 0.0 0.0 0.0 0.0 0.0 0.0 0.0 0.0 0.0 0.0 0.0 0.0 0.0 0.0 0.0 0.0 0.0 0.0 0.0
0.0137942300105 0.0348328533377
