0.0 0.0 0.0 0.0 0.0 0.0 0.0 0.0 0.0 0.0 0.0 0.0 0.0
1.0 5.6758613575e-05 1.87542111328e-05 0.0 0.0 0.0 0.0 0.000144871271 2.56667817292e-05 0.0 0.0 0.0001064953001 3.09214890628e-05
2.0 0.00026640912615 8.63047070135e-05 0.0 0.0 0.0 0.0 0.0006871649675 0.00012121067178 0.0 0.0 0.00049720111705 0.000143350679932
3.0 0.000878388007 0.000281761022575 0.0 0.0 0.0 0.0 0.00226596467395 0.000393291209027 0.0 0.0 0.00161802603325 0.000460242434785
4.0 0.00224927910325 0.00071291566154 0.0 0.0 0.0 0.0 0.005781627261 0.000987670743937 2.721225e-09 2.721225e-09 0.00412936099 0.0011617118753
5.0 0.00467642451067 0.00145494475969 2.8164e-09 2.8164e-09 0.0 0.0 0.0118373811775 0.00199329368032 3.8641475e-08 2.46506947955e-08 0.0085241135575 0.00236006828315
6.0 0.0082109993462 0.00249295559678 5.70306e-08 4.14615796596e-08 0.0 0.0 0.0201282078075 0.00334091629366 3.0271915e-07 1.81382864086e-07 0.0146827206693 0.00397012745277
7.0 0.0125117940352 0.00364464638773 4.44544625e-07 3.01053550909e-07 0.0 0.0 0.029202063425 0.00476307346103 1.241972675e-06 8.39925645233e-07 0.0216879136733 0.00562656633929
8.0 0.0170998243433 0.00461434940751 2.716089e-06 1.69859631253e-06 0.0 0.0 0.037233392129 0.0059311907298 7.0836715e-06 4.62734848307e-06 0.0281132481675 0.00686007406931
9.0 0.021407417288 0.00519974811495 1.30825375e-05 8.12367854344e-06 0.0 0.0 0.0429820733938 0.00663067304451 3.0929625e-05 1.98471795899e-05 0.032725429229 0.00737461674952
10.0 0.0252212790245 0.00547589737967 4.8078585825e-05 2.82020010865e-05 0.0 0.0 0.0462105560946 0.00683977772315 0.0001054024 6.71696517441e-05 0.0350883785713 0.00725066165789
11.0 0.0287300405374 0.00566566872465 0.00013915972795 7.80493074541e-05 0.0 0.0 0.047193892469 0.00666144294806 0.000297383125 0.000184112087945 0.0355649061433 0.00685294433218
12.0 0.0319090482054 0.00583868540303 0.00032305099675 0.000176584841693 0.0 0.0 0.046324292553 0.0062149784832 0.0007081422907 0.000424661071881 0.034826377453 0.00649994433847
13.0 0.0346251275971 0.00590848973021 0.000636997207875 0.000341496649134 0.0 0.0 0.0439988724091 0.00566435469677 0.00140075545 0.000814986168852 0.0330388667285 0.00618942069934
14.0 0.0366996512446 0.00579639398166 0.00108873481942 0.000571971586301 4.083475e-08 4.083475e-08 0.0408474159851 0.00519021612167 0.002352990015 0.00132907392649 0.030421081555 0.00576808285113
15.0 0.0384061187926 0.00556677204079 0.00170416090375 0.000866177694666 1.429215e-07 1.429215e-07 0.0372356262273 0.00484292844135 0.00340798139305 0.00186396889413 0.0273457428953 0.00512692815844
16.0 0.0400490377607 0.00540124024245 0.00253352141625 0.00122654887081 6.5919e-07 6.5919e-07 0.0337350983225 0.00456894941904 0.00442923476737 0.00234351589378 0.024377589852 0.00433621533074
17.0 0.0418506534845 0.00545143760544 0.00364822284 0.00166936643152 2.537575e-06 2.537575e-06 0.030787310735 0.0042832149897 0.00537473219825 0.00275147546789 0.0221289815313 0.00369382963287
18.0 0.0433304321825 0.00563970233758 0.0050580972193 0.00216742608957 7.31525e-06 7.31525e-06 0.0285041842 0.00401286622957 0.0062994281475 0.00311403597032 0.0210078793325 0.00342509547559
19.0 0.0439073997805 0.00571064456735 0.00664320500935 0.00264248440119 2.3882475e-05 2.3882475e-05 0.026831399025 0.00379496900391 0.00734060153383 0.00348719093178 0.0208185546818 0.00347895191999
20.0 0.0432809704505 0.0055382431476 0.00822206143825 0.00301854771313 6.0514e-05 6.0514e-05 0.025559589225 0.00363951925701 0.00844499085225 0.00382247965322 0.0211035437927 0.0036428799092
21.0 0.0415873734275 0.00524182836016 0.009582085405 0.00326903295695 0.00013231325 0.00013231325 0.024627417835 0.00351522718638 0.0094146090575 0.0040053615213 0.0215330451997 0.0037985762962
22.0 0.039472232975 0.00508831544384 0.0105880374704 0.0034191455896 0.0002522225 0.0002522225 0.023756359404 0.00339553766165 0.010169890224 0.00402379287212 0.0220493585278 0.00393355438919
23.0 0.0372265225831 0.0050796593648 0.0112932899542 0.00350724947166 0.000414665 0.000414665 0.0228926413007 0.00332929068382 0.010812214165 0.0039832902934 0.022852603195 0.00410348644376
24.0 0.035099387736 0.00510910247772 0.0118247532268 0.0035898277649 0.000607705 0.000607705 0.0220502875148 0.00335340351201 0.0112618224863 0.00395178293058 0.0238670611164 0.00430281285103
25.0 0.0332520624292 0.00521839866872 0.012351009642 0.00372248314439 0.0008241525 0.0008241525 0.0212555250703 0.00348177124434 0.0114625647678 0.00391826321146 0.0251678187639 0.00457788924082
26.0 0.0316635831875 0.00544258027065 0.0130603206879 0.00389947259334 0.0010409675 0.0010409675 0.0205455067514 0.00366975276107 0.0112682988963 0.0037881780392 0.0267126810344 0.00494570565957
27.0 0.0303342633292 0.00568055747237 0.0140428888231 0.00406713347573 0.0012691625 0.0012691625 0.0198528513715 0.00384624156653 0.01087907153 0.00366000449037 0.0284178023577 0.00535097410213
28.0 0.0289879702746 0.00574124553142 0.0152820227345 0.00419627888927 0.00145786 0.00145786 0.019309692595 0.00400195875567 0.010717540404 0.00374171561774 0.0300965195365 0.00575803860992
29.0 0.0272791928563 0.00557264626325 0.0166369971712 0.00424823965473 0.001589499517 0.00158942565504 0.018757197334 0.00411876478739 0.0110251209967 0.00401864999675 0.0313812433535 0.006099643714
30.0 0.0251335536408 0.00533521210573 0.0180933641295 0.00419387989982 0.0016578636075 0.00165756249759 0.0182029400529 0.00420998906279 0.0116942243793 0.00425012822207 0.0315486918625 0.00617850243491
31.0 0.0225899385622 0.00523137884037 0.0196258181315 0.00411684447091 0.00171501530728 0.0017137487583 0.0175187215125 0.00424067570714 0.0123362050811 0.00420474310982 0.0302878098769 0.00588376828383
32.0 0.0196737275555 0.00516957650378 0.0211369221809 0.00412517080109 0.001786512296 0.00178086180424 0.0167098616328 0.00417460223548 0.0128142183522 0.00393504830062 0.0277096049395 0.00528649031042
33.0 0.0164683208199 0.00486836854241 0.0227075384762 0.00429721559876 0.00185776935 0.00183642111702 0.0157286560888 0.00399475100942 0.0134101860345 0.00379162708626 0.0245378814613 0.00471072375801
34.0 0.013371270727 0.00430180466568 0.024215892313 0.00453301526434 0.00192891931367 0.00186710684881 0.0145521714237 0.0037245368208 0.0143814762557 0.00402091268342 0.02178598565 0.0045193354302
35.0 0.0108854205883 0.00370497264347 0.0255175910475 0.00478283899746 0.00195135634325 0.00180904460256 0.0134255793063 0.00347188509357 0.0157502229109 0.00449418172835 0.020033559425 0.00468164437794
36.0 0.0093265736372 0.00338256764983 0.0268359902375 0.00510411477068 0.0019467356675 0.00166574810956 0.0124233657503 0.00327685279042 0.0171735610902 0.00488513421577 0.0192059025485 0.00489549125843
37.0 0.00856053790575 0.00348310498596 0.028222256934 0.00544417629941 0.00194802210727 0.00147025993498 0.0114733371504 0.0031067228688 0.0184804361813 0.00511115532908 0.018920157646 0.00499070117943
38.0 0.00810483317175 0.00376410057289 0.0294984099692 0.00559647358957 0.0020127811389 0.0013092944026 0.0104428167485 0.00292182584039 0.019523733679 0.00518903352148 0.0187262923767 0.00500979999937
39.0 0.00745415184292 0.00379884107276 0.030393053944 0.00551662786775 0.002179955312 0.00130017004456 0.00925350156232 0.00269015422954 0.0203865857708 0.00516409978214 0.0181956879698 0.00501460070985
40.0 0.0066130010556 0.00351273356143 0.0308435877065 0.00534359195142 0.0023948024675 0.00142849393051 0.0079495092 0.00244729913194 0.0213337189575 0.00499169812011 0.0170366588867 0.0049774645733
41.0 0.0058290301987 0.00309477593099 0.0309705205585 0.00520889042085 0.00262959782 0.00160317554772 0.00666543873375 0.00224657933128 0.0226986900575 0.00480624399552 0.0150399583434 0.00476553863296
42.0 0.00536493456725 0.00284003685234 0.0314002795395 0.00527905650151 0.0028738410616 0.0017409864361 0.00564431337625 0.00214343737282 0.0244126520408 0.00476312061162 0.0125480326035 0.00437308925091
43.0 0.00509525638 0.00280898879435 0.0322217452323 0.00565182891935 0.00314485796798 0.00181239894129 0.00493090158098 0.00208526434853 0.026321280573 0.00494103823799 0.0101190444875 0.00391651924733
44.0 0.0048584408965 0.00288530438387 0.0332529844582 0.00618338074662 0.0036280549159 0.00196512737118 0.0045412737875 0.00206101388614 0.028233827235 0.00522058691377 0.00821351353845 0.00355178762821
45.0 0.00441458919728 0.00280625739426 0.0334829663637 0.00645544852952 0.0044008973865 0.00232634814615 0.00434709483165 0.00204388779032 0.0302289017173 0.00556473387068 0.00678380062298 0.00323496012774
46.0 0.0037844273375 0.00254512798518 0.0324111373268 0.00628085577941 0.0054814463825 0.00286393163098 0.0042315493825 0.00204323635453 0.0322735261308 0.00590100768417 0.00564231569558 0.00290747452826
47.0 0.0031412937785 0.00225241706845 0.0300491953625 0.00576014539028 0.00676773360415 0.00339681084412 0.0041798834725 0.00208066053119 0.033951487132 0.00607956414881 0.00461204619675 0.00251571698627
48.0 0.0026686081392 0.00210292288681 0.0271888427603 0.00520261939641 0.00812494193275 0.00373883794773 0.004131866087 0.00212802140188 0.035236791 0.00609505894377 0.00369878196347 0.0021078332624
49.0 0.002389070025 0.00209001876836 0.0241982949814 0.00471629722909 0.00950342624383 0.0039142539717 0.00411341429843 0.00219129704496 0.0361946558925 0.00600718961887 0.0029385888513 0.00177180981616
50.0 0.00216741925 0.00204434592026 0.0212428284512 0.00425053512143 0.0109327762521 0.00408101523483 0.0040800444595 0.00224802391141 0.036670690384 0.00587449405802 0.002299926546 0.00152174792648
51.0 0.00188319942 0.00184447032497 0.0184907952547 0.00378458665986 0.0123387494027 0.00429935124571 0.0039750081631 0.00225965846491 0.0366617616818 0.0058062821997 0.00175306303875 0.0012963911988
52.0 0.00155855563308 0.00154989336897 0.0162201241366 0.0033961068135 0.0137677305907 0.00453828373044 0.0037263951225 0.00216548844128 0.0361475256425 0.00581150089053 0.0012636045455 0.00102971569455
53.0 0.001247425235 0.00124611795375 0.0146517219358 0.00321504487556 0.0152558531208 0.00468747786907 0.00333381669925 0.00197072542312 0.03500515508 0.00584034636769 0.00085197308075 0.000758685125773
54.0 0.00094248567375 0.000942367041101 0.0138062530907 0.00323404988219 0.0168368443797 0.00474977994283 0.0029408552264 0.00176913111477 0.033458256303 0.00588560099609 0.00054884017575 0.00052142082232
55.0 0.000635515 0.000635515 0.01332162533 0.00329666530632 0.0185643861157 0.00488536965364 0.002671292175 0.00167575110162 0.0315001544215 0.00588055333307 0.00035609512875 0.000350652877263
56.0 0.0003512525 0.0003512525 0.0128434724152 0.00327602610862 0.020197952343 0.00514407502935 0.00253200624 0.00172154218853 0.028992882607 0.00571165616347 0.00022771297215 0.000227049301161
57.0 0.000151111 0.000151111 0.012344638071 0.0032059156045 0.0212690092804 0.00532210181733 0.00242020663075 0.0018025866806 0.0258219764728 0.00530324176145 0.000131854271 0.000131798363295
58.0 5.1714e-05 5.1714e-05 0.0120894361382 0.00323830477895 0.0215558462133 0.00526807510583 0.002228351775 0.00179643266278 0.0222303405245 0.00472890433733 6.4816144725e-05 6.48006134423e-05
59.0 1.2402975e-05 1.2402975e-05 0.0123199433258 0.00349447469368 0.0214180433025 0.00506592723349 0.00193632165 0.00166520578242 0.0185757528025 0.0041581156177 2.4741325e-05 2.4741325e-05
60.0 2.07415e-06 2.07415e-06 0.013033231135 0.00390978031044 0.0211180940637 0.00487437287159 0.001574883255 0.00141876307935 0.0152102068984 0.00371357914121 6.9511e-06 6.9511e-06
61.0 2.79535e-07 2.79535e-07 0.0138587231379 0.00428504733973 0.0207620215149 0.00477678179414 0.00116809794075 0.00108871200799 0.0126341083061 0.00350597694904 1.2010625e-06 1.2010625e-06
62.0 0.0 0.0 0.01440712363 0.00446907974577 0.0202166814369 0.00476039177682 0.00074762174275 0.000711755758653 0.0109730460105 0.00355737954653 1.71964e-07 1.71964e-07
63.0 0.0 0.0 0.014614239586 0.0045004541042 0.0195153102712 0.00479894884203 0.0004000383404 0.000386048470668 0.0099726184392 0.0037240961479 4.2991e-08 4.2991e-08
64.0 0.0 0.0 0.0146677875109 0.00459786750303 0.018816889405 0.00485231508815 0.000174853396225 0.000170816337063 0.009188886796 0.00382437390518 0.0 0.0
65.0 0.0 0.0 0.0144547859405 0.0048714899191 0.0180625408278 0.00479504154531 6.21631125e-05 6.12189912328e-05 0.00818482196627 0.00371161907321 0.0 0.0
66.0 0.0 0.0 0.0135405772975 0.00511336097613 0.0170290962625 0.00450181389148 1.79465225e-05 1.77572623036e-05 0.00681605111547 0.00336149530217 0.0 0.0
67.0 0.0 0.0 0.0116590830512 0.00495686249965 0.0155468721321 0.00396625255197 4.438324475e-06 4.4291289715e-06 0.00525954531262 0.00282864242515 0.0 0.0
68.0 0.0 0.0 0.00897639225 0.00421298773921 0.0138647266499 0.00334535419519 8.023575e-07 8.023575e-07 0.0036356667457 0.00213983744783 0.0 0.0
69.0 0.0 0.0 0.005945764625 0.00300030788677 0.0129000530878 0.0028102801147 9.551875e-08 9.551875e-08 0.00219934735725 0.00139839598982 0.0 0.0
70.0 0.0 0.0 0.0032938535 0.00174540571585 0.0144791341292 0.00247585759849 2.7291e-09 2.7291e-09 0.0011319502218 0.000758047165895 0.0 0.0
71.0 0.0 0.0 0.0015030037075 0.000817736249394 0.0214740687365 0.0027932708589 0.0 0.0 0.0004726041045 0.000329569884378 0.0 0.0
72.0 0.0 0.0 0.00054327079 0.000295918403688 0.0375552818645 0.00472360078254 0.0 0.0 0.000158313322525 0.000114568311914 0.0 0.0
73.0 0.0 0.0 0.000147733662925 7.97544126628e-05 0.0642812446246 0.00840661706348 0.0 0.0 4.14212795e-05 3.15338214514e-05 0.0 0.0
74.0 0.0 0.0 3.01622511e-05 1.6091993261e-05 0.0953316356492 0.0127771953255 0.0 0.0 7.24299125e-06 5.89933836218e-06 0.0 0.0
75.0 0.0 0.0 3.9201923e-06 2.08434199158e-06 0.11364664154 0.0154343390687 0.0 0.0 8.980305e-07 8.10534765664e-07 0.0 0.0
76.0 0.0 0.0 1.81294375e-07 1.01757367864e-07 0.102860974799 0.0140749087559 0.0 0.0 8.73315e-08 8.73315e-08 0.0 0.0
77.0 0.0 0.0 1.1202775e-08 8.65211846983e-09 0.0664559075695 0.00913912731198 0.0 0.0 0.0 0.0 0.0 0.0
78.0 0.0 0.0 0.0 0.0 0.0275725637317 0.0038051568223 0.0 0.0 0.0 0.0 0.0 0.0
79.0 0.0 0.0 0.0 0.0 0.0057550165 0.000796032878588 0.0 0.0 0.0 0.0 0.0 0.0

# tau : -0.149044694267 0.0476367295032
