0.025	-0.082297	2.0956e-05
0.075	-0.222709	8.02987e-05
0.125	-0.338558	0.000178098
0.175	-0.437889	0.000285637
0.225	-0.524952	0.000404118
0.275	-0.602202	0.000540262
0.325	-0.671625	0.000674516
0.375	-0.734652	0.000805073
0.425	-0.792374	0.000954537
0.475	-0.845664	0.00110668
0.525	-0.895134	0.00124728
0.575	-0.941524	0.00141347
0.625	-0.985183	0.00155598
0.675	-1.02648	0.00170761
0.725	-1.06588	0.00185852
0.775	-1.10352	0.00200987
0.825	-1.13959	0.00217333
0.875	-1.17437	0.00233126
0.925	-1.20813	0.00247238
0.975	-1.24087	0.00263082
1.025	-1.27269	0.00279928
1.075	-1.30368	0.00296263
1.125	-1.33405	0.0031016
1.175	-1.3639	0.00326306
1.225	-1.39311	0.00342985
1.275	-1.42187	0.00358304
1.325	-1.45023	0.003746
1.375	-1.47821	0.003897
1.425	-1.50579	0.00405904
1.475	-1.53322	0.0042177
1.525	-1.56026	0.00437516
1.575	-1.58708	0.00452766
1.625	-1.61365	0.00468374
1.675	-1.64006	0.00482832
1.725	-1.66635	0.00499731
1.775	-1.69243	0.00516318
1.825	-1.71836	0.00531817
1.875	-1.74425	0.00547437
1.925	-1.76987	0.00563613
1.975	-1.79553	0.00580093
2.025	-1.82098	0.00594308
2.075	-1.84637	0.00611362
2.125	-1.87166	0.00628216
2.175	-1.89703	0.00641361
2.225	-1.9222	0.00658382
2.275	-1.94734	0.00672084
2.325	-1.97236	0.00689155
2.375	-1.99732	0.00703599
2.425	-2.02234	0.00721643
2.475	-2.04738	0.00736746
2.525	-2.07226	0.00750002
2.575	-2.09712	0.0076691
2.625	-2.12194	0.00783741
2.675	-2.14685	0.00798674
2.725	-2.17156	0.00814632
2.775	-2.19633	0.00830185
2.825	-2.22101	0.00845029
2.875	-2.24577	0.00862779
2.925	-2.27051	0.00877819
2.975	-2.29512	0.00894193
3.025	-2.31985	0.00910648
3.075	-2.34451	0.00923445
3.125	-2.36912	0.00940877
3.175	-2.39371	0.00955981
3.225	-2.41841	0.00970759
3.275	-2.44297	0.00986841
3.325	-2.46738	0.0100239
3.375	-2.49214	0.0102127
3.425	-2.51681	0.0103573
3.475	-2.54128	0.0105077
3.525	-2.56592	0.01066
3.575	-2.59044	0.0108363
3.625	-2.61499	0.0110039
3.675	-2.63949	0.0111198
3.725	-2.66406	0.0113014
3.775	-2.68869	0.0114604
3.825	-2.71316	0.0116314
3.875	-2.73773	0.0117878
3.925	-2.76226	0.0119447
3.975	-2.7868	0.0120909
4.025	-2.81127	0.012247
4.075	-2.83585	0.0124277
4.125	-2.86034	0.0125716
4.175	-2.88471	0.0127116
4.225	-2.90943	0.0128606
4.275	-2.93374	0.013042
4.325	-2.95833	0.0131991
4.375	-2.98288	0.0133531
4.425	-3.00724	0.0134846
4.475	-3.03181	0.0136564
4.525	-3.05652	0.0138146
4.575	-3.08087	0.0139808
4.625	-3.1055	0.0141689
4.675	-3.12972	0.0143272
4.725	-3.15439	0.0144478
4.775	-3.17873	0.0146044
4.825	-3.20336	0.0147951
4.875	-3.22775	0.0149442
4.925	-3.25224	0.0150877
4.975	-3.27692	0.0152854
5.025	-3.30137	0.0154168
5.075	-3.32571	0.0155262
5.125	-3.35027	0.0156977
5.175	-3.37488	0.015884
5.225	-3.39933	0.0160213
5.275	-3.42393	0.0161949
5.325	-3.44803	0.0163416
5.375	-3.47273	0.0164952
5.425	-3.49719	0.0166495
5.475	-3.52153	0.0168097
5.525	-3.54631	0.0169504
5.575	-3.57051	0.0171046
5.625	-3.59494	0.0173012
5.675	-3.61975	0.0174903
5.725	-3.64408	0.0176289
5.775	-3.66859	0.0177707
5.825	-3.69304	0.0179301
5.875	-3.71758	0.0180527
5.925	-3.742	0.0182153
5.975	-3.76647	0.0184109
6.025	-3.79098	0.0185726
6.075	-3.8156	0.0187159
6.125	-3.83995	0.018859
6.175	-3.86463	0.0190261
6.225	-3.8891	0.0192137
6.275	-3.91357	0.0194017
6.325	-3.9379	0.0195042
6.375	-3.96263	0.0197176
6.425	-3.9868	0.0198525
6.475	-4.01161	0.0200034
6.525	-4.0358	0.0201343
6.575	-4.06068	0.0203315
6.625	-4.08487	0.0204645
6.675	-4.10946	0.0206285
6.725	-4.13383	0.0207741
6.775	-4.15832	0.0209427
6.825	-4.18265	0.0210329
6.875	-4.20757	0.0212284
6.925	-4.23197	0.0214369
6.975	-4.25624	0.021525
7.025	-4.28077	0.0217506
7.075	-4.30511	0.0218812
7.125	-4.32999	0.0220026
7.175	-4.35408	0.0221824
7.225	-4.37843	0.0223691
7.275	-4.40325	0.0225104
7.325	-4.42764	0.0226938
7.375	-4.45204	0.0227852
7.425	-4.47664	0.022982
7.475	-4.50093	0.0230515
7.525	-4.52557	0.0232735
7.575	-4.55015	0.0233916
7.625	-4.57463	0.0235628
7.675	-4.59902	0.0237404
7.725	-4.62362	0.0239001
7.775	-4.64766	0.024082
7.825	-4.67236	0.0241874
7.875	-4.69686	0.0243644
7.925	-4.72109	0.0245011
7.975	-4.74606	0.0246608
8.025	-4.76989	0.0248092
8.075	-4.79497	0.0249831
8.125	-4.81952	0.0251663
8.175	-4.84391	0.0254078
8.225	-4.86831	0.025512
8.275	-4.89245	0.0255846
8.325	-4.91718	0.0258275
8.375	-4.94145	0.0259645
8.425	-4.96611	0.0261488
8.475	-4.99076	0.0262411
8.525	-5.01486	0.0264301
8.575	-5.03957	0.0266051
8.625	-5.06373	0.0267507
8.675	-5.08859	0.0268929
8.725	-5.11297	0.0270677
8.775	-5.13764	0.0271936
8.825	-5.16237	0.0273658
8.875	-5.18676	0.0275322
8.925	-5.21125	0.0276918
8.975	-5.2355	0.0278327
9.025	-5.25965	0.0280272
9.075	-5.28407	0.0281053
9.125	-5.30862	0.0282268
9.175	-5.3331	0.0285533
9.225	-5.35793	0.0286088
9.275	-5.38221	0.0288157
9.325	-5.40652	0.0289557
9.375	-5.43098	0.0290851
9.425	-5.45549	0.0292733
9.475	-5.48001	0.0294889
9.525	-5.50433	0.0295778
9.575	-5.52844	0.0298131
9.625	-5.55377	0.0299371
9.675	-5.57776	0.0301729
9.725	-5.60233	0.0301925
9.775	-5.62605	0.0303213
9.825	-5.65082	0.0304783
9.875	-5.67537	0.0307204
9.925	-5.70005	0.0309079
9.975	-5.72476	0.0309753
