5e-07 -3.58311e-05
1.03399e-06 -3.78722e-05
1.10427e-06 -3.81408e-05
1.17933e-06 -3.84277e-05
1.25949e-06 -3.87341e-05
1.3451e-06 -3.90614e-05
1.43653e-06 -3.94109e-05
1.53417e-06 -3.97841e-05
1.63845e-06 -4.01827e-05
1.74982e-06 -4.06084e-05
1.86876e-06 -4.1063e-05
1.99578e-06 -4.15485e-05
2.13144e-06 -4.2067e-05
2.27632e-06 -4.26208e-05
2.43105e-06 -4.32122e-05
2.59629e-06 -4.38438e-05
2.77276e-06 -4.45184e-05
2.96123e-06 -4.52388e-05
3.16252e-06 -4.60081e-05
3.37748e-06 -4.68298e-05
3.60705e-06 -4.77073e-05
3.85223e-06 -4.86444e-05
4.11407e-06 -4.96452e-05
4.39372e-06 -5.07141e-05
4.69237e-06 -5.18556e-05
5.01132e-06 -5.30747e-05
5.35195e-06 -5.43766e-05
5.71573e-06 -5.57671e-05
6.10424e-06 -5.7252e-05
6.51916e-06 -5.88379e-05
6.96228e-06 -6.05316e-05
7.43552e-06 -6.23403e-05
7.94092e-06 -6.42721e-05
8.48068e-06 -6.63351e-05
9.05713e-06 -6.85383e-05
9.67277e-06 -7.08912e-05
1.03302e-05 -7.34041e-05
1.10324e-05 -7.60878e-05
1.17823e-05 -7.89538e-05
1.25832e-05 -8.20147e-05
1.34385e-05 -8.52835e-05
1.43519e-05 -8.87745e-05
1.53274e-05 -9.25028e-05
1.63693e-05 -9.64844e-05
1.74819e-05 -0.000100737
1.86702e-05 -0.000105278
1.99393e-05 -0.000110128
2.12946e-05 -0.000115307
2.2742e-05 -0.000120838
2.42878e-05 -0.000126746
2.59387e-05 -0.000133054
2.77019e-05 -0.000139792
2.95848e-05 -0.000146987
3.15957e-05 -0.000154671
3.37434e-05 -0.000162877
3.6037e-05 -0.000171641
3.84865e-05 -0.000181
4.11025e-05 -0.000190995
4.38963e-05 -0.000201669
4.688e-05 -0.000213069
5.00666e-05 -0.000225243
5.34697e-05 -0.000238243
5.71041e-05 -0.000252127
6.09856e-05 -0.000266954
6.51309e-05 -0.000282788
6.9558e-05 -0.000299698
7.4286e-05 -0.000317756
7.93354e-05 -0.000337041
8.4728e-05 -0.000357635
9.04871e-05 -0.000379628
9.66377e-05 -0.000403114
0.000103206 -0.000428195
0.000110222 -0.000454978
0.000117713 -0.00048358
0.000125715 -0.000514123
0.00013426 -0.000546739
0.000143386 -0.000581569
0.000153132 -0.000618763
0.000163541 -0.00065848
0.000174657 -0.000700893
0.000186529 -0.000746182
0.000199207 -0.000794543
0.000212748 -0.000846184
0.000227209 -0.000901326
0.000242653 -0.000960207
0.000259146 -0.00102308
0.000276761 -0.00109021
0.000295573 -0.00116189
0.000315664 -0.00123843
0.00033712 -0.00132015
0.000360035 -0.00140741
0.000384507 -0.00150057
0.000410643 -0.00160004
0.000438555 -0.00170623
0.000468364 -0.00181961
0.0005002 -0.00194065
0.0005342 -0.00206988
0.00057051 -0.00220783
0.000609289 -0.0023551
0.000650704 -0.00251231
0.000694933 -0.00268013
0.000742169 -0.00285926
0.000792616 -0.00305046
0.000846492 -0.00325454
0.000904029 -0.00347236
0.000965478 -0.00370483
0.0010311 -0.00395292
0.00110119 -0.00421768
0.00117604 -0.0045002
0.00125598 -0.00480167
0.00134135 -0.00512332
0.00143252 -0.0054665
0.0015299 -0.00583262
0.00163389 -0.00622317
0.00174494 -0.00663976
0.00186355 -0.00708409
0.00199022 -0.00755795
0.0021255 -0.00806326
0.00226997 -0.00860206
0.00242427 -0.00917649
0.00258905 -0.00978883
0.00276503 -0.0104415
0.00295298 -0.011137
0.0031537 -0.0118782
0.00336806 -0.0126678
0.003597 -0.0135088
0.00384149 -0.0144038
0.00410261 -0.0153558
0.00438147 -0.0163696
0.00467929 -0.0174491
0.00499735 -0.0185983
0.00533703 -0.0198213
0.0056998 -0.0211226
0.00608722 -0.0225068
0.00650098 -0.0239754
0.00694287 -0.0255359
0.00741479 -0.0271966
0.00791879 -0.0289635
0.00845704 -0.0308428
0.00903189 -0.0328408
0.0096458 -0.0349644
0.0103014 -0.0372209
0.0110017 -0.0396176
0.0117495 -0.0421586
0.0125481 -0.0448565
0.013401 -0.0477225
0.0143119 -0.0507656
0.0152847 -0.0539951
0.0163237 -0.0574198
0.0174332 -0.061047
0.0186182 -0.0648955
0.0198837 -0.0689764
0.0212352 -0.0733002
0.0226786 -0.077875
0.0242201 -0.0827227
0.0258664 -0.0878554
0.0276246 -0.0932819
0.0295023 -0.0990246
0.0315077 -0.105097
0.0336493 -0.111511
0.0359365 -0.118291
0.0383792 -0.125446
0.0409879 -0.133002
0.0437739 -0.140968
0.0467493 -0.149371
0.049927 -0.158225
0.0533206 -0.16755
0.0569449 -0.177366
0.0608156 -0.187692
0.0649494 -0.198547
0.0693641 -0.209952
0.0740789 -0.221925
0.0791142 -0.234486
0.0844918 -0.247654
0.0902349 -0.261448
0.0963683 -0.275884
0.102919 -0.290979
0.109914 -0.306751
0.117385 -0.323214
0.125364 -0.340383
0.133886 -0.358268
0.142986 -0.376881
0.152705 -0.396232
0.163085 -0.416327
0.17417 -0.437173
0.186009 -0.458772
0.198652 -0.481124
0.212155 -0.504231
0.226575 -0.528087
0.241976 -0.552689
0.258424 -0.578028
0.275989 -0.604098
0.294749 -0.630885
0.314784 -0.658382
0.33618 -0.686575
0.359031 -0.715452
0.383435 -0.745005
0.409498 -0.775222
0.437332 -0.806098
0.467059 -0.837628
0.498806 -0.869814
0.53271 -0.902662
0.56892 -0.936185
0.60759 -0.970403
0.64889 -1.00535
0.692996 -1.04105
0.7401 -1.07757
0.790406 -1.11497
0.844132 -1.15333
0.901509 -1.19272
0.962787 -1.23327
1.02823 -1.27509
1.09812 -1.31832
1.17276 -1.36311
1.25248 -1.40963
1.33761 -1.45808
1.42853 -1.50866
1.52563 -1.5616
1.62933 -1.61715
1.74008 -1.67555
1.85836 -1.7371
1.98467 -1.80209
2.11957 -1.87084
2.26365 -1.94369
2.41751 -2.02098
2.58183 -2.10309
2.75733 -2.19042
2.94475 -2.28337
3.14491 -2.38239
3.35867 -2.48793
3.58697 -2.60048
3.83078 -2.72054
4.09117 -2.84866
4.36926 -2.98541
4.66624 -3.13139
4.98342 -3.28725
5.32215 -3.45368
5.68391 -3.63139
6.07025 -3.82117
6.48286 -4.02383
6.92351 -4.24026
7.39412 -4.4714
7.89671 -4.71825
8.43347 -4.98187
9.00671 -5.26342
9.61891 -5.56409
10.2727 -5.88521
10.971 -6.22815
11.7167 -6.5944
12.5131 -6.98555
13.3637 -7.40329
14.272 -7.84941
15.2421 -8.32587
16.2782 -8.83475
17.3846 -9.37811
18.5663 -9.95813
