3       4.5     30      30      1.50509 0.00118551      0.390183        0.000981417     0.3904  0.000913815     0.938159        0.00259702      0.623008        0.00141927      
3       4.5     50      50      1.50476 0.00194823      0.326082        0.00293284      0.327089        0.0027934       0.898124        0.00921042      0.408217        0.00262578      
3       4.5     70      70      1.50046 0.00286393      0.292264        0.00602624      0.291234        0.00593861      0.893804        0.0215999       0.273193        0.00354681      
#3       4.5     90      90      1.49979 0.00213566      0.262851        0.00704016      0.260597        0.00676362      0.886518        0.0262892       0.160258        0.00242179      
3       4.5     90      90      1.50137 0.00173633      0.260373        0.0062755       0.257671        0.00609475      0.87668 0.0234739       0.159326        0.00222266      
#3       4.5     110     110     1.50124 0.00285707      0.228131        0.0115693       0.226941        0.0117681       0.816475        0.044866        0.0936679       0.00292139      
3       4.5     110     110     1.50153 0.00243409      0.225517        0.00982934      0.225364        0.0100209       0.806023        0.0381412       0.0957372       0.00254 
#3       4.5     150     150     1.49756 0.00384961      0.254276        0.0247627       0.256191        0.0248463       0.989903        0.098449        0.0310315       0.00232298      
3       4.5     150     150     1.49964 0.00345327      0.227589        0.0257873       0.228571        0.0258943       0.881081        0.102341        0.0312404       0.00223955      



#3       4.5     30      30      1.50509 0.00118551      0.390183        0.000981417     0.3904  0.000913815     0.938159        0.00259702      0.623008        0.00141927      
#3       4.5     50      50      1.50476 0.00194823      0.326082        0.00293284      0.327089        0.0027934       0.898124        0.00921042      0.408217        0.00262578      
#3       4.5     70      70      1.50046 0.00286393      0.292264        0.00602624      0.291234        0.00593861      0.893804        0.0215999       0.273193        0.00354681      
#3       4.5     90      90      1.4982  0.0029192       0.258493        0.00931622      0.256417        0.00904037      0.870579        0.0345787       0.159149        0.00340193      
#3       4.5     110     110     1.50089 0.00343735      0.241758        0.0150594       0.241468        0.0150194       0.869256        0.0578827       0.0971964       0.00368199      
#3       4.5     150     150     1.48984 0.00564684      0.247051        0.026528        0.249267        0.0267073       0.959285        0.105402        0.0333511       0.00321335      




#3       4.5     30      30      1.50509 0.00118551      0.390183        0.000981417     0.3904  	0.000913815     0.938159        0.00259702      0.623008        0.00141927      
#3       4.5     50      50      1.50476 0.00194823      0.326082        0.00293284      0.327089        0.0027934       0.898124        0.00921042      0.408217        0.00262578      
#3       4.5     70      70      1.50046 0.00286393      0.292264        0.00602624      0.291234        0.00593861      0.893804        0.0215999       0.273193        0.00354681      
#3       4.5     90      90      1.49972 0.004273        0.263763        0.0135147       0.257569        0.0131247       0.880333        0.0499969       0.161715        0.00507437      
#3       4.5     110     110     1.49607 0.00520345      0.244663        0.0205038       0.24596 	0.0201603       0.88395 	0.0786344       0.0972971       0.00526328      
#3       4.5     150     150     1.49796 0.01       	0.416877        0.05       	0.420932        0.05       	1.63639 	0.2       	0.0392284       0.01       




