#n_h: 0
 348.7412        0.5026714  -389.75444645
0.60924346 0.00083088 0.00546054

#n_h: 1
 2.54475795e+02  3.67987289e-01 -4.15484313e+02
0.71582115 0.00126816 0.02183584

#n_h: 2
 2.51627086e+02  3.56384440e-01 -4.48411620e+02
0.52095272 0.00087383 0.02483904

#n_h: 3
 2.27415388e+02  3.27599290e-01 -4.74085504e+02
0.27694047 0.00028282 0.01465823

#n_h: 4
 2.20333409e+02  2.96533367e-01 -5.07187333e+02
0.26412706 0.00027032 0.0144821 

#n_h: 5
 2.05996557e+02  2.94541857e-01 -5.31446836e+02
0.25684252 0.00028245 0.0193035 

#n_h: 6
 2.01858310e+02  2.76947064e-01 -5.61803703e+02
0.2307555  0.00023563 0.01621643

#n_h: 7
 2.21172444e+02  3.30992955e-01 -5.81724812e+02
0.43082475 0.00072632 0.036406  

#n_h: 8
 2.27769308e+02  3.38336139e-01 -6.05820463e+02
0.40725432 0.00066203 0.0326596 

