#n_h: 0
 1.6667  2.5     5.     12.5    25.    
-248.156 -279.286 -377.044 -389.267 -389.281
0.108572   0.0899451  0.193303   0.00390228 0.00668549

#n_h: 1
 1.6667  2.5     5.     12.5    25.    
-280.404 -311.548 -379.79  -413.232 -415.372
0.18228   0.136021  0.305191  0.0421326 0.0226286

#n_h: 2
 1.6667  2.5     5.     12.5    25.    
-311.828 -343.375 -403.267 -446.839 -447.805
0.162652  0.14789   0.135069  0.0382222 0.0271208

#n_h: 3
 1.6667  2.5     5.      5.2632  5.5556  5.8824  6.25    6.6667  7.1429  7.6923  8.3333  9.0909 10.     11.1111 12.5    14.2857 16.6667 20.8333 25.    
-342.193 -374.973 -429.645 -433.12  -436.863 -440.847 -444.652 -448.483 -452.347 -455.907 -459.559 -462.825 -466.057 -468.452 -470.511 -471.972 -473.022 -473.766 -474.002
0.142903  0.125644  0.116009  0.0585526 0.058713  0.0609229 0.0618821 0.0657067 0.0650369 0.0664854 0.0653008 0.0683065 0.0575797 0.0599376 0.0658614 0.0474267 0.0289251 0.0235758 0.0255645

#n_h: 4
 1.6667  2.5     5.      5.2632  5.5556  5.8824  6.25    6.6667  7.1429  7.6923  8.3333  9.0909 10.     11.1111 12.5    14.2857 16.6667 20.8333 25.    
-371.395 -405.922 -458.181 -461.438 -464.96  -468.419 -471.736 -475.281 -478.993 -482.78  -486.912 -492.141 -498.363 -502.442 -504.312 -505.318 -505.734 -506.042 -506.188
0.148034  0.127417  0.0971238 0.0652909 0.0742712 0.057849  0.0572709 0.0588723 0.0737888 0.072505  0.10046   0.134992  0.131083  0.0705958 0.0554929 0.0286949 0.0230323 0.0223329 0.0305642

#n_h: 5
 1.6667  2.5     5.      5.2632  5.5556  5.8824  6.25    6.6667  7.1429  7.6923  8.3333  9.0909 10.     11.1111 12.5    14.2857 16.6667 20.8333 25.    
-398.96  -435.278 -485.952 -489.083 -492.246 -495.502 -498.797 -502.17 -505.539 -508.872 -512.337 -516.057 -519.608 -523.367 -526.358 -528.827 -530.207 -531.146 -531.248
0.155664  0.117798  0.0838414 0.057378  0.0594014 0.0527446 0.0570738 0.0558446 0.0525122 0.0592796 0.0629235 0.0590488 0.0643764 0.0678909 0.0688256 0.041324  0.0317437 0.0267077 0.0593081

#n_h: 6
 1.6667  2.5     5.      5.2632  5.5556  5.8824  6.25    6.6667  7.1429  7.6923  8.3333  9.0909 10.     11.1111 12.5    14.2857 16.6667 20.8333 25.    
-424.932 -463.696 -513.709 -516.685 -519.839 -522.991 -526.236 -529.487 -532.789 -536.166 -539.59  -543.287 -547.864 -553.674 -558.141 -559.786 -560.387 -560.707 -560.814
0.150601  0.122168  0.0743422 0.0427233 0.0445788 0.0434623 0.0409217 0.0390216 0.0377371 0.0397332 0.041809  0.0490481 0.0775194 0.0924253 0.072783  0.0334033 0.0227992 0.0253556 0.0349909

#n_h: 7
 1.6667  2.5     5.     12.5    25.    
-449.104 -489.858 -539.36  -576.368 -582.458
0.164949  0.131377  0.0844417 0.0574437 0.0405477

#n_h: 8
 1.6667  2.5     5.     12.5    25.    
-470.923 -514.362 -563.016 -599.979 -606.175
0.14671   0.12546   0.0767348 0.0839494 0.0340185

