1 0.15050344999999998 0.0005020327652915295
2 0.0608769 0.0003300185721666272
3 0.03287725 0.0002360876523723566
4 0.0206838 0.00020387594477980602
5 0.014541799999999999 0.00016211457689339472
6 0.0105376 0.00013859397044583497
7 0.0078284 0.0001307951555586661
8 0.00610955 0.0001042014365907876
9 0.004871599999999999 0.00010674989040432071
10 0.00397505 0.00010519112155582475
11 0.0033000499999999997 8.166538609066263e-05
12 0.0026868499999999997 6.631226446988554e-05
13 0.0023400499999999998 6.85333075036432e-05
14 0.0020842 6.5193275033023e-05
15 0.00173865 6.115391090663162e-05
16 0.0014632 5.0718868077660106e-05
17 0.0012909 5.5301267176686467e-05
18 0.0011627 4.922928408391996e-05
19 0.000997 4.418436052594689e-05
20 0.0008470499999999999 3.942343296765376e-05
21 0.0007358499999999999 3.7128267676385676e-05
22 0.0007109 3.963503067019255e-05
23 0.0006615999999999999 3.6064530848589816e-05
24 0.00060185 3.0447214623182824e-05
25 0.0005568999999999999 3.310851601261736e-05
26 0.00049505 3.041793734054287e-05
27 0.00049515 2.983743561987031e-05
28 0.0004482 3.111606377142977e-05
29 0.0004393 3.0181308927504578e-05
30 0.00040324999999999996 2.8321677783073656e-05
31 0.0003946 2.7833331506088865e-05
32 0.00040735 2.533389903398048e-05
33 0.0003929 3.016467712316029e-05

