1 0.45012477722245875 0.0009650720539804907
2 0.404308235466233 0.000991322693550312
3 0.39083549268291734 0.0009968080630311212
4 0.38527144344344927 0.0009097204422183961
5 0.38039352965369505 0.000925086437701833
6 0.3780973284134557 0.0010078302898449988
7 0.37635234868930023 0.0009330344767781813
8 0.375592458674433 0.0010511417541860422
9 0.37504069217387764 0.0010290910623213145
10 0.3715717449046374 0.001008248686049993
11 0.370535789978002 0.0009462082973660629
12 0.37112419154581333 0.0010171559976530021
13 0.3684468039446218 0.0009674598929017512
14 0.37010670553738134 0.0009817715483080116
15 0.3701393440518457 0.001016396617919654
16 0.36910998949269935 0.0009786641573301625
17 0.36952230052236157 0.0009859356386508105
18 0.368288819001695 0.001012060736840148
19 0.36677981755373185 0.0009832559080285596
20 0.367604379059226 0.0009913983954449544
21 0.36866183059557356 0.0009018489713055842
22 0.36754037366073095 0.0008897042276531676
23 0.36668414250205517 0.0009701893578561899
24 0.36712806263106873 0.0009470020135774549
25 0.3676163687176007 0.0009725848373494737
26 0.36724602149224983 0.0009186681744888177
27 0.3677003568800535 0.0009475055355840106
28 0.36677921201543007 0.0009631133121767726
29 0.3672411771858358 0.0009860579910577194
30 0.365000140484886 0.000997976125487632
31 0.36509121344546935 0.0009880240117764725
32 0.36667057844409595 0.0009631111382273162
33 0.3675059185313613 0.000970365392097142

