1 0.3019245 0.000756509388546419
2 0.2271502 0.0006823743520683848
3 0.20358679999999998 0.0006760539078612983
4 0.19301554999999998 0.0006020012648424577
5 0.18518559999999998 0.0006675029098283795
6 0.18078025 0.0006627084659045447
7 0.178 0.0005979124291082787
8 0.17490845 0.0006107686284081353
9 0.1742012 0.000673690815627413
10 0.1729036 0.0006378438756963169
11 0.17147089999999998 0.000597953569927231
12 0.16955314999999999 0.0006443717949549403
13 0.16865865 0.0006261601343486997
14 0.16838999999999998 0.0005856347049084808
15 0.16720535 0.0006021246742475572
16 0.1668358 0.000620714210071293
17 0.16717625 0.0006658350402980266
18 0.16594494999999998 0.000618024837022328
19 0.16538419999999998 0.0005521993388898801
20 0.16409284999999998 0.0006052672226791817
21 0.16420869999999999 0.0006442132026405297
22 0.16426405 0.0006462275572030472
23 0.16344329999999999 0.0006106405459982021
24 0.16370785 0.0006335445430085579
25 0.16410465 0.0006227924434244292
26 0.16381659999999998 0.0005853918229736918
27 0.16441355 0.0005617742697686874
28 0.16349475 0.0005764261445652357
29 0.1639765 0.0006466717063580643
30 0.16353665 0.0005811780069173213
31 0.16346429999999998 0.0006692299127814668
32 0.16237179999999998 0.0006593590336792868
33 0.16341429999999998 0.0005690209805175864

