1 0.39532734999999997 0.0009015814220333807
2 0.3407446 0.0008071925285867672
3 0.3234324 0.0008508351942251551
4 0.31684734999999997 0.0007868031274688225
5 0.310577 0.0008178419459357984
6 0.3080083 0.0007496670544609573
7 0.30559875 0.0008079863028415966
8 0.30292915 0.0008400669387744517
9 0.30213835 0.0008046562131921362
10 0.3006178 0.0008164942444039283
11 0.29912885 0.0007857654759388629
12 0.2983163 0.0006615426728889468
13 0.29782685 0.0007381865801191077
14 0.29694125 0.0007481599354553421
15 0.29575955 0.0007733047465432044
16 0.295936 0.0007346189374845209
17 0.29684555 0.0007663848379550746
18 0.2961591 0.0008200212944324186
19 0.29568325 0.0007847354329860562
20 0.29474605 0.0008005693974059994
21 0.2951937 0.0008110893681327809
22 0.2946838 0.0008319120415978533
23 0.29356024999999997 0.0007784618367397189
24 0.29292314999999997 0.0007375196239744108
25 0.29416945 0.000777842301839011
26 0.29298425 0.000793234666798183
27 0.2930194 0.0007493120117160647
28 0.2941721 0.0007365231016847417
29 0.29389555 0.0007769095035137345
30 0.29451615 0.0008013983521412315
31 0.2932747 0.0008311981607312624
32 0.2946099 0.0007976547568322848
33 0.293716 0.0008478087719339647

