3.9 0.03909645394839053 9.132738183274983e-05 0.29799166616626127 0.0012892267972968669 -8571.689162674526 0.5028856179142684 1938.2068544543565 0.13062675407396812 1.6928090735038874 0.005051605948351367
3.95 0.025102099191762466 5.18071671123767e-05 0.16023719981098 0.0006199315499608581 -8669.776291513555 0.4330393701871466 1966.8786704262195 0.11739489444542424 1.0677967005372753 0.0030314981352483807
4 0.010207561350003442 2.6408549288276165e-05 0.04417476688026427 0.00018260151466561268 -8769.163284393215 0.44096561755784885 1996.7458174654707 0.11283813860292345 0.3942346955032622 0.001296945043302489
4.01 0.0076596376244662985 1.9431266596927034e-05 0.02862467043672539 0.00012093514159308117 -8788.806619773348 0.45208958458944076 2001.8158842182 0.11918424591837716 0.2801874051062754 0.0009512704438659286
4.02 0.005905374967280108 1.4497347399812075e-05 0.01876009651042804 8.582692880721253e-05 -8809.044236189817 0.49012732979073714 2005.6434358580286 0.1273179313526776 0.20186733945053234 0.0007888038973162259
4.03 0.004730449615991558 9.8247382208089e-06 0.012673558936943235 5.205722257473168e-05 -8829.072650330274 0.5178959780356204 2008.2952594179656 0.12946010956837523 0.15112064697751673 0.0006140214745983695
4.04 0.003973189720481557 7.862431395718048e-06 0.009109917299920934 3.7092910522869446e-05 -8848.809050947795 0.513313756855671 2010.2026476731314 0.1295788275124427 0.1171303777554041 0.00046684594760200817
4.05 0.003398761852174405 2.5831913097174352e-05 0.006602752379440772 0.00011525173828262365 -8868.591173414796 2.4680550512195136 2012.0073091 0.616677965855052 0.0914916050695942 0.0017375664464195646
4.06 0.003030506656730646 5.037699912300887e-06 0.005195461433486456 2.0674374016886153e-05 -8887.940412172553 0.6456493704430969 2012.9906399 0.15875994019555376 0.07737861828968849 0.0003492013734121479
4.07 0.0027330450543576355 4.472704609657347e-06 0.0041025860938277 1.7504301822949084e-05 -8909.091031538766 0.7683281440118502 2014.3636843425 0.18803260951430492 0.06491729380300275 0.00029466547084171295
4.08 0.0024998139522420613 3.932032102312317e-06 0.0033305771106742427 1.3540804116174375e-05 -8928.306106571137 0.7050439603307839 2015.186845235 0.17197361157780983 0.055884884944335834 0.000313185862454636
4.09 0.0023110331173214317 3.510514752883339e-06 0.0027542863297591383 1.1651746600831483e-05 -8948.210057710401 0.8681107896458863 2016.05869908 0.21083547186168197 0.048260913946193994 0.000296505548360466
4.1 0.002148026325597529 3.0200728263584144e-06 0.002282452165743053 9.31243224054376e-06 -8971.001453414357 0.8321837190438794 2017.6375574075 0.20421416119956326 0.04177019938720714 0.00023753813787531257
4.15 0.0016413491124594242 8.292992801405429e-06 0.0011042846220600793 1.7390985022716796e-05 -9061.527130967565 3.066451014176358 2019.2224931 0.737265111242465 0.025383497149989453 0.0008890280224606898
4.2 0.001388752201215046 6.637759900916793e-06 0.0006712481936699501 1.0861268165724884e-05 -9173.950497192314 4.0884356486840865 2025.0187613 0.9936798057017808 0.01719349583669793 0.0010317360346313931
4.25 0.0012031892189649143 4.72899630103549e-06 0.00044232087973705746 5.877092816196766e-06 -9271.756514905455 4.073227795282946 2027.3624548 0.968393663060581 0.01098335042060731 0.0006918825419255114
4.3 0.0010677694023954961 4.016967251128607e-06 0.0003036319264664663 4.040371721921728e-06 -9375.980670076102 3.950003880633453 2030.4717287 0.915312040271067 0.007852326892517527 0.0006509412733980228
4.35 0.000982594804761325 3.691049998189896e-06 0.00023844803013935953 3.427073407464372e-06 -9476.832973833403 3.7445275990567946 2033.3668862 0.8507975431662745 0.006361183426902144 0.0004940182205331428
4.4 0.0009050606923341874 3.0297406328171475e-06 0.0001833211022420817 2.4830208184275756e-06 -9575.09955765404 3.4297548144499417 2034.53813 0.762920252173751 0.004952254382852625 0.0005250890729791775
4.45 0.0008434871893746045 3.112165947097316e-06 0.0001474810244196277 1.8226616087019584e-06 -9677.23512332409 3.7458949385981195 2037.168906 0.8160300609653766 0.004468677313448878 0.000551267022213286
4.5 0.0007891201834563182 2.368832953298025e-06 0.00011954538003835646 1.2785939550739148e-06 -9779.302889877583 4.300915446911073 2039.1315297 0.9602038049285692 0.002467889949852283 0.00039747928078182103








