3.9 0.048244809863189415 0.00016616607271970326 0.3619653145941155 0.002191740893245601 -588.2483828941315 0.18844378263874745 133.18144915 0.051473889352509426 0.4507982108623273 0.002680966725738979
3.95 0.0385936828728212 0.00015193383987281196 0.2545614691885552 0.0017892745477898844 -595.1513616186307 0.24964721677604526 134.71601775 0.06579766374083898 0.3344801728846284 0.0024566507088901748
4 0.03154785501726651 0.00013630268995511673 0.18121650597348743 0.0015837460181894385 -601.4194576639758 0.2546884626631249 135.68203715 0.06280778238724152 0.25252717974554756 0.002260631893293687
4.05 0.026125726469614207 0.00010310235366575775 0.128969787465304 0.0010936524634657346 -608.4647377215956 0.2933201766565592 136.6058774 0.07529687374791631 0.19617763484594483 0.0019729611272017605
4.1 0.022590805881502675 8.23444178995318e-05 0.09717550811612502 0.0008167850381513911 -614.9093590928695 0.3117819697062893 137.12588255 0.07930620911148109 0.1530421700234132 0.0016148597153419178
4.15 0.019780782957772632 7.697248227812054e-05 0.0743417632654769 0.0007124806702063327 -621.9427150927293 0.3077350626184308 137.63962845 0.074193768136699 0.12354992616226394 0.0015862012979368197
4.2 0.017692215656868744 7.15982460592815e-05 0.05935984475079918 0.000622812274533714 -630.0109945237068 0.3653240761566488 138.37102255 0.09061990095263697 0.1022133038633584 0.0012633430995149383
4.25 0.016033037369796704 5.6513968659623046e-05 0.04695418764023472 0.0004592684944383801 -636.2074374911901 0.36121213017973464 138.5667793 0.08426542308725882 0.08447800734615431 0.001152552427826445
4.3 0.014795598183063514 5.682981644827704e-05 0.038862661850487014 0.0003701023234981929 -642.8591224115715 0.37329386353061594 138.76486475 0.0870843614591141 0.07345398282245884 0.0011997978141146774
4.35 0.013640212802563818 4.624173765840571e-05 0.03219447579686385 0.0003007115873346226 -650.1117531494225 0.4081552766929175 139.1418698 0.09138125463059119 0.061201369105918405 0.0010671321454636458
4.4 0.012752769377033445 4.126903074498856e-05 0.027336612041614933 0.00024578443051977774 -656.9600798329644 0.4319475431613293 139.2970584 0.09576449772496684 0.05330808637202789 0.0009879401261468283
4.45 0.0119484977507534 4.0883973844517425e-05 0.023272273873910388 0.00023466812996513753 -664.1493496111366 0.3818029966882164 139.5634821 0.08643897197644604 0.046821314153915584 0.0009452662543366781
4.5 0.011300026643505318 3.457767836145526e-05 0.020053856727069618 0.0001762318833579257 -671.0415284617677 0.42109964694809576 139.77643145 0.09452355104944757 0.04066168930761005 0.0008514681411608133

