3.9 0.07729473703828814 0.00020254006566433516 0.6257538792332118 0.003140126636197408 -166.88930200033275 0.09413591660481667 37.31419585 0.025177408830481286 0.320435240625 0.0018219265857437198
3.95 0.07086644135910393 0.0001999223267612459 0.5403453734420247 0.003010500801006365 -168.90022775638008 0.08642385286476567 37.62812775 0.024047278834689358 0.284496296875 0.001958260066777457
4 0.0656853620379372 0.00019032725844676538 0.4760091798306674 0.0027793606811414087 -170.6141083875 0.08662030867490751 37.82793735 0.023354828799818435 0.2534137375 0.0017890534802769888
4.05 0.0609601450624511 0.00018678144213782628 0.41877480792317173 0.002747497858723034 -172.59241138800502 0.11013533601483004 38.07421665 0.02804415258128559 0.224432046875 0.001520011636891274
4.1 0.05635428888942309 0.00016139002957788303 0.3606558474907461 0.002259153499224165 -174.41858846419075 0.09805412390877521 38.2745132 0.025522116103752806 0.199896525 0.00166176369418133
4.15 0.053041231173205326 0.00015434126269056036 0.32434143514358205 0.002028788455510878 -176.37606852524465 0.1031228810290241 38.44600695 0.024648213641510396 0.179161446875 0.0013667969697808238
4.2 0.04951542932125079 0.0001452778026482294 0.2828785822062443 0.0018597331866546164 -178.16027041097337 0.10946316744379864 38.561574 0.027495985979575227 0.16138914375 0.0014264838827470366
4.25 0.0469672000002065 0.00014307980855832105 0.2553400371849496 0.0017793096915217227 -180.1590424 0.10695444283840694 38.6900574 0.025654103121614414 0.148123496875 0.0013598914861373192
4.3 0.04431373425939564 0.00013759214953310022 0.2268370146566205 0.0016559163459302238 -182.10251193631572 0.11764518420487348 38.8330119 0.028872324231153525 0.132606790625 0.0011442905323207292
4.35 0.041764088580301846 0.0001200952488132577 0.20172584048765996 0.0013718823548352513 -184.17661359096942 0.10647846527068683 38.97917215 0.02566392077387554 0.1205407625 0.0013152912983028456
4.4 0.03968676944443474 0.00011229444846193492 0.18062262744063673 0.0013686668810967025 -185.8967874578016 0.1194468067123624 39.04314505 0.027493758947443592 0.109098921875 0.0012024338759134474
4.45 0.038227996913516256 9.880504540923924e-05 0.1664196073272634 0.0011535133461422623 -187.913698505584 0.11621761227240632 39.119425 0.025614310822156806 0.1024003625 0.0013048548481206892
4.5 0.03660987623445038 0.00010027399970112277 0.15215311357800174 0.0010726084105477332 -189.97868320625 0.130032075145778 39.235101 0.02818255365541351 0.09336855625 0.0011516989728225856

