3.9 0.04195703069222914 7.414624030278167e-05 0.32080186082008577 0.0010604937861541357 -2210.688039182085 0.22475002497338042 499.99761247878297 0.06199869628754519 0.8684037018547781 0.0024360369224466056
3.95 0.027441840631444222 6.703339509274241e-05 0.1747993378534021 0.0007459930663152876 -2235.971332802964 0.2105658121756221 507.6583179990613 0.06065774594686893 0.5399381898642901 0.0017916221078437297
4 0.015829411529341277 3.736305290487636e-05 0.07499457045762807 0.0003192456248624171 -2261.125322265355 0.241809116324769 513.8051155450918 0.06410034678938402 0.2729711869910498 0.0011654098910152452
4.01 0.014324888390905309 3.415747896164924e-05 0.06320406536784058 0.00027824744999472423 -2266.1809571577373 0.2531747733675168 514.6584654552754 0.06506505918733592 0.24040077479832206 0.001032183963473644
4.02 0.012993569413382672 2.5734400114875793e-05 0.053490174272450376 0.0002183756893223331 -2272.1515714984007 0.2526943325851201 515.6260253361912 0.06657365898107095 0.21134470645422962 0.0008247566963275396
4.03 0.011919768753534957 2.3767750126254607e-05 0.0457633928355306 0.0001792459250815664 -2277.177675286388 0.24280298231148356 516.264318578969 0.06220756012024876 0.1870217514468765 0.0008234160938854096
4.04 0.011026108314350252 2.128217680175007e-05 0.0396506584636039 0.0001560696129190971 -2281.615179726756 0.23384155592827904 516.6705670497436 0.05978764223037353 0.16725231829012724 0.000696177124760513
4.05 0.010152011501030334 6.32780091868764e-05 0.033682955483092095 0.00045076042009222693 -2286.937361122555 0.8204994988650448 517.32068105 0.2033932188973745 0.1487648125 0.00193035408617131
4.06 0.009553301595839005 1.627206256637708e-05 0.030062290661497966 0.00011087419181223421 -2292.5530222324974 0.24769360604670648 517.7967289074666 0.06156148721143098 0.1339910171730145 0.00048024433611805933
4.07 0.00892079357452939 1.517573223635941e-05 0.02616354072158949 0.00010040272348347188 -2297.1688535475873 0.24306407397449922 518.0923946053227 0.06166360884462461 0.12080482007796205 0.0005131657137653838
4.08 0.008415706487067014 1.3145265840152167e-05 0.023109709844165608 7.979727811246147e-05 -2302.8073985751553 0.25241158771464456 518.5978218902436 0.0635789331629283 0.11100497735806976 0.0005211530624027007
4.09 0.00798242756738424 1.3151423968285394e-05 0.02072628738390405 8.075844564361106e-05 -2307.8711264241497 0.2528947063118636 518.9084089926976 0.06172691643498904 0.1013322680160437 0.0004874847438115637
4.1 0.007580282701512951 1.117281266314949e-05 0.01848504776123313 6.447859410260656e-05 -2312.8962610272797 0.26474238913308945 519.213059237805 0.06369830689718176 0.09343983457828091 0.00042431439012362396
4.15 0.0061227100549171255 3.0340117038220055e-05 0.011273070828854674 0.00015073241256665528 -2339.9563390113494 0.9820914570121281 520.86297915 0.23613283806805405 0.06499668125 0.0013805967205572857
4.2 0.005239015289102698 2.374058351452792e-05 0.0077322712960823 0.0001020973083489099 -2365.0864937610713 1.1954400216101053 521.6911522 0.2882138890761649 0.0488988453125 0.0011855533699122753
4.25 0.004594690725309336 1.8496042959360682e-05 0.005395397639525915 6.650886293284053e-05 -2391.220958825 1.3601621430671906 522.6238408 0.31347518325324314 0.035421921875 0.0010544347931867799
4.3 0.004153910123863014 1.4696494187933576e-05 0.004122988969756086 4.7774544512667317e-05 -2418.392297669893 1.4698236141164598 523.6338163 0.3365571061653037 0.0293179 0.0009324538690070338
4.35 0.0037838514002880917 1.4925062851486357e-05 0.003210105204107896 3.9826255586668814e-05 -2444.163346827469 1.3886465862426363 524.2419625 0.3200231470912169 0.0228151421875 0.0009116595434706583
4.4 0.003478207001778132 1.2118576228500902e-05 0.0024955186550003933 2.905693271690682e-05 -2470.9966995565806 1.3651580404090307 525.1425404 0.31030695440377976 0.018406059375 0.0007726306399764243
4.45 0.0032536762166724114 1.1332769002928785e-05 0.002062869573321017 2.4877847983868968e-05 -2496.815962060675 1.3790248086243937 525.7935603 0.30911251635368947 0.0162499921875 0.0008003562913483344
4.5 0.003058132621636429 1.0950192643792679e-05 0.0017397730510662496 2.0450196972266713e-05 -2523.952592234375 1.5781122151029305 526.5493939 0.35237860574155166 0.0136971328125 0.0009014273545781734



