4 0.009152029771951798 3.021473599936167e-05 0.038894437388076616 0.00021753466663693984 -34536.52904124159 1.2455303218246963 7861.886896387055 0.3233568045063973 0.7669405891920819 0.003355297830189355
4.01 0.006048492378497864 2.094113943807664e-05 0.02166837938306534 0.00012054438997398468 -34614.92457998515 1.1693883304185466 7885.730673390864 0.3061050611778365 0.4965437539369368 0.002332906247260337
4.02 0.003124844429928188 1.3755110207548773e-05 0.00821296411991209 5.911921742057112e-05 -34691.68430830236 1.5716770684177495 7907.62575794603 0.40882227326494686 0.2316439643264014 0.0014357953986403275
4.03 0.0017527286242360201 7.29996109686857e-06 0.003098143192690598 2.5650175281461495e-05 -34770.190899464724 1.8516030041169895 7919.560942399142 0.460700742539421 0.1106465852795259 0.0008406087234971178
4.04 0.0012362728114712737 3.866629839509936e-06 0.0015456906530220162 1.0772077668741885e-05 -34848.857417096595 2.4398867674946225 7925.851248350647 0.6133124774503598 0.06702612175062451 0.0004989591750832691
4.05 0.000976519001245209 9.959178885283503e-06 0.0009141587593262992 2.4335035779363227e-05 -34934.826152737 6.783422515047149 7932.6141831 1.6805794677819017 0.04419780078125 0.001212199829348595
4.06 0.0008324669982151053 2.0296805573721697e-06 0.0006124015384223916 4.199040866302956e-06 -35009.5886943117 3.2068735695446433 7934.741607496401 0.7807494453564349 0.034704619089959865 0.00034177574658399905
4.07 0.0007330986407187277 1.8776963213874885e-06 0.00043809040835278396 3.4191847095438813e-06 -35097.4191183147 3.5954853777543954 7940.1771580933555 0.8986783078476197 0.02645547247265671 0.0003034767846534863
4.08 0.0006574214993852424 1.5126350579570201e-06 0.0003215258726211269 2.3132195857479686e-06 -35158.96490535738 4.171023761312082 7939.439993950153 1.0167216547919082 0.02162241886296425 0.0002742891694299866
4.09 0.000601144013548312 1.1494812722427366e-06 0.0002486829218684724 1.530596076169621e-06 -35242.325508840375 3.5817448211150484 7943.473845231108 0.8812881805788867 0.01689059734375883 0.0002255707970527131
4.1 0.000555527405244502 1.0627679182152005e-06 0.0001967075188759089 1.1879682690872326e-06 -35328.0693636436 4.454316285452284 7947.754224302894 1.0762844384178047 0.014122201968194992 0.00020519221692713712
4.15 0.0004204867075275685 2.1869438912830524e-06 8.189228344952574e-05 1.7609775305544516e-06 -35718.323007123436 7.720393658166857 7959.9602772 1.872918967867524 0.006983090625 0.0005704151847612778
4.2 0.0003511268703770899 1.459738681431603e-06 4.6594807884180006e-05 7.564848649346131e-07 -36141.858092763614 7.033076710095335 7977.5227165 1.658352919967616 0.00293788984375 0.0003375411854578143
4.25 0.0003040224424048621 2.0867674188277704e-06 2.8776642315859883e-05 7.147979742022242e-07 -36491.28892926942 11.137386765010108 7975.582466759306 2.501418685956513 0.0028881152357263943 0.0004914890717117042
4.3 0.00027562795635868926 1.1639846671659288e-06 2.1528791103136888e-05 3.28940056309166e-07 -36925.46474518212 4.35009886922384 7997.581978669457 0.9657950870341317 0.001036861787933168 0.0001953062879484909
4.35 0.00024882744180903605 8.965456855076949e-07 1.550523885779595e-05 2.229694042907146e-07 -37335.313620547575 8.242854075582294 8009.779626194495 1.91568136408654 0.002654284347780568 0.0005467386576901887
4.4 0.00022942474459873924 7.528726938471946e-07 1.1881796716074169e-05 1.4776684246617547e-07 -37704.175743043575 6.2285839017204285 8012.4739749 1.421526715119882 0.00050007421875 0.0001805183123164928
4.45 0.00021471269904765363 7.916649592404046e-07 9.708204237833964e-06 1.4328407574295696e-07 -38192.53372210168 9.409673529543163 8039.3864159 2.052336605607228 0.00021902734375 9.985182763722701e-05
4.5 0.00020209668438446267 6.264412114615683e-07 8.056230918621849e-06 8.98145373280709e-08 -38510.227474042185 8.262682160545426 8031.8815 1.9415962455240252 0.0008800859375 0.00024759285181475505





